collected_at,metric_timestamp,metric_name,service,instance,labels,value,network_topology,cluster_nodes,load_rps
2026-07-24T22:00:34.609954+00:00,2026-07-24T22:00:34.615000+00:00,process_cpu_usage,customers-service,10.42.0.186:8080,"{'__name__': 'process_cpu_usage', 'instance': '10.42.0.186:8080', 'job': 'spring-petclinic'}",0.00042222597534200305,same_network,3,300
2026-07-24T22:00:34.609954+00:00,2026-07-24T22:00:34.615000+00:00,process_cpu_usage,api-gateway,10.42.0.187:8080,"{'__name__': 'process_cpu_usage', 'instance': '10.42.0.187:8080', 'job': 'spring-petclinic'}",0.0009278785322648671,same_network,3,300
2026-07-24T22:00:34.609954+00:00,2026-07-24T22:00:34.615000+00:00,process_cpu_usage,visits-service,10.42.1.122:8080,"{'__name__': 'process_cpu_usage', 'instance': '10.42.1.122:8080', 'job': 'spring-petclinic'}",0.00024013447530617146,same_network,3,300
2026-07-24T22:00:34.609954+00:00,2026-07-24T22:00:34.615000+00:00,process_cpu_usage,vets-service,10.42.1.123:8080,"{'__name__': 'process_cpu_usage', 'instance': '10.42.1.123:8080', 'job': 'spring-petclinic'}",0.0003186235462800701,same_network,3,300
2026-07-24T22:00:34.609954+00:00,2026-07-24T22:00:34.615000+00:00,process_cpu_usage,vets-service,10.42.1.124:8080,"{'__name__': 'process_cpu_usage', 'instance': '10.42.1.124:8080', 'job': 'spring-petclinic'}",0.0004747586643456243,same_network,3,300
2026-07-24T22:00:34.609954+00:00,2026-07-24T22:00:34.615000+00:00,process_cpu_usage,visits-service,10.42.1.125:8080,"{'__name__': 'process_cpu_usage', 'instance': '10.42.1.125:8080', 'job': 'spring-petclinic'}",0.0002403846153846154,same_network,3,300
2026-07-24T22:00:34.609954+00:00,2026-07-24T22:00:34.615000+00:00,process_cpu_usage,customers-service,10.42.1.126:8080,"{'__name__': 'process_cpu_usage', 'instance': '10.42.1.126:8080', 'job': 'spring-petclinic'}",0.00031819266565905654,same_network,3,300
2026-07-24T22:00:34.609954+00:00,2026-07-24T22:00:34.615000+00:00,process_cpu_usage,api-gateway,10.42.1.129:8080,"{'__name__': 'process_cpu_usage', 'instance': '10.42.1.129:8080', 'job': 'spring-petclinic'}",0.0015890672175433022,same_network,3,300
2026-07-24T22:00:34.609954+00:00,2026-07-24T22:00:34.618000+00:00,system_cpu_usage,customers-service,10.42.0.186:8080,"{'__name__': 'system_cpu_usage', 'instance': '10.42.0.186:8080', 'job': 'spring-petclinic'}",0.0004169312616112143,same_network,3,300
2026-07-24T22:00:34.609954+00:00,2026-07-24T22:00:34.618000+00:00,system_cpu_usage,api-gateway,10.42.0.187:8080,"{'__name__': 'system_cpu_usage', 'instance': '10.42.0.187:8080', 'job': 'spring-petclinic'}",0.0009605314213412062,same_network,3,300
2026-07-24T22:00:34.609954+00:00,2026-07-24T22:00:34.618000+00:00,system_cpu_usage,visits-service,10.42.1.122:8080,"{'__name__': 'system_cpu_usage', 'instance': '10.42.1.122:8080', 'job': 'spring-petclinic'}",0.00030717361722564635,same_network,3,300
2026-07-24T22:00:34.609954+00:00,2026-07-24T22:00:34.618000+00:00,system_cpu_usage,vets-service,10.42.1.123:8080,"{'__name__': 'system_cpu_usage', 'instance': '10.42.1.123:8080', 'job': 'spring-petclinic'}",0.00031725961921453036,same_network,3,300
2026-07-24T22:00:34.609954+00:00,2026-07-24T22:00:34.618000+00:00,system_cpu_usage,vets-service,10.42.1.124:8080,"{'__name__': 'system_cpu_usage', 'instance': '10.42.1.124:8080', 'job': 'spring-petclinic'}",0.0006833423009969931,same_network,3,300
2026-07-24T22:00:34.609954+00:00,2026-07-24T22:00:34.618000+00:00,system_cpu_usage,visits-service,10.42.1.125:8080,"{'__name__': 'system_cpu_usage', 'instance': '10.42.1.125:8080', 'job': 'spring-petclinic'}",0.0003195729166666667,same_network,3,300
2026-07-24T22:00:34.609954+00:00,2026-07-24T22:00:34.618000+00:00,system_cpu_usage,customers-service,10.42.1.126:8080,"{'__name__': 'system_cpu_usage', 'instance': '10.42.1.126:8080', 'job': 'spring-petclinic'}",0.00031982020684168653,same_network,3,300
2026-07-24T22:00:34.609954+00:00,2026-07-24T22:00:34.618000+00:00,system_cpu_usage,api-gateway,10.42.1.129:8080,"{'__name__': 'system_cpu_usage', 'instance': '10.42.1.129:8080', 'job': 'spring-petclinic'}",0.0015629852999602702,same_network,3,300
2026-07-24T22:00:34.609954+00:00,2026-07-24T22:00:34.620000+00:00,process_uptime_seconds,customers-service,10.42.0.186:8080,"{'__name__': 'process_uptime_seconds', 'instance': '10.42.0.186:8080', 'job': 'spring-petclinic'}",12823.163,same_network,3,300
2026-07-24T22:00:34.609954+00:00,2026-07-24T22:00:34.620000+00:00,process_uptime_seconds,api-gateway,10.42.0.187:8080,"{'__name__': 'process_uptime_seconds', 'instance': '10.42.0.187:8080', 'job': 'spring-petclinic'}",12834.051,same_network,3,300
2026-07-24T22:00:34.609954+00:00,2026-07-24T22:00:34.620000+00:00,process_uptime_seconds,visits-service,10.42.1.122:8080,"{'__name__': 'process_uptime_seconds', 'instance': '10.42.1.122:8080', 'job': 'spring-petclinic'}",16984.223,same_network,3,300
2026-07-24T22:00:34.609954+00:00,2026-07-24T22:00:34.620000+00:00,process_uptime_seconds,vets-service,10.42.1.123:8080,"{'__name__': 'process_uptime_seconds', 'instance': '10.42.1.123:8080', 'job': 'spring-petclinic'}",16985.504,same_network,3,300
2026-07-24T22:00:34.609954+00:00,2026-07-24T22:00:34.620000+00:00,process_uptime_seconds,vets-service,10.42.1.124:8080,"{'__name__': 'process_uptime_seconds', 'instance': '10.42.1.124:8080', 'job': 'spring-petclinic'}",16868.786,same_network,3,300
2026-07-24T22:00:34.609954+00:00,2026-07-24T22:00:34.620000+00:00,process_uptime_seconds,visits-service,10.42.1.125:8080,"{'__name__': 'process_uptime_seconds', 'instance': '10.42.1.125:8080', 'job': 'spring-petclinic'}",16843.582,same_network,3,300
2026-07-24T22:00:34.609954+00:00,2026-07-24T22:00:34.620000+00:00,process_uptime_seconds,customers-service,10.42.1.126:8080,"{'__name__': 'process_uptime_seconds', 'instance': '10.42.1.126:8080', 'job': 'spring-petclinic'}",16786.972,same_network,3,300
2026-07-24T22:00:34.609954+00:00,2026-07-24T22:00:34.620000+00:00,process_uptime_seconds,api-gateway,10.42.1.129:8080,"{'__name__': 'process_uptime_seconds', 'instance': '10.42.1.129:8080', 'job': 'spring-petclinic'}",100.66,same_network,3,300
2026-07-24T22:00:34.609954+00:00,2026-07-24T22:00:34.623000+00:00,system_load_average_1m,customers-service,10.42.0.186:8080,"{'__name__': 'system_load_average_1m', 'instance': '10.42.0.186:8080', 'job': 'spring-petclinic'}",2.271484375,same_network,3,300
2026-07-24T22:00:34.609954+00:00,2026-07-24T22:00:34.623000+00:00,system_load_average_1m,api-gateway,10.42.0.187:8080,"{'__name__': 'system_load_average_1m', 'instance': '10.42.0.187:8080', 'job': 'spring-petclinic'}",1.9951171875,same_network,3,300
2026-07-24T22:00:34.609954+00:00,2026-07-24T22:00:34.623000+00:00,system_load_average_1m,visits-service,10.42.1.122:8080,"{'__name__': 'system_load_average_1m', 'instance': '10.42.1.122:8080', 'job': 'spring-petclinic'}",1.83984375,same_network,3,300
2026-07-24T22:00:34.609954+00:00,2026-07-24T22:00:34.623000+00:00,system_load_average_1m,vets-service,10.42.1.123:8080,"{'__name__': 'system_load_average_1m', 'instance': '10.42.1.123:8080', 'job': 'spring-petclinic'}",1.6923828125,same_network,3,300
2026-07-24T22:00:34.609954+00:00,2026-07-24T22:00:34.623000+00:00,system_load_average_1m,vets-service,10.42.1.124:8080,"{'__name__': 'system_load_average_1m', 'instance': '10.42.1.124:8080', 'job': 'spring-petclinic'}",1.431640625,same_network,3,300
2026-07-24T22:00:34.609954+00:00,2026-07-24T22:00:34.623000+00:00,system_load_average_1m,visits-service,10.42.1.125:8080,"{'__name__': 'system_load_average_1m', 'instance': '10.42.1.125:8080', 'job': 'spring-petclinic'}",1.83984375,same_network,3,300
2026-07-24T22:00:34.609954+00:00,2026-07-24T22:00:34.623000+00:00,system_load_average_1m,customers-service,10.42.1.126:8080,"{'__name__': 'system_load_average_1m', 'instance': '10.42.1.126:8080', 'job': 'spring-petclinic'}",1.83984375,same_network,3,300
2026-07-24T22:00:34.609954+00:00,2026-07-24T22:00:34.623000+00:00,system_load_average_1m,api-gateway,10.42.1.129:8080,"{'__name__': 'system_load_average_1m', 'instance': '10.42.1.129:8080', 'job': 'spring-petclinic'}",1.556640625,same_network,3,300
2026-07-24T22:00:34.609954+00:00,2026-07-24T22:00:34.625000+00:00,jvm_memory_used_bytes,api-gateway,10.42.0.187:8080,"{'__name__': 'jvm_memory_used_bytes', 'area': 'heap', 'id': 'Eden Space', 'instance': '10.42.0.187:8080', 'job': 'spring-petclinic'}",46508816,same_network,3,300
2026-07-24T22:00:34.609954+00:00,2026-07-24T22:00:34.625000+00:00,jvm_memory_used_bytes,api-gateway,10.42.1.129:8080,"{'__name__': 'jvm_memory_used_bytes', 'area': 'heap', 'id': 'Eden Space', 'instance': '10.42.1.129:8080', 'job': 'spring-petclinic'}",25809240,same_network,3,300
2026-07-24T22:00:34.609954+00:00,2026-07-24T22:00:34.625000+00:00,jvm_memory_used_bytes,customers-service,10.42.0.186:8080,"{'__name__': 'jvm_memory_used_bytes', 'area': 'heap', 'id': 'G1 Eden Space', 'instance': '10.42.0.186:8080', 'job': 'spring-petclinic'}",138412032,same_network,3,300
2026-07-24T22:00:34.609954+00:00,2026-07-24T22:00:34.625000+00:00,jvm_memory_used_bytes,visits-service,10.42.1.122:8080,"{'__name__': 'jvm_memory_used_bytes', 'area': 'heap', 'id': 'G1 Eden Space', 'instance': '10.42.1.122:8080', 'job': 'spring-petclinic'}",92274688,same_network,3,300
2026-07-24T22:00:34.609954+00:00,2026-07-24T22:00:34.625000+00:00,jvm_memory_used_bytes,vets-service,10.42.1.123:8080,"{'__name__': 'jvm_memory_used_bytes', 'area': 'heap', 'id': 'G1 Eden Space', 'instance': '10.42.1.123:8080', 'job': 'spring-petclinic'}",159383552,same_network,3,300
2026-07-24T22:00:34.609954+00:00,2026-07-24T22:00:34.625000+00:00,jvm_memory_used_bytes,vets-service,10.42.1.124:8080,"{'__name__': 'jvm_memory_used_bytes', 'area': 'heap', 'id': 'G1 Eden Space', 'instance': '10.42.1.124:8080', 'job': 'spring-petclinic'}",50331648,same_network,3,300
2026-07-24T22:00:34.609954+00:00,2026-07-24T22:00:34.625000+00:00,jvm_memory_used_bytes,visits-service,10.42.1.125:8080,"{'__name__': 'jvm_memory_used_bytes', 'area': 'heap', 'id': 'G1 Eden Space', 'instance': '10.42.1.125:8080', 'job': 'spring-petclinic'}",88080384,same_network,3,300
2026-07-24T22:00:34.609954+00:00,2026-07-24T22:00:34.625000+00:00,jvm_memory_used_bytes,customers-service,10.42.1.126:8080,"{'__name__': 'jvm_memory_used_bytes', 'area': 'heap', 'id': 'G1 Eden Space', 'instance': '10.42.1.126:8080', 'job': 'spring-petclinic'}",8388608,same_network,3,300
2026-07-24T22:00:34.609954+00:00,2026-07-24T22:00:34.625000+00:00,jvm_memory_used_bytes,customers-service,10.42.0.186:8080,"{'__name__': 'jvm_memory_used_bytes', 'area': 'heap', 'id': 'G1 Old Gen', 'instance': '10.42.0.186:8080', 'job': 'spring-petclinic'}",166046208,same_network,3,300
2026-07-24T22:00:34.609954+00:00,2026-07-24T22:00:34.625000+00:00,jvm_memory_used_bytes,visits-service,10.42.1.122:8080,"{'__name__': 'jvm_memory_used_bytes', 'area': 'heap', 'id': 'G1 Old Gen', 'instance': '10.42.1.122:8080', 'job': 'spring-petclinic'}",70220288,same_network,3,300
2026-07-24T22:00:34.609954+00:00,2026-07-24T22:00:34.625000+00:00,jvm_memory_used_bytes,vets-service,10.42.1.123:8080,"{'__name__': 'jvm_memory_used_bytes', 'area': 'heap', 'id': 'G1 Old Gen', 'instance': '10.42.1.123:8080', 'job': 'spring-petclinic'}",95329280,same_network,3,300
2026-07-24T22:00:34.609954+00:00,2026-07-24T22:00:34.625000+00:00,jvm_memory_used_bytes,vets-service,10.42.1.124:8080,"{'__name__': 'jvm_memory_used_bytes', 'area': 'heap', 'id': 'G1 Old Gen', 'instance': '10.42.1.124:8080', 'job': 'spring-petclinic'}",115460096,same_network,3,300
2026-07-24T22:00:34.609954+00:00,2026-07-24T22:00:34.625000+00:00,jvm_memory_used_bytes,visits-service,10.42.1.125:8080,"{'__name__': 'jvm_memory_used_bytes', 'area': 'heap', 'id': 'G1 Old Gen', 'instance': '10.42.1.125:8080', 'job': 'spring-petclinic'}",86797824,same_network,3,300
2026-07-24T22:00:34.609954+00:00,2026-07-24T22:00:34.625000+00:00,jvm_memory_used_bytes,customers-service,10.42.1.126:8080,"{'__name__': 'jvm_memory_used_bytes', 'area': 'heap', 'id': 'G1 Old Gen', 'instance': '10.42.1.126:8080', 'job': 'spring-petclinic'}",114711552,same_network,3,300
2026-07-24T22:00:34.609954+00:00,2026-07-24T22:00:34.625000+00:00,jvm_memory_used_bytes,customers-service,10.42.0.186:8080,"{'__name__': 'jvm_memory_used_bytes', 'area': 'heap', 'id': 'G1 Survivor Space', 'instance': '10.42.0.186:8080', 'job': 'spring-petclinic'}",11680312,same_network,3,300
2026-07-24T22:00:34.609954+00:00,2026-07-24T22:00:34.625000+00:00,jvm_memory_used_bytes,visits-service,10.42.1.122:8080,"{'__name__': 'jvm_memory_used_bytes', 'area': 'heap', 'id': 'G1 Survivor Space', 'instance': '10.42.1.122:8080', 'job': 'spring-petclinic'}",13539888,same_network,3,300
2026-07-24T22:00:34.609954+00:00,2026-07-24T22:00:34.625000+00:00,jvm_memory_used_bytes,vets-service,10.42.1.123:8080,"{'__name__': 'jvm_memory_used_bytes', 'area': 'heap', 'id': 'G1 Survivor Space', 'instance': '10.42.1.123:8080', 'job': 'spring-petclinic'}",8330128,same_network,3,300
2026-07-24T22:00:34.609954+00:00,2026-07-24T22:00:34.625000+00:00,jvm_memory_used_bytes,vets-service,10.42.1.124:8080,"{'__name__': 'jvm_memory_used_bytes', 'area': 'heap', 'id': 'G1 Survivor Space', 'instance': '10.42.1.124:8080', 'job': 'spring-petclinic'}",8315520,same_network,3,300
2026-07-24T22:00:34.609954+00:00,2026-07-24T22:00:34.625000+00:00,jvm_memory_used_bytes,visits-service,10.42.1.125:8080,"{'__name__': 'jvm_memory_used_bytes', 'area': 'heap', 'id': 'G1 Survivor Space', 'instance': '10.42.1.125:8080', 'job': 'spring-petclinic'}",7437528,same_network,3,300
2026-07-24T22:00:34.609954+00:00,2026-07-24T22:00:34.625000+00:00,jvm_memory_used_bytes,customers-service,10.42.1.126:8080,"{'__name__': 'jvm_memory_used_bytes', 'area': 'heap', 'id': 'G1 Survivor Space', 'instance': '10.42.1.126:8080', 'job': 'spring-petclinic'}",10813888,same_network,3,300
2026-07-24T22:00:34.609954+00:00,2026-07-24T22:00:34.625000+00:00,jvm_memory_used_bytes,api-gateway,10.42.0.187:8080,"{'__name__': 'jvm_memory_used_bytes', 'area': 'heap', 'id': 'Survivor Space', 'instance': '10.42.0.187:8080', 'job': 'spring-petclinic'}",4508680,same_network,3,300
2026-07-24T22:00:34.609954+00:00,2026-07-24T22:00:34.625000+00:00,jvm_memory_used_bytes,api-gateway,10.42.1.129:8080,"{'__name__': 'jvm_memory_used_bytes', 'area': 'heap', 'id': 'Survivor Space', 'instance': '10.42.1.129:8080', 'job': 'spring-petclinic'}",2652152,same_network,3,300
2026-07-24T22:00:34.609954+00:00,2026-07-24T22:00:34.625000+00:00,jvm_memory_used_bytes,api-gateway,10.42.0.187:8080,"{'__name__': 'jvm_memory_used_bytes', 'area': 'heap', 'id': 'Tenured Gen', 'instance': '10.42.0.187:8080', 'job': 'spring-petclinic'}",133485584,same_network,3,300
2026-07-24T22:00:34.609954+00:00,2026-07-24T22:00:34.625000+00:00,jvm_memory_used_bytes,api-gateway,10.42.1.129:8080,"{'__name__': 'jvm_memory_used_bytes', 'area': 'heap', 'id': 'Tenured Gen', 'instance': '10.42.1.129:8080', 'job': 'spring-petclinic'}",67516496,same_network,3,300
2026-07-24T22:00:34.609954+00:00,2026-07-24T22:00:34.625000+00:00,jvm_memory_used_bytes,customers-service,10.42.0.186:8080,"{'__name__': 'jvm_memory_used_bytes', 'area': 'nonheap', 'id': ""CodeHeap 'non-nmethods'"", 'instance': '10.42.0.186:8080', 'job': 'spring-petclinic'}",1417344,same_network,3,300
2026-07-24T22:00:34.609954+00:00,2026-07-24T22:00:34.625000+00:00,jvm_memory_used_bytes,api-gateway,10.42.0.187:8080,"{'__name__': 'jvm_memory_used_bytes', 'area': 'nonheap', 'id': ""CodeHeap 'non-nmethods'"", 'instance': '10.42.0.187:8080', 'job': 'spring-petclinic'}",1391744,same_network,3,300
2026-07-24T22:00:34.609954+00:00,2026-07-24T22:00:34.625000+00:00,jvm_memory_used_bytes,visits-service,10.42.1.122:8080,"{'__name__': 'jvm_memory_used_bytes', 'area': 'nonheap', 'id': ""CodeHeap 'non-nmethods'"", 'instance': '10.42.1.122:8080', 'job': 'spring-petclinic'}",1408384,same_network,3,300
2026-07-24T22:00:34.609954+00:00,2026-07-24T22:00:34.625000+00:00,jvm_memory_used_bytes,vets-service,10.42.1.123:8080,"{'__name__': 'jvm_memory_used_bytes', 'area': 'nonheap', 'id': ""CodeHeap 'non-nmethods'"", 'instance': '10.42.1.123:8080', 'job': 'spring-petclinic'}",1421312,same_network,3,300
2026-07-24T22:00:34.609954+00:00,2026-07-24T22:00:34.625000+00:00,jvm_memory_used_bytes,vets-service,10.42.1.124:8080,"{'__name__': 'jvm_memory_used_bytes', 'area': 'nonheap', 'id': ""CodeHeap 'non-nmethods'"", 'instance': '10.42.1.124:8080', 'job': 'spring-petclinic'}",1421184,same_network,3,300
2026-07-24T22:00:34.609954+00:00,2026-07-24T22:00:34.625000+00:00,jvm_memory_used_bytes,visits-service,10.42.1.125:8080,"{'__name__': 'jvm_memory_used_bytes', 'area': 'nonheap', 'id': ""CodeHeap 'non-nmethods'"", 'instance': '10.42.1.125:8080', 'job': 'spring-petclinic'}",1406592,same_network,3,300
2026-07-24T22:00:34.609954+00:00,2026-07-24T22:00:34.625000+00:00,jvm_memory_used_bytes,customers-service,10.42.1.126:8080,"{'__name__': 'jvm_memory_used_bytes', 'area': 'nonheap', 'id': ""CodeHeap 'non-nmethods'"", 'instance': '10.42.1.126:8080', 'job': 'spring-petclinic'}",1419136,same_network,3,300
2026-07-24T22:00:34.609954+00:00,2026-07-24T22:00:34.625000+00:00,jvm_memory_used_bytes,api-gateway,10.42.1.129:8080,"{'__name__': 'jvm_memory_used_bytes', 'area': 'nonheap', 'id': ""CodeHeap 'non-nmethods'"", 'instance': '10.42.1.129:8080', 'job': 'spring-petclinic'}",1378048,same_network,3,300
2026-07-24T22:00:34.609954+00:00,2026-07-24T22:00:34.625000+00:00,jvm_memory_used_bytes,customers-service,10.42.0.186:8080,"{'__name__': 'jvm_memory_used_bytes', 'area': 'nonheap', 'id': ""CodeHeap 'non-profiled nmethods'"", 'instance': '10.42.0.186:8080', 'job': 'spring-petclinic'}",20666880,same_network,3,300
2026-07-24T22:00:34.609954+00:00,2026-07-24T22:00:34.625000+00:00,jvm_memory_used_bytes,api-gateway,10.42.0.187:8080,"{'__name__': 'jvm_memory_used_bytes', 'area': 'nonheap', 'id': ""CodeHeap 'non-profiled nmethods'"", 'instance': '10.42.0.187:8080', 'job': 'spring-petclinic'}",18124544,same_network,3,300
2026-07-24T22:00:34.609954+00:00,2026-07-24T22:00:34.625000+00:00,jvm_memory_used_bytes,visits-service,10.42.1.122:8080,"{'__name__': 'jvm_memory_used_bytes', 'area': 'nonheap', 'id': ""CodeHeap 'non-profiled nmethods'"", 'instance': '10.42.1.122:8080', 'job': 'spring-petclinic'}",17419776,same_network,3,300
2026-07-24T22:00:34.609954+00:00,2026-07-24T22:00:34.625000+00:00,jvm_memory_used_bytes,vets-service,10.42.1.123:8080,"{'__name__': 'jvm_memory_used_bytes', 'area': 'nonheap', 'id': ""CodeHeap 'non-profiled nmethods'"", 'instance': '10.42.1.123:8080', 'job': 'spring-petclinic'}",18892928,same_network,3,300
2026-07-24T22:00:34.609954+00:00,2026-07-24T22:00:34.625000+00:00,jvm_memory_used_bytes,vets-service,10.42.1.124:8080,"{'__name__': 'jvm_memory_used_bytes', 'area': 'nonheap', 'id': ""CodeHeap 'non-profiled nmethods'"", 'instance': '10.42.1.124:8080', 'job': 'spring-petclinic'}",19814144,same_network,3,300
2026-07-24T22:00:34.609954+00:00,2026-07-24T22:00:34.625000+00:00,jvm_memory_used_bytes,visits-service,10.42.1.125:8080,"{'__name__': 'jvm_memory_used_bytes', 'area': 'nonheap', 'id': ""CodeHeap 'non-profiled nmethods'"", 'instance': '10.42.1.125:8080', 'job': 'spring-petclinic'}",16952192,same_network,3,300
2026-07-24T22:00:34.609954+00:00,2026-07-24T22:00:34.625000+00:00,jvm_memory_used_bytes,customers-service,10.42.1.126:8080,"{'__name__': 'jvm_memory_used_bytes', 'area': 'nonheap', 'id': ""CodeHeap 'non-profiled nmethods'"", 'instance': '10.42.1.126:8080', 'job': 'spring-petclinic'}",20615552,same_network,3,300
2026-07-24T22:00:34.609954+00:00,2026-07-24T22:00:34.625000+00:00,jvm_memory_used_bytes,api-gateway,10.42.1.129:8080,"{'__name__': 'jvm_memory_used_bytes', 'area': 'nonheap', 'id': ""CodeHeap 'non-profiled nmethods'"", 'instance': '10.42.1.129:8080', 'job': 'spring-petclinic'}",5888640,same_network,3,300
2026-07-24T22:00:34.609954+00:00,2026-07-24T22:00:34.625000+00:00,jvm_memory_used_bytes,customers-service,10.42.0.186:8080,"{'__name__': 'jvm_memory_used_bytes', 'area': 'nonheap', 'id': ""CodeHeap 'profiled nmethods'"", 'instance': '10.42.0.186:8080', 'job': 'spring-petclinic'}",22867840,same_network,3,300
2026-07-24T22:00:34.609954+00:00,2026-07-24T22:00:34.625000+00:00,jvm_memory_used_bytes,api-gateway,10.42.0.187:8080,"{'__name__': 'jvm_memory_used_bytes', 'area': 'nonheap', 'id': ""CodeHeap 'profiled nmethods'"", 'instance': '10.42.0.187:8080', 'job': 'spring-petclinic'}",23360000,same_network,3,300
2026-07-24T22:00:34.609954+00:00,2026-07-24T22:00:34.625000+00:00,jvm_memory_used_bytes,visits-service,10.42.1.122:8080,"{'__name__': 'jvm_memory_used_bytes', 'area': 'nonheap', 'id': ""CodeHeap 'profiled nmethods'"", 'instance': '10.42.1.122:8080', 'job': 'spring-petclinic'}",22143872,same_network,3,300
2026-07-24T22:00:34.609954+00:00,2026-07-24T22:00:34.625000+00:00,jvm_memory_used_bytes,vets-service,10.42.1.123:8080,"{'__name__': 'jvm_memory_used_bytes', 'area': 'nonheap', 'id': ""CodeHeap 'profiled nmethods'"", 'instance': '10.42.1.123:8080', 'job': 'spring-petclinic'}",23994752,same_network,3,300
2026-07-24T22:00:34.609954+00:00,2026-07-24T22:00:34.625000+00:00,jvm_memory_used_bytes,vets-service,10.42.1.124:8080,"{'__name__': 'jvm_memory_used_bytes', 'area': 'nonheap', 'id': ""CodeHeap 'profiled nmethods'"", 'instance': '10.42.1.124:8080', 'job': 'spring-petclinic'}",23818880,same_network,3,300
2026-07-24T22:00:34.609954+00:00,2026-07-24T22:00:34.625000+00:00,jvm_memory_used_bytes,visits-service,10.42.1.125:8080,"{'__name__': 'jvm_memory_used_bytes', 'area': 'nonheap', 'id': ""CodeHeap 'profiled nmethods'"", 'instance': '10.42.1.125:8080', 'job': 'spring-petclinic'}",21579008,same_network,3,300
2026-07-24T22:00:34.609954+00:00,2026-07-24T22:00:34.625000+00:00,jvm_memory_used_bytes,customers-service,10.42.1.126:8080,"{'__name__': 'jvm_memory_used_bytes', 'area': 'nonheap', 'id': ""CodeHeap 'profiled nmethods'"", 'instance': '10.42.1.126:8080', 'job': 'spring-petclinic'}",25171840,same_network,3,300
2026-07-24T22:00:34.609954+00:00,2026-07-24T22:00:34.625000+00:00,jvm_memory_used_bytes,api-gateway,10.42.1.129:8080,"{'__name__': 'jvm_memory_used_bytes', 'area': 'nonheap', 'id': ""CodeHeap 'profiled nmethods'"", 'instance': '10.42.1.129:8080', 'job': 'spring-petclinic'}",13780480,same_network,3,300
2026-07-24T22:00:34.609954+00:00,2026-07-24T22:00:34.625000+00:00,jvm_memory_used_bytes,customers-service,10.42.0.186:8080,"{'__name__': 'jvm_memory_used_bytes', 'area': 'nonheap', 'id': 'Compressed Class Space', 'instance': '10.42.0.186:8080', 'job': 'spring-petclinic'}",11546560,same_network,3,300
2026-07-24T22:00:34.609954+00:00,2026-07-24T22:00:34.625000+00:00,jvm_memory_used_bytes,api-gateway,10.42.0.187:8080,"{'__name__': 'jvm_memory_used_bytes', 'area': 'nonheap', 'id': 'Compressed Class Space', 'instance': '10.42.0.187:8080', 'job': 'spring-petclinic'}",9088144,same_network,3,300
2026-07-24T22:00:34.609954+00:00,2026-07-24T22:00:34.625000+00:00,jvm_memory_used_bytes,visits-service,10.42.1.122:8080,"{'__name__': 'jvm_memory_used_bytes', 'area': 'nonheap', 'id': 'Compressed Class Space', 'instance': '10.42.1.122:8080', 'job': 'spring-petclinic'}",11336592,same_network,3,300
2026-07-24T22:00:34.609954+00:00,2026-07-24T22:00:34.625000+00:00,jvm_memory_used_bytes,vets-service,10.42.1.123:8080,"{'__name__': 'jvm_memory_used_bytes', 'area': 'nonheap', 'id': 'Compressed Class Space', 'instance': '10.42.1.123:8080', 'job': 'spring-petclinic'}",11433560,same_network,3,300
2026-07-24T22:00:34.609954+00:00,2026-07-24T22:00:34.625000+00:00,jvm_memory_used_bytes,vets-service,10.42.1.124:8080,"{'__name__': 'jvm_memory_used_bytes', 'area': 'nonheap', 'id': 'Compressed Class Space', 'instance': '10.42.1.124:8080', 'job': 'spring-petclinic'}",11416720,same_network,3,300
2026-07-24T22:00:34.609954+00:00,2026-07-24T22:00:34.625000+00:00,jvm_memory_used_bytes,visits-service,10.42.1.125:8080,"{'__name__': 'jvm_memory_used_bytes', 'area': 'nonheap', 'id': 'Compressed Class Space', 'instance': '10.42.1.125:8080', 'job': 'spring-petclinic'}",11356112,same_network,3,300
2026-07-24T22:00:34.609954+00:00,2026-07-24T22:00:34.625000+00:00,jvm_memory_used_bytes,customers-service,10.42.1.126:8080,"{'__name__': 'jvm_memory_used_bytes', 'area': 'nonheap', 'id': 'Compressed Class Space', 'instance': '10.42.1.126:8080', 'job': 'spring-petclinic'}",11512648,same_network,3,300
2026-07-24T22:00:34.609954+00:00,2026-07-24T22:00:34.625000+00:00,jvm_memory_used_bytes,api-gateway,10.42.1.129:8080,"{'__name__': 'jvm_memory_used_bytes', 'area': 'nonheap', 'id': 'Compressed Class Space', 'instance': '10.42.1.129:8080', 'job': 'spring-petclinic'}",8673384,same_network,3,300
2026-07-24T22:00:34.609954+00:00,2026-07-24T22:00:34.625000+00:00,jvm_memory_used_bytes,customers-service,10.42.0.186:8080,"{'__name__': 'jvm_memory_used_bytes', 'area': 'nonheap', 'id': 'Metaspace', 'instance': '10.42.0.186:8080', 'job': 'spring-petclinic'}",90941032,same_network,3,300
2026-07-24T22:00:34.609954+00:00,2026-07-24T22:00:34.625000+00:00,jvm_memory_used_bytes,api-gateway,10.42.0.187:8080,"{'__name__': 'jvm_memory_used_bytes', 'area': 'nonheap', 'id': 'Metaspace', 'instance': '10.42.0.187:8080', 'job': 'spring-petclinic'}",73691528,same_network,3,300
2026-07-24T22:00:34.609954+00:00,2026-07-24T22:00:34.625000+00:00,jvm_memory_used_bytes,visits-service,10.42.1.122:8080,"{'__name__': 'jvm_memory_used_bytes', 'area': 'nonheap', 'id': 'Metaspace', 'instance': '10.42.1.122:8080', 'job': 'spring-petclinic'}",89006304,same_network,3,300
2026-07-24T22:00:34.609954+00:00,2026-07-24T22:00:34.625000+00:00,jvm_memory_used_bytes,vets-service,10.42.1.123:8080,"{'__name__': 'jvm_memory_used_bytes', 'area': 'nonheap', 'id': 'Metaspace', 'instance': '10.42.1.123:8080', 'job': 'spring-petclinic'}",90112160,same_network,3,300
2026-07-24T22:00:34.609954+00:00,2026-07-24T22:00:34.625000+00:00,jvm_memory_used_bytes,vets-service,10.42.1.124:8080,"{'__name__': 'jvm_memory_used_bytes', 'area': 'nonheap', 'id': 'Metaspace', 'instance': '10.42.1.124:8080', 'job': 'spring-petclinic'}",90296616,same_network,3,300
2026-07-24T22:00:34.609954+00:00,2026-07-24T22:00:34.625000+00:00,jvm_memory_used_bytes,visits-service,10.42.1.125:8080,"{'__name__': 'jvm_memory_used_bytes', 'area': 'nonheap', 'id': 'Metaspace', 'instance': '10.42.1.125:8080', 'job': 'spring-petclinic'}",89072784,same_network,3,300
2026-07-24T22:00:34.609954+00:00,2026-07-24T22:00:34.625000+00:00,jvm_memory_used_bytes,customers-service,10.42.1.126:8080,"{'__name__': 'jvm_memory_used_bytes', 'area': 'nonheap', 'id': 'Metaspace', 'instance': '10.42.1.126:8080', 'job': 'spring-petclinic'}",90805240,same_network,3,300
2026-07-24T22:00:34.609954+00:00,2026-07-24T22:00:34.625000+00:00,jvm_memory_used_bytes,api-gateway,10.42.1.129:8080,"{'__name__': 'jvm_memory_used_bytes', 'area': 'nonheap', 'id': 'Metaspace', 'instance': '10.42.1.129:8080', 'job': 'spring-petclinic'}",66193272,same_network,3,300
2026-07-24T22:00:34.609954+00:00,2026-07-24T22:00:34.633000+00:00,jvm_memory_committed_bytes,api-gateway,10.42.0.187:8080,"{'__name__': 'jvm_memory_committed_bytes', 'area': 'heap', 'id': 'Eden Space', 'instance': '10.42.0.187:8080', 'job': 'spring-petclinic'}",71630848,same_network,3,300
2026-07-24T22:00:34.609954+00:00,2026-07-24T22:00:34.633000+00:00,jvm_memory_committed_bytes,api-gateway,10.42.1.129:8080,"{'__name__': 'jvm_memory_committed_bytes', 'area': 'heap', 'id': 'Eden Space', 'instance': '10.42.1.129:8080', 'job': 'spring-petclinic'}",35520512,same_network,3,300
2026-07-24T22:00:34.609954+00:00,2026-07-24T22:00:34.633000+00:00,jvm_memory_committed_bytes,customers-service,10.42.0.186:8080,"{'__name__': 'jvm_memory_committed_bytes', 'area': 'heap', 'id': 'G1 Eden Space', 'instance': '10.42.0.186:8080', 'job': 'spring-petclinic'}",226492416,same_network,3,300
2026-07-24T22:00:34.609954+00:00,2026-07-24T22:00:34.633000+00:00,jvm_memory_committed_bytes,visits-service,10.42.1.122:8080,"{'__name__': 'jvm_memory_committed_bytes', 'area': 'heap', 'id': 'G1 Eden Space', 'instance': '10.42.1.122:8080', 'job': 'spring-petclinic'}",230686720,same_network,3,300
2026-07-24T22:00:34.609954+00:00,2026-07-24T22:00:34.633000+00:00,jvm_memory_committed_bytes,vets-service,10.42.1.123:8080,"{'__name__': 'jvm_memory_committed_bytes', 'area': 'heap', 'id': 'G1 Eden Space', 'instance': '10.42.1.123:8080', 'job': 'spring-petclinic'}",293601280,same_network,3,300
2026-07-24T22:00:34.609954+00:00,2026-07-24T22:00:34.633000+00:00,jvm_memory_committed_bytes,vets-service,10.42.1.124:8080,"{'__name__': 'jvm_memory_committed_bytes', 'area': 'heap', 'id': 'G1 Eden Space', 'instance': '10.42.1.124:8080', 'job': 'spring-petclinic'}",134217728,same_network,3,300
2026-07-24T22:00:34.609954+00:00,2026-07-24T22:00:34.633000+00:00,jvm_memory_committed_bytes,visits-service,10.42.1.125:8080,"{'__name__': 'jvm_memory_committed_bytes', 'area': 'heap', 'id': 'G1 Eden Space', 'instance': '10.42.1.125:8080', 'job': 'spring-petclinic'}",121634816,same_network,3,300
2026-07-24T22:00:34.609954+00:00,2026-07-24T22:00:34.633000+00:00,jvm_memory_committed_bytes,customers-service,10.42.1.126:8080,"{'__name__': 'jvm_memory_committed_bytes', 'area': 'heap', 'id': 'G1 Eden Space', 'instance': '10.42.1.126:8080', 'job': 'spring-petclinic'}",373293056,same_network,3,300
2026-07-24T22:00:34.609954+00:00,2026-07-24T22:00:34.633000+00:00,jvm_memory_committed_bytes,customers-service,10.42.0.186:8080,"{'__name__': 'jvm_memory_committed_bytes', 'area': 'heap', 'id': 'G1 Old Gen', 'instance': '10.42.0.186:8080', 'job': 'spring-petclinic'}",218103808,same_network,3,300
2026-07-24T22:00:34.609954+00:00,2026-07-24T22:00:34.633000+00:00,jvm_memory_committed_bytes,visits-service,10.42.1.122:8080,"{'__name__': 'jvm_memory_committed_bytes', 'area': 'heap', 'id': 'G1 Old Gen', 'instance': '10.42.1.122:8080', 'job': 'spring-petclinic'}",146800640,same_network,3,300
2026-07-24T22:00:34.609954+00:00,2026-07-24T22:00:34.633000+00:00,jvm_memory_committed_bytes,vets-service,10.42.1.123:8080,"{'__name__': 'jvm_memory_committed_bytes', 'area': 'heap', 'id': 'G1 Old Gen', 'instance': '10.42.1.123:8080', 'job': 'spring-petclinic'}",176160768,same_network,3,300
2026-07-24T22:00:34.609954+00:00,2026-07-24T22:00:34.633000+00:00,jvm_memory_committed_bytes,vets-service,10.42.1.124:8080,"{'__name__': 'jvm_memory_committed_bytes', 'area': 'heap', 'id': 'G1 Old Gen', 'instance': '10.42.1.124:8080', 'job': 'spring-petclinic'}",159383552,same_network,3,300
2026-07-24T22:00:34.609954+00:00,2026-07-24T22:00:34.633000+00:00,jvm_memory_committed_bytes,visits-service,10.42.1.125:8080,"{'__name__': 'jvm_memory_committed_bytes', 'area': 'heap', 'id': 'G1 Old Gen', 'instance': '10.42.1.125:8080', 'job': 'spring-petclinic'}",121634816,same_network,3,300
2026-07-24T22:00:34.609954+00:00,2026-07-24T22:00:34.633000+00:00,jvm_memory_committed_bytes,customers-service,10.42.1.126:8080,"{'__name__': 'jvm_memory_committed_bytes', 'area': 'heap', 'id': 'G1 Old Gen', 'instance': '10.42.1.126:8080', 'job': 'spring-petclinic'}",222298112,same_network,3,300
2026-07-24T22:00:34.609954+00:00,2026-07-24T22:00:34.633000+00:00,jvm_memory_committed_bytes,customers-service,10.42.0.186:8080,"{'__name__': 'jvm_memory_committed_bytes', 'area': 'heap', 'id': 'G1 Survivor Space', 'instance': '10.42.0.186:8080', 'job': 'spring-petclinic'}",12582912,same_network,3,300
2026-07-24T22:00:34.609954+00:00,2026-07-24T22:00:34.633000+00:00,jvm_memory_committed_bytes,visits-service,10.42.1.122:8080,"{'__name__': 'jvm_memory_committed_bytes', 'area': 'heap', 'id': 'G1 Survivor Space', 'instance': '10.42.1.122:8080', 'job': 'spring-petclinic'}",16777216,same_network,3,300
2026-07-24T22:00:34.609954+00:00,2026-07-24T22:00:34.633000+00:00,jvm_memory_committed_bytes,vets-service,10.42.1.123:8080,"{'__name__': 'jvm_memory_committed_bytes', 'area': 'heap', 'id': 'G1 Survivor Space', 'instance': '10.42.1.123:8080', 'job': 'spring-petclinic'}",8388608,same_network,3,300
2026-07-24T22:00:34.609954+00:00,2026-07-24T22:00:34.633000+00:00,jvm_memory_committed_bytes,vets-service,10.42.1.124:8080,"{'__name__': 'jvm_memory_committed_bytes', 'area': 'heap', 'id': 'G1 Survivor Space', 'instance': '10.42.1.124:8080', 'job': 'spring-petclinic'}",8388608,same_network,3,300
2026-07-24T22:00:34.609954+00:00,2026-07-24T22:00:34.633000+00:00,jvm_memory_committed_bytes,visits-service,10.42.1.125:8080,"{'__name__': 'jvm_memory_committed_bytes', 'area': 'heap', 'id': 'G1 Survivor Space', 'instance': '10.42.1.125:8080', 'job': 'spring-petclinic'}",8388608,same_network,3,300
2026-07-24T22:00:34.609954+00:00,2026-07-24T22:00:34.633000+00:00,jvm_memory_committed_bytes,customers-service,10.42.1.126:8080,"{'__name__': 'jvm_memory_committed_bytes', 'area': 'heap', 'id': 'G1 Survivor Space', 'instance': '10.42.1.126:8080', 'job': 'spring-petclinic'}",12582912,same_network,3,300
2026-07-24T22:00:34.609954+00:00,2026-07-24T22:00:34.633000+00:00,jvm_memory_committed_bytes,api-gateway,10.42.0.187:8080,"{'__name__': 'jvm_memory_committed_bytes', 'area': 'heap', 'id': 'Survivor Space', 'instance': '10.42.0.187:8080', 'job': 'spring-petclinic'}",8912896,same_network,3,300
2026-07-24T22:00:34.609954+00:00,2026-07-24T22:00:34.633000+00:00,jvm_memory_committed_bytes,api-gateway,10.42.1.129:8080,"{'__name__': 'jvm_memory_committed_bytes', 'area': 'heap', 'id': 'Survivor Space', 'instance': '10.42.1.129:8080', 'job': 'spring-petclinic'}",4390912,same_network,3,300
2026-07-24T22:00:34.609954+00:00,2026-07-24T22:00:34.633000+00:00,jvm_memory_committed_bytes,api-gateway,10.42.0.187:8080,"{'__name__': 'jvm_memory_committed_bytes', 'area': 'heap', 'id': 'Tenured Gen', 'instance': '10.42.0.187:8080', 'job': 'spring-petclinic'}",178978816,same_network,3,300
2026-07-24T22:00:34.609954+00:00,2026-07-24T22:00:34.633000+00:00,jvm_memory_committed_bytes,api-gateway,10.42.1.129:8080,"{'__name__': 'jvm_memory_committed_bytes', 'area': 'heap', 'id': 'Tenured Gen', 'instance': '10.42.1.129:8080', 'job': 'spring-petclinic'}",88530944,same_network,3,300
2026-07-24T22:00:34.609954+00:00,2026-07-24T22:00:34.633000+00:00,jvm_memory_committed_bytes,customers-service,10.42.0.186:8080,"{'__name__': 'jvm_memory_committed_bytes', 'area': 'nonheap', 'id': ""CodeHeap 'non-nmethods'"", 'instance': '10.42.0.186:8080', 'job': 'spring-petclinic'}",2555904,same_network,3,300
2026-07-24T22:00:34.609954+00:00,2026-07-24T22:00:34.633000+00:00,jvm_memory_committed_bytes,api-gateway,10.42.0.187:8080,"{'__name__': 'jvm_memory_committed_bytes', 'area': 'nonheap', 'id': ""CodeHeap 'non-nmethods'"", 'instance': '10.42.0.187:8080', 'job': 'spring-petclinic'}",2555904,same_network,3,300
2026-07-24T22:00:34.609954+00:00,2026-07-24T22:00:34.633000+00:00,jvm_memory_committed_bytes,visits-service,10.42.1.122:8080,"{'__name__': 'jvm_memory_committed_bytes', 'area': 'nonheap', 'id': ""CodeHeap 'non-nmethods'"", 'instance': '10.42.1.122:8080', 'job': 'spring-petclinic'}",2555904,same_network,3,300
2026-07-24T22:00:34.609954+00:00,2026-07-24T22:00:34.633000+00:00,jvm_memory_committed_bytes,vets-service,10.42.1.123:8080,"{'__name__': 'jvm_memory_committed_bytes', 'area': 'nonheap', 'id': ""CodeHeap 'non-nmethods'"", 'instance': '10.42.1.123:8080', 'job': 'spring-petclinic'}",2555904,same_network,3,300
2026-07-24T22:00:34.609954+00:00,2026-07-24T22:00:34.633000+00:00,jvm_memory_committed_bytes,vets-service,10.42.1.124:8080,"{'__name__': 'jvm_memory_committed_bytes', 'area': 'nonheap', 'id': ""CodeHeap 'non-nmethods'"", 'instance': '10.42.1.124:8080', 'job': 'spring-petclinic'}",2555904,same_network,3,300
2026-07-24T22:00:34.609954+00:00,2026-07-24T22:00:34.633000+00:00,jvm_memory_committed_bytes,visits-service,10.42.1.125:8080,"{'__name__': 'jvm_memory_committed_bytes', 'area': 'nonheap', 'id': ""CodeHeap 'non-nmethods'"", 'instance': '10.42.1.125:8080', 'job': 'spring-petclinic'}",2555904,same_network,3,300
2026-07-24T22:00:34.609954+00:00,2026-07-24T22:00:34.633000+00:00,jvm_memory_committed_bytes,customers-service,10.42.1.126:8080,"{'__name__': 'jvm_memory_committed_bytes', 'area': 'nonheap', 'id': ""CodeHeap 'non-nmethods'"", 'instance': '10.42.1.126:8080', 'job': 'spring-petclinic'}",2555904,same_network,3,300
2026-07-24T22:00:34.609954+00:00,2026-07-24T22:00:34.633000+00:00,jvm_memory_committed_bytes,api-gateway,10.42.1.129:8080,"{'__name__': 'jvm_memory_committed_bytes', 'area': 'nonheap', 'id': ""CodeHeap 'non-nmethods'"", 'instance': '10.42.1.129:8080', 'job': 'spring-petclinic'}",2555904,same_network,3,300
2026-07-24T22:00:34.609954+00:00,2026-07-24T22:00:34.633000+00:00,jvm_memory_committed_bytes,customers-service,10.42.0.186:8080,"{'__name__': 'jvm_memory_committed_bytes', 'area': 'nonheap', 'id': ""CodeHeap 'non-profiled nmethods'"", 'instance': '10.42.0.186:8080', 'job': 'spring-petclinic'}",21561344,same_network,3,300
2026-07-24T22:00:34.609954+00:00,2026-07-24T22:00:34.633000+00:00,jvm_memory_committed_bytes,api-gateway,10.42.0.187:8080,"{'__name__': 'jvm_memory_committed_bytes', 'area': 'nonheap', 'id': ""CodeHeap 'non-profiled nmethods'"", 'instance': '10.42.0.187:8080', 'job': 'spring-petclinic'}",18808832,same_network,3,300
2026-07-24T22:00:34.609954+00:00,2026-07-24T22:00:34.633000+00:00,jvm_memory_committed_bytes,visits-service,10.42.1.122:8080,"{'__name__': 'jvm_memory_committed_bytes', 'area': 'nonheap', 'id': ""CodeHeap 'non-profiled nmethods'"", 'instance': '10.42.1.122:8080', 'job': 'spring-petclinic'}",17432576,same_network,3,300
2026-07-24T22:00:34.609954+00:00,2026-07-24T22:00:34.633000+00:00,jvm_memory_committed_bytes,vets-service,10.42.1.123:8080,"{'__name__': 'jvm_memory_committed_bytes', 'area': 'nonheap', 'id': ""CodeHeap 'non-profiled nmethods'"", 'instance': '10.42.1.123:8080', 'job': 'spring-petclinic'}",18939904,same_network,3,300
2026-07-24T22:00:34.609954+00:00,2026-07-24T22:00:34.633000+00:00,jvm_memory_committed_bytes,vets-service,10.42.1.124:8080,"{'__name__': 'jvm_memory_committed_bytes', 'area': 'nonheap', 'id': ""CodeHeap 'non-profiled nmethods'"", 'instance': '10.42.1.124:8080', 'job': 'spring-petclinic'}",19857408,same_network,3,300
2026-07-24T22:00:34.609954+00:00,2026-07-24T22:00:34.633000+00:00,jvm_memory_committed_bytes,visits-service,10.42.1.125:8080,"{'__name__': 'jvm_memory_committed_bytes', 'area': 'nonheap', 'id': ""CodeHeap 'non-profiled nmethods'"", 'instance': '10.42.1.125:8080', 'job': 'spring-petclinic'}",16973824,same_network,3,300
2026-07-24T22:00:34.609954+00:00,2026-07-24T22:00:34.633000+00:00,jvm_memory_committed_bytes,customers-service,10.42.1.126:8080,"{'__name__': 'jvm_memory_committed_bytes', 'area': 'nonheap', 'id': ""CodeHeap 'non-profiled nmethods'"", 'instance': '10.42.1.126:8080', 'job': 'spring-petclinic'}",20643840,same_network,3,300
2026-07-24T22:00:34.609954+00:00,2026-07-24T22:00:34.633000+00:00,jvm_memory_committed_bytes,api-gateway,10.42.1.129:8080,"{'__name__': 'jvm_memory_committed_bytes', 'area': 'nonheap', 'id': ""CodeHeap 'non-profiled nmethods'"", 'instance': '10.42.1.129:8080', 'job': 'spring-petclinic'}",6619136,same_network,3,300
2026-07-24T22:00:34.609954+00:00,2026-07-24T22:00:34.633000+00:00,jvm_memory_committed_bytes,customers-service,10.42.0.186:8080,"{'__name__': 'jvm_memory_committed_bytes', 'area': 'nonheap', 'id': ""CodeHeap 'profiled nmethods'"", 'instance': '10.42.0.186:8080', 'job': 'spring-petclinic'}",25493504,same_network,3,300
2026-07-24T22:00:34.609954+00:00,2026-07-24T22:00:34.633000+00:00,jvm_memory_committed_bytes,api-gateway,10.42.0.187:8080,"{'__name__': 'jvm_memory_committed_bytes', 'area': 'nonheap', 'id': ""CodeHeap 'profiled nmethods'"", 'instance': '10.42.0.187:8080', 'job': 'spring-petclinic'}",24313856,same_network,3,300
2026-07-24T22:00:34.609954+00:00,2026-07-24T22:00:34.633000+00:00,jvm_memory_committed_bytes,visits-service,10.42.1.122:8080,"{'__name__': 'jvm_memory_committed_bytes', 'area': 'nonheap', 'id': ""CodeHeap 'profiled nmethods'"", 'instance': '10.42.1.122:8080', 'job': 'spring-petclinic'}",24313856,same_network,3,300
2026-07-24T22:00:34.609954+00:00,2026-07-24T22:00:34.633000+00:00,jvm_memory_committed_bytes,vets-service,10.42.1.123:8080,"{'__name__': 'jvm_memory_committed_bytes', 'area': 'nonheap', 'id': ""CodeHeap 'profiled nmethods'"", 'instance': '10.42.1.123:8080', 'job': 'spring-petclinic'}",26214400,same_network,3,300
2026-07-24T22:00:34.609954+00:00,2026-07-24T22:00:34.633000+00:00,jvm_memory_committed_bytes,vets-service,10.42.1.124:8080,"{'__name__': 'jvm_memory_committed_bytes', 'area': 'nonheap', 'id': ""CodeHeap 'profiled nmethods'"", 'instance': '10.42.1.124:8080', 'job': 'spring-petclinic'}",26542080,same_network,3,300
2026-07-24T22:00:34.609954+00:00,2026-07-24T22:00:34.633000+00:00,jvm_memory_committed_bytes,visits-service,10.42.1.125:8080,"{'__name__': 'jvm_memory_committed_bytes', 'area': 'nonheap', 'id': ""CodeHeap 'profiled nmethods'"", 'instance': '10.42.1.125:8080', 'job': 'spring-petclinic'}",24182784,same_network,3,300
2026-07-24T22:00:34.609954+00:00,2026-07-24T22:00:34.633000+00:00,jvm_memory_committed_bytes,customers-service,10.42.1.126:8080,"{'__name__': 'jvm_memory_committed_bytes', 'area': 'nonheap', 'id': ""CodeHeap 'profiled nmethods'"", 'instance': '10.42.1.126:8080', 'job': 'spring-petclinic'}",26279936,same_network,3,300
2026-07-24T22:00:34.609954+00:00,2026-07-24T22:00:34.633000+00:00,jvm_memory_committed_bytes,api-gateway,10.42.1.129:8080,"{'__name__': 'jvm_memory_committed_bytes', 'area': 'nonheap', 'id': ""CodeHeap 'profiled nmethods'"", 'instance': '10.42.1.129:8080', 'job': 'spring-petclinic'}",14811136,same_network,3,300
2026-07-24T22:00:34.609954+00:00,2026-07-24T22:00:34.633000+00:00,jvm_memory_committed_bytes,customers-service,10.42.0.186:8080,"{'__name__': 'jvm_memory_committed_bytes', 'area': 'nonheap', 'id': 'Compressed Class Space', 'instance': '10.42.0.186:8080', 'job': 'spring-petclinic'}",11796480,same_network,3,300
2026-07-24T22:00:34.609954+00:00,2026-07-24T22:00:34.633000+00:00,jvm_memory_committed_bytes,api-gateway,10.42.0.187:8080,"{'__name__': 'jvm_memory_committed_bytes', 'area': 'nonheap', 'id': 'Compressed Class Space', 'instance': '10.42.0.187:8080', 'job': 'spring-petclinic'}",9306112,same_network,3,300
2026-07-24T22:00:34.609954+00:00,2026-07-24T22:00:34.633000+00:00,jvm_memory_committed_bytes,visits-service,10.42.1.122:8080,"{'__name__': 'jvm_memory_committed_bytes', 'area': 'nonheap', 'id': 'Compressed Class Space', 'instance': '10.42.1.122:8080', 'job': 'spring-petclinic'}",11599872,same_network,3,300
2026-07-24T22:00:34.609954+00:00,2026-07-24T22:00:34.633000+00:00,jvm_memory_committed_bytes,vets-service,10.42.1.123:8080,"{'__name__': 'jvm_memory_committed_bytes', 'area': 'nonheap', 'id': 'Compressed Class Space', 'instance': '10.42.1.123:8080', 'job': 'spring-petclinic'}",11665408,same_network,3,300
2026-07-24T22:00:34.609954+00:00,2026-07-24T22:00:34.633000+00:00,jvm_memory_committed_bytes,vets-service,10.42.1.124:8080,"{'__name__': 'jvm_memory_committed_bytes', 'area': 'nonheap', 'id': 'Compressed Class Space', 'instance': '10.42.1.124:8080', 'job': 'spring-petclinic'}",11665408,same_network,3,300
2026-07-24T22:00:34.609954+00:00,2026-07-24T22:00:34.633000+00:00,jvm_memory_committed_bytes,visits-service,10.42.1.125:8080,"{'__name__': 'jvm_memory_committed_bytes', 'area': 'nonheap', 'id': 'Compressed Class Space', 'instance': '10.42.1.125:8080', 'job': 'spring-petclinic'}",11599872,same_network,3,300
2026-07-24T22:00:34.609954+00:00,2026-07-24T22:00:34.633000+00:00,jvm_memory_committed_bytes,customers-service,10.42.1.126:8080,"{'__name__': 'jvm_memory_committed_bytes', 'area': 'nonheap', 'id': 'Compressed Class Space', 'instance': '10.42.1.126:8080', 'job': 'spring-petclinic'}",11796480,same_network,3,300
2026-07-24T22:00:34.609954+00:00,2026-07-24T22:00:34.633000+00:00,jvm_memory_committed_bytes,api-gateway,10.42.1.129:8080,"{'__name__': 'jvm_memory_committed_bytes', 'area': 'nonheap', 'id': 'Compressed Class Space', 'instance': '10.42.1.129:8080', 'job': 'spring-petclinic'}",8912896,same_network,3,300
2026-07-24T22:00:34.609954+00:00,2026-07-24T22:00:34.633000+00:00,jvm_memory_committed_bytes,customers-service,10.42.0.186:8080,"{'__name__': 'jvm_memory_committed_bytes', 'area': 'nonheap', 'id': 'Metaspace', 'instance': '10.42.0.186:8080', 'job': 'spring-petclinic'}",91422720,same_network,3,300
2026-07-24T22:00:34.609954+00:00,2026-07-24T22:00:34.633000+00:00,jvm_memory_committed_bytes,api-gateway,10.42.0.187:8080,"{'__name__': 'jvm_memory_committed_bytes', 'area': 'nonheap', 'id': 'Metaspace', 'instance': '10.42.0.187:8080', 'job': 'spring-petclinic'}",74121216,same_network,3,300
2026-07-24T22:00:34.609954+00:00,2026-07-24T22:00:34.633000+00:00,jvm_memory_committed_bytes,visits-service,10.42.1.122:8080,"{'__name__': 'jvm_memory_committed_bytes', 'area': 'nonheap', 'id': 'Metaspace', 'instance': '10.42.1.122:8080', 'job': 'spring-petclinic'}",89522176,same_network,3,300
2026-07-24T22:00:34.609954+00:00,2026-07-24T22:00:34.633000+00:00,jvm_memory_committed_bytes,vets-service,10.42.1.123:8080,"{'__name__': 'jvm_memory_committed_bytes', 'area': 'nonheap', 'id': 'Metaspace', 'instance': '10.42.1.123:8080', 'job': 'spring-petclinic'}",90570752,same_network,3,300
2026-07-24T22:00:34.609954+00:00,2026-07-24T22:00:34.633000+00:00,jvm_memory_committed_bytes,vets-service,10.42.1.124:8080,"{'__name__': 'jvm_memory_committed_bytes', 'area': 'nonheap', 'id': 'Metaspace', 'instance': '10.42.1.124:8080', 'job': 'spring-petclinic'}",90767360,same_network,3,300
2026-07-24T22:00:34.609954+00:00,2026-07-24T22:00:34.633000+00:00,jvm_memory_committed_bytes,visits-service,10.42.1.125:8080,"{'__name__': 'jvm_memory_committed_bytes', 'area': 'nonheap', 'id': 'Metaspace', 'instance': '10.42.1.125:8080', 'job': 'spring-petclinic'}",89587712,same_network,3,300
2026-07-24T22:00:34.609954+00:00,2026-07-24T22:00:34.633000+00:00,jvm_memory_committed_bytes,customers-service,10.42.1.126:8080,"{'__name__': 'jvm_memory_committed_bytes', 'area': 'nonheap', 'id': 'Metaspace', 'instance': '10.42.1.126:8080', 'job': 'spring-petclinic'}",91422720,same_network,3,300
2026-07-24T22:00:34.609954+00:00,2026-07-24T22:00:34.633000+00:00,jvm_memory_committed_bytes,api-gateway,10.42.1.129:8080,"{'__name__': 'jvm_memory_committed_bytes', 'area': 'nonheap', 'id': 'Metaspace', 'instance': '10.42.1.129:8080', 'job': 'spring-petclinic'}",66650112,same_network,3,300
2026-07-24T22:00:34.609954+00:00,2026-07-24T22:00:34.638000+00:00,jvm_memory_max_bytes,api-gateway,10.42.0.187:8080,"{'__name__': 'jvm_memory_max_bytes', 'area': 'heap', 'id': 'Eden Space', 'instance': '10.42.0.187:8080', 'job': 'spring-petclinic'}",71630848,same_network,3,300
2026-07-24T22:00:34.609954+00:00,2026-07-24T22:00:34.638000+00:00,jvm_memory_max_bytes,api-gateway,10.42.1.129:8080,"{'__name__': 'jvm_memory_max_bytes', 'area': 'heap', 'id': 'Eden Space', 'instance': '10.42.1.129:8080', 'job': 'spring-petclinic'}",71630848,same_network,3,300
2026-07-24T22:00:34.609954+00:00,2026-07-24T22:00:34.638000+00:00,jvm_memory_max_bytes,customers-service,10.42.0.186:8080,"{'__name__': 'jvm_memory_max_bytes', 'area': 'heap', 'id': 'G1 Eden Space', 'instance': '10.42.0.186:8080', 'job': 'spring-petclinic'}",-1,same_network,3,300
2026-07-24T22:00:34.609954+00:00,2026-07-24T22:00:34.638000+00:00,jvm_memory_max_bytes,visits-service,10.42.1.122:8080,"{'__name__': 'jvm_memory_max_bytes', 'area': 'heap', 'id': 'G1 Eden Space', 'instance': '10.42.1.122:8080', 'job': 'spring-petclinic'}",-1,same_network,3,300
2026-07-24T22:00:34.609954+00:00,2026-07-24T22:00:34.638000+00:00,jvm_memory_max_bytes,vets-service,10.42.1.123:8080,"{'__name__': 'jvm_memory_max_bytes', 'area': 'heap', 'id': 'G1 Eden Space', 'instance': '10.42.1.123:8080', 'job': 'spring-petclinic'}",-1,same_network,3,300
2026-07-24T22:00:34.609954+00:00,2026-07-24T22:00:34.638000+00:00,jvm_memory_max_bytes,vets-service,10.42.1.124:8080,"{'__name__': 'jvm_memory_max_bytes', 'area': 'heap', 'id': 'G1 Eden Space', 'instance': '10.42.1.124:8080', 'job': 'spring-petclinic'}",-1,same_network,3,300
2026-07-24T22:00:34.609954+00:00,2026-07-24T22:00:34.638000+00:00,jvm_memory_max_bytes,visits-service,10.42.1.125:8080,"{'__name__': 'jvm_memory_max_bytes', 'area': 'heap', 'id': 'G1 Eden Space', 'instance': '10.42.1.125:8080', 'job': 'spring-petclinic'}",-1,same_network,3,300
2026-07-24T22:00:34.609954+00:00,2026-07-24T22:00:34.638000+00:00,jvm_memory_max_bytes,customers-service,10.42.1.126:8080,"{'__name__': 'jvm_memory_max_bytes', 'area': 'heap', 'id': 'G1 Eden Space', 'instance': '10.42.1.126:8080', 'job': 'spring-petclinic'}",-1,same_network,3,300
2026-07-24T22:00:34.609954+00:00,2026-07-24T22:00:34.638000+00:00,jvm_memory_max_bytes,customers-service,10.42.0.186:8080,"{'__name__': 'jvm_memory_max_bytes', 'area': 'heap', 'id': 'G1 Old Gen', 'instance': '10.42.0.186:8080', 'job': 'spring-petclinic'}",6249512960,same_network,3,300
2026-07-24T22:00:34.609954+00:00,2026-07-24T22:00:34.638000+00:00,jvm_memory_max_bytes,visits-service,10.42.1.122:8080,"{'__name__': 'jvm_memory_max_bytes', 'area': 'heap', 'id': 'G1 Old Gen', 'instance': '10.42.1.122:8080', 'job': 'spring-petclinic'}",6144655360,same_network,3,300
2026-07-24T22:00:34.609954+00:00,2026-07-24T22:00:34.638000+00:00,jvm_memory_max_bytes,vets-service,10.42.1.123:8080,"{'__name__': 'jvm_memory_max_bytes', 'area': 'heap', 'id': 'G1 Old Gen', 'instance': '10.42.1.123:8080', 'job': 'spring-petclinic'}",6144655360,same_network,3,300
2026-07-24T22:00:34.609954+00:00,2026-07-24T22:00:34.638000+00:00,jvm_memory_max_bytes,vets-service,10.42.1.124:8080,"{'__name__': 'jvm_memory_max_bytes', 'area': 'heap', 'id': 'G1 Old Gen', 'instance': '10.42.1.124:8080', 'job': 'spring-petclinic'}",6144655360,same_network,3,300
2026-07-24T22:00:34.609954+00:00,2026-07-24T22:00:34.638000+00:00,jvm_memory_max_bytes,visits-service,10.42.1.125:8080,"{'__name__': 'jvm_memory_max_bytes', 'area': 'heap', 'id': 'G1 Old Gen', 'instance': '10.42.1.125:8080', 'job': 'spring-petclinic'}",6144655360,same_network,3,300
2026-07-24T22:00:34.609954+00:00,2026-07-24T22:00:34.638000+00:00,jvm_memory_max_bytes,customers-service,10.42.1.126:8080,"{'__name__': 'jvm_memory_max_bytes', 'area': 'heap', 'id': 'G1 Old Gen', 'instance': '10.42.1.126:8080', 'job': 'spring-petclinic'}",6144655360,same_network,3,300
2026-07-24T22:00:34.609954+00:00,2026-07-24T22:00:34.638000+00:00,jvm_memory_max_bytes,customers-service,10.42.0.186:8080,"{'__name__': 'jvm_memory_max_bytes', 'area': 'heap', 'id': 'G1 Survivor Space', 'instance': '10.42.0.186:8080', 'job': 'spring-petclinic'}",-1,same_network,3,300
2026-07-24T22:00:34.609954+00:00,2026-07-24T22:00:34.638000+00:00,jvm_memory_max_bytes,visits-service,10.42.1.122:8080,"{'__name__': 'jvm_memory_max_bytes', 'area': 'heap', 'id': 'G1 Survivor Space', 'instance': '10.42.1.122:8080', 'job': 'spring-petclinic'}",-1,same_network,3,300
2026-07-24T22:00:34.609954+00:00,2026-07-24T22:00:34.638000+00:00,jvm_memory_max_bytes,vets-service,10.42.1.123:8080,"{'__name__': 'jvm_memory_max_bytes', 'area': 'heap', 'id': 'G1 Survivor Space', 'instance': '10.42.1.123:8080', 'job': 'spring-petclinic'}",-1,same_network,3,300
2026-07-24T22:00:34.609954+00:00,2026-07-24T22:00:34.638000+00:00,jvm_memory_max_bytes,vets-service,10.42.1.124:8080,"{'__name__': 'jvm_memory_max_bytes', 'area': 'heap', 'id': 'G1 Survivor Space', 'instance': '10.42.1.124:8080', 'job': 'spring-petclinic'}",-1,same_network,3,300
2026-07-24T22:00:34.609954+00:00,2026-07-24T22:00:34.638000+00:00,jvm_memory_max_bytes,visits-service,10.42.1.125:8080,"{'__name__': 'jvm_memory_max_bytes', 'area': 'heap', 'id': 'G1 Survivor Space', 'instance': '10.42.1.125:8080', 'job': 'spring-petclinic'}",-1,same_network,3,300
2026-07-24T22:00:34.609954+00:00,2026-07-24T22:00:34.638000+00:00,jvm_memory_max_bytes,customers-service,10.42.1.126:8080,"{'__name__': 'jvm_memory_max_bytes', 'area': 'heap', 'id': 'G1 Survivor Space', 'instance': '10.42.1.126:8080', 'job': 'spring-petclinic'}",-1,same_network,3,300
2026-07-24T22:00:34.609954+00:00,2026-07-24T22:00:34.638000+00:00,jvm_memory_max_bytes,api-gateway,10.42.0.187:8080,"{'__name__': 'jvm_memory_max_bytes', 'area': 'heap', 'id': 'Survivor Space', 'instance': '10.42.0.187:8080', 'job': 'spring-petclinic'}",8912896,same_network,3,300
2026-07-24T22:00:34.609954+00:00,2026-07-24T22:00:34.638000+00:00,jvm_memory_max_bytes,api-gateway,10.42.1.129:8080,"{'__name__': 'jvm_memory_max_bytes', 'area': 'heap', 'id': 'Survivor Space', 'instance': '10.42.1.129:8080', 'job': 'spring-petclinic'}",8912896,same_network,3,300
2026-07-24T22:00:34.609954+00:00,2026-07-24T22:00:34.638000+00:00,jvm_memory_max_bytes,api-gateway,10.42.0.187:8080,"{'__name__': 'jvm_memory_max_bytes', 'area': 'heap', 'id': 'Tenured Gen', 'instance': '10.42.0.187:8080', 'job': 'spring-petclinic'}",178978816,same_network,3,300
2026-07-24T22:00:34.609954+00:00,2026-07-24T22:00:34.638000+00:00,jvm_memory_max_bytes,api-gateway,10.42.1.129:8080,"{'__name__': 'jvm_memory_max_bytes', 'area': 'heap', 'id': 'Tenured Gen', 'instance': '10.42.1.129:8080', 'job': 'spring-petclinic'}",178978816,same_network,3,300
2026-07-24T22:00:34.609954+00:00,2026-07-24T22:00:34.638000+00:00,jvm_memory_max_bytes,customers-service,10.42.0.186:8080,"{'__name__': 'jvm_memory_max_bytes', 'area': 'nonheap', 'id': ""CodeHeap 'non-nmethods'"", 'instance': '10.42.0.186:8080', 'job': 'spring-petclinic'}",5840896,same_network,3,300
2026-07-24T22:00:34.609954+00:00,2026-07-24T22:00:34.638000+00:00,jvm_memory_max_bytes,api-gateway,10.42.0.187:8080,"{'__name__': 'jvm_memory_max_bytes', 'area': 'nonheap', 'id': ""CodeHeap 'non-nmethods'"", 'instance': '10.42.0.187:8080', 'job': 'spring-petclinic'}",5840896,same_network,3,300
2026-07-24T22:00:34.609954+00:00,2026-07-24T22:00:34.638000+00:00,jvm_memory_max_bytes,visits-service,10.42.1.122:8080,"{'__name__': 'jvm_memory_max_bytes', 'area': 'nonheap', 'id': ""CodeHeap 'non-nmethods'"", 'instance': '10.42.1.122:8080', 'job': 'spring-petclinic'}",5840896,same_network,3,300
2026-07-24T22:00:34.609954+00:00,2026-07-24T22:00:34.638000+00:00,jvm_memory_max_bytes,vets-service,10.42.1.123:8080,"{'__name__': 'jvm_memory_max_bytes', 'area': 'nonheap', 'id': ""CodeHeap 'non-nmethods'"", 'instance': '10.42.1.123:8080', 'job': 'spring-petclinic'}",5840896,same_network,3,300
2026-07-24T22:00:34.609954+00:00,2026-07-24T22:00:34.638000+00:00,jvm_memory_max_bytes,vets-service,10.42.1.124:8080,"{'__name__': 'jvm_memory_max_bytes', 'area': 'nonheap', 'id': ""CodeHeap 'non-nmethods'"", 'instance': '10.42.1.124:8080', 'job': 'spring-petclinic'}",5840896,same_network,3,300
2026-07-24T22:00:34.609954+00:00,2026-07-24T22:00:34.638000+00:00,jvm_memory_max_bytes,visits-service,10.42.1.125:8080,"{'__name__': 'jvm_memory_max_bytes', 'area': 'nonheap', 'id': ""CodeHeap 'non-nmethods'"", 'instance': '10.42.1.125:8080', 'job': 'spring-petclinic'}",5840896,same_network,3,300
2026-07-24T22:00:34.609954+00:00,2026-07-24T22:00:34.638000+00:00,jvm_memory_max_bytes,customers-service,10.42.1.126:8080,"{'__name__': 'jvm_memory_max_bytes', 'area': 'nonheap', 'id': ""CodeHeap 'non-nmethods'"", 'instance': '10.42.1.126:8080', 'job': 'spring-petclinic'}",5840896,same_network,3,300
2026-07-24T22:00:34.609954+00:00,2026-07-24T22:00:34.638000+00:00,jvm_memory_max_bytes,api-gateway,10.42.1.129:8080,"{'__name__': 'jvm_memory_max_bytes', 'area': 'nonheap', 'id': ""CodeHeap 'non-nmethods'"", 'instance': '10.42.1.129:8080', 'job': 'spring-petclinic'}",5840896,same_network,3,300
2026-07-24T22:00:34.609954+00:00,2026-07-24T22:00:34.638000+00:00,jvm_memory_max_bytes,customers-service,10.42.0.186:8080,"{'__name__': 'jvm_memory_max_bytes', 'area': 'nonheap', 'id': ""CodeHeap 'non-profiled nmethods'"", 'instance': '10.42.0.186:8080', 'job': 'spring-petclinic'}",122908672,same_network,3,300
2026-07-24T22:00:34.609954+00:00,2026-07-24T22:00:34.638000+00:00,jvm_memory_max_bytes,api-gateway,10.42.0.187:8080,"{'__name__': 'jvm_memory_max_bytes', 'area': 'nonheap', 'id': ""CodeHeap 'non-profiled nmethods'"", 'instance': '10.42.0.187:8080', 'job': 'spring-petclinic'}",122908672,same_network,3,300
2026-07-24T22:00:34.609954+00:00,2026-07-24T22:00:34.638000+00:00,jvm_memory_max_bytes,visits-service,10.42.1.122:8080,"{'__name__': 'jvm_memory_max_bytes', 'area': 'nonheap', 'id': ""CodeHeap 'non-profiled nmethods'"", 'instance': '10.42.1.122:8080', 'job': 'spring-petclinic'}",122908672,same_network,3,300
2026-07-24T22:00:34.609954+00:00,2026-07-24T22:00:34.638000+00:00,jvm_memory_max_bytes,vets-service,10.42.1.123:8080,"{'__name__': 'jvm_memory_max_bytes', 'area': 'nonheap', 'id': ""CodeHeap 'non-profiled nmethods'"", 'instance': '10.42.1.123:8080', 'job': 'spring-petclinic'}",122908672,same_network,3,300
2026-07-24T22:00:34.609954+00:00,2026-07-24T22:00:34.638000+00:00,jvm_memory_max_bytes,vets-service,10.42.1.124:8080,"{'__name__': 'jvm_memory_max_bytes', 'area': 'nonheap', 'id': ""CodeHeap 'non-profiled nmethods'"", 'instance': '10.42.1.124:8080', 'job': 'spring-petclinic'}",122908672,same_network,3,300
2026-07-24T22:00:34.609954+00:00,2026-07-24T22:00:34.638000+00:00,jvm_memory_max_bytes,visits-service,10.42.1.125:8080,"{'__name__': 'jvm_memory_max_bytes', 'area': 'nonheap', 'id': ""CodeHeap 'non-profiled nmethods'"", 'instance': '10.42.1.125:8080', 'job': 'spring-petclinic'}",122908672,same_network,3,300
2026-07-24T22:00:34.609954+00:00,2026-07-24T22:00:34.638000+00:00,jvm_memory_max_bytes,customers-service,10.42.1.126:8080,"{'__name__': 'jvm_memory_max_bytes', 'area': 'nonheap', 'id': ""CodeHeap 'non-profiled nmethods'"", 'instance': '10.42.1.126:8080', 'job': 'spring-petclinic'}",122908672,same_network,3,300
2026-07-24T22:00:34.609954+00:00,2026-07-24T22:00:34.638000+00:00,jvm_memory_max_bytes,api-gateway,10.42.1.129:8080,"{'__name__': 'jvm_memory_max_bytes', 'area': 'nonheap', 'id': ""CodeHeap 'non-profiled nmethods'"", 'instance': '10.42.1.129:8080', 'job': 'spring-petclinic'}",122908672,same_network,3,300
2026-07-24T22:00:34.609954+00:00,2026-07-24T22:00:34.638000+00:00,jvm_memory_max_bytes,customers-service,10.42.0.186:8080,"{'__name__': 'jvm_memory_max_bytes', 'area': 'nonheap', 'id': ""CodeHeap 'profiled nmethods'"", 'instance': '10.42.0.186:8080', 'job': 'spring-petclinic'}",122908672,same_network,3,300
2026-07-24T22:00:34.609954+00:00,2026-07-24T22:00:34.638000+00:00,jvm_memory_max_bytes,api-gateway,10.42.0.187:8080,"{'__name__': 'jvm_memory_max_bytes', 'area': 'nonheap', 'id': ""CodeHeap 'profiled nmethods'"", 'instance': '10.42.0.187:8080', 'job': 'spring-petclinic'}",122908672,same_network,3,300
2026-07-24T22:00:34.609954+00:00,2026-07-24T22:00:34.638000+00:00,jvm_memory_max_bytes,visits-service,10.42.1.122:8080,"{'__name__': 'jvm_memory_max_bytes', 'area': 'nonheap', 'id': ""CodeHeap 'profiled nmethods'"", 'instance': '10.42.1.122:8080', 'job': 'spring-petclinic'}",122908672,same_network,3,300
2026-07-24T22:00:34.609954+00:00,2026-07-24T22:00:34.638000+00:00,jvm_memory_max_bytes,vets-service,10.42.1.123:8080,"{'__name__': 'jvm_memory_max_bytes', 'area': 'nonheap', 'id': ""CodeHeap 'profiled nmethods'"", 'instance': '10.42.1.123:8080', 'job': 'spring-petclinic'}",122908672,same_network,3,300
2026-07-24T22:00:34.609954+00:00,2026-07-24T22:00:34.638000+00:00,jvm_memory_max_bytes,vets-service,10.42.1.124:8080,"{'__name__': 'jvm_memory_max_bytes', 'area': 'nonheap', 'id': ""CodeHeap 'profiled nmethods'"", 'instance': '10.42.1.124:8080', 'job': 'spring-petclinic'}",122908672,same_network,3,300
2026-07-24T22:00:34.609954+00:00,2026-07-24T22:00:34.638000+00:00,jvm_memory_max_bytes,visits-service,10.42.1.125:8080,"{'__name__': 'jvm_memory_max_bytes', 'area': 'nonheap', 'id': ""CodeHeap 'profiled nmethods'"", 'instance': '10.42.1.125:8080', 'job': 'spring-petclinic'}",122908672,same_network,3,300
2026-07-24T22:00:34.609954+00:00,2026-07-24T22:00:34.638000+00:00,jvm_memory_max_bytes,customers-service,10.42.1.126:8080,"{'__name__': 'jvm_memory_max_bytes', 'area': 'nonheap', 'id': ""CodeHeap 'profiled nmethods'"", 'instance': '10.42.1.126:8080', 'job': 'spring-petclinic'}",122908672,same_network,3,300
2026-07-24T22:00:34.609954+00:00,2026-07-24T22:00:34.638000+00:00,jvm_memory_max_bytes,api-gateway,10.42.1.129:8080,"{'__name__': 'jvm_memory_max_bytes', 'area': 'nonheap', 'id': ""CodeHeap 'profiled nmethods'"", 'instance': '10.42.1.129:8080', 'job': 'spring-petclinic'}",122908672,same_network,3,300
2026-07-24T22:00:34.609954+00:00,2026-07-24T22:00:34.638000+00:00,jvm_memory_max_bytes,customers-service,10.42.0.186:8080,"{'__name__': 'jvm_memory_max_bytes', 'area': 'nonheap', 'id': 'Compressed Class Space', 'instance': '10.42.0.186:8080', 'job': 'spring-petclinic'}",1073741824,same_network,3,300
2026-07-24T22:00:34.609954+00:00,2026-07-24T22:00:34.638000+00:00,jvm_memory_max_bytes,api-gateway,10.42.0.187:8080,"{'__name__': 'jvm_memory_max_bytes', 'area': 'nonheap', 'id': 'Compressed Class Space', 'instance': '10.42.0.187:8080', 'job': 'spring-petclinic'}",1073741824,same_network,3,300
2026-07-24T22:00:34.609954+00:00,2026-07-24T22:00:34.638000+00:00,jvm_memory_max_bytes,visits-service,10.42.1.122:8080,"{'__name__': 'jvm_memory_max_bytes', 'area': 'nonheap', 'id': 'Compressed Class Space', 'instance': '10.42.1.122:8080', 'job': 'spring-petclinic'}",1073741824,same_network,3,300
2026-07-24T22:00:34.609954+00:00,2026-07-24T22:00:34.638000+00:00,jvm_memory_max_bytes,vets-service,10.42.1.123:8080,"{'__name__': 'jvm_memory_max_bytes', 'area': 'nonheap', 'id': 'Compressed Class Space', 'instance': '10.42.1.123:8080', 'job': 'spring-petclinic'}",1073741824,same_network,3,300
2026-07-24T22:00:34.609954+00:00,2026-07-24T22:00:34.638000+00:00,jvm_memory_max_bytes,vets-service,10.42.1.124:8080,"{'__name__': 'jvm_memory_max_bytes', 'area': 'nonheap', 'id': 'Compressed Class Space', 'instance': '10.42.1.124:8080', 'job': 'spring-petclinic'}",1073741824,same_network,3,300
2026-07-24T22:00:34.609954+00:00,2026-07-24T22:00:34.638000+00:00,jvm_memory_max_bytes,visits-service,10.42.1.125:8080,"{'__name__': 'jvm_memory_max_bytes', 'area': 'nonheap', 'id': 'Compressed Class Space', 'instance': '10.42.1.125:8080', 'job': 'spring-petclinic'}",1073741824,same_network,3,300
2026-07-24T22:00:34.609954+00:00,2026-07-24T22:00:34.638000+00:00,jvm_memory_max_bytes,customers-service,10.42.1.126:8080,"{'__name__': 'jvm_memory_max_bytes', 'area': 'nonheap', 'id': 'Compressed Class Space', 'instance': '10.42.1.126:8080', 'job': 'spring-petclinic'}",1073741824,same_network,3,300
2026-07-24T22:00:34.609954+00:00,2026-07-24T22:00:34.638000+00:00,jvm_memory_max_bytes,api-gateway,10.42.1.129:8080,"{'__name__': 'jvm_memory_max_bytes', 'area': 'nonheap', 'id': 'Compressed Class Space', 'instance': '10.42.1.129:8080', 'job': 'spring-petclinic'}",1073741824,same_network,3,300
2026-07-24T22:00:34.609954+00:00,2026-07-24T22:00:34.638000+00:00,jvm_memory_max_bytes,customers-service,10.42.0.186:8080,"{'__name__': 'jvm_memory_max_bytes', 'area': 'nonheap', 'id': 'Metaspace', 'instance': '10.42.0.186:8080', 'job': 'spring-petclinic'}",-1,same_network,3,300
2026-07-24T22:00:34.609954+00:00,2026-07-24T22:00:34.638000+00:00,jvm_memory_max_bytes,api-gateway,10.42.0.187:8080,"{'__name__': 'jvm_memory_max_bytes', 'area': 'nonheap', 'id': 'Metaspace', 'instance': '10.42.0.187:8080', 'job': 'spring-petclinic'}",-1,same_network,3,300
2026-07-24T22:00:34.609954+00:00,2026-07-24T22:00:34.638000+00:00,jvm_memory_max_bytes,visits-service,10.42.1.122:8080,"{'__name__': 'jvm_memory_max_bytes', 'area': 'nonheap', 'id': 'Metaspace', 'instance': '10.42.1.122:8080', 'job': 'spring-petclinic'}",-1,same_network,3,300
2026-07-24T22:00:34.609954+00:00,2026-07-24T22:00:34.638000+00:00,jvm_memory_max_bytes,vets-service,10.42.1.123:8080,"{'__name__': 'jvm_memory_max_bytes', 'area': 'nonheap', 'id': 'Metaspace', 'instance': '10.42.1.123:8080', 'job': 'spring-petclinic'}",-1,same_network,3,300
2026-07-24T22:00:34.609954+00:00,2026-07-24T22:00:34.638000+00:00,jvm_memory_max_bytes,vets-service,10.42.1.124:8080,"{'__name__': 'jvm_memory_max_bytes', 'area': 'nonheap', 'id': 'Metaspace', 'instance': '10.42.1.124:8080', 'job': 'spring-petclinic'}",-1,same_network,3,300
2026-07-24T22:00:34.609954+00:00,2026-07-24T22:00:34.638000+00:00,jvm_memory_max_bytes,visits-service,10.42.1.125:8080,"{'__name__': 'jvm_memory_max_bytes', 'area': 'nonheap', 'id': 'Metaspace', 'instance': '10.42.1.125:8080', 'job': 'spring-petclinic'}",-1,same_network,3,300
2026-07-24T22:00:34.609954+00:00,2026-07-24T22:00:34.638000+00:00,jvm_memory_max_bytes,customers-service,10.42.1.126:8080,"{'__name__': 'jvm_memory_max_bytes', 'area': 'nonheap', 'id': 'Metaspace', 'instance': '10.42.1.126:8080', 'job': 'spring-petclinic'}",-1,same_network,3,300
2026-07-24T22:00:34.609954+00:00,2026-07-24T22:00:34.638000+00:00,jvm_memory_max_bytes,api-gateway,10.42.1.129:8080,"{'__name__': 'jvm_memory_max_bytes', 'area': 'nonheap', 'id': 'Metaspace', 'instance': '10.42.1.129:8080', 'job': 'spring-petclinic'}",-1,same_network,3,300
2026-07-24T22:00:34.609954+00:00,2026-07-24T22:00:34.644000+00:00,jvm_memory_usage_after_gc_percent,customers-service,10.42.0.186:8080,"{'__name__': 'jvm_memory_usage_after_gc_percent', 'area': 'heap', 'instance': '10.42.0.186:8080', 'job': 'spring-petclinic', 'pool': 'long-lived'}",0.026569463742659397,same_network,3,300
2026-07-24T22:00:34.609954+00:00,2026-07-24T22:00:34.644000+00:00,jvm_memory_usage_after_gc_percent,api-gateway,10.42.0.187:8080,"{'__name__': 'jvm_memory_usage_after_gc_percent', 'area': 'heap', 'instance': '10.42.0.187:8080', 'job': 'spring-petclinic', 'pool': 'long-lived'}",0.7458177843795771,same_network,3,300
2026-07-24T22:00:34.609954+00:00,2026-07-24T22:00:34.644000+00:00,jvm_memory_usage_after_gc_percent,visits-service,10.42.1.122:8080,"{'__name__': 'jvm_memory_usage_after_gc_percent', 'area': 'heap', 'instance': '10.42.1.122:8080', 'job': 'spring-petclinic', 'pool': 'long-lived'}",0.011427864361134812,same_network,3,300
2026-07-24T22:00:34.609954+00:00,2026-07-24T22:00:34.644000+00:00,jvm_memory_usage_after_gc_percent,vets-service,10.42.1.123:8080,"{'__name__': 'jvm_memory_usage_after_gc_percent', 'area': 'heap', 'instance': '10.42.1.123:8080', 'job': 'spring-petclinic', 'pool': 'long-lived'}",0.015514178487627987,same_network,3,300
2026-07-24T22:00:34.609954+00:00,2026-07-24T22:00:34.644000+00:00,jvm_memory_usage_after_gc_percent,vets-service,10.42.1.124:8080,"{'__name__': 'jvm_memory_usage_after_gc_percent', 'area': 'heap', 'instance': '10.42.1.124:8080', 'job': 'spring-petclinic', 'pool': 'long-lived'}",0.018790329031569967,same_network,3,300
2026-07-24T22:00:34.609954+00:00,2026-07-24T22:00:34.644000+00:00,jvm_memory_usage_after_gc_percent,visits-service,10.42.1.125:8080,"{'__name__': 'jvm_memory_usage_after_gc_percent', 'area': 'heap', 'instance': '10.42.1.125:8080', 'job': 'spring-petclinic', 'pool': 'long-lived'}",0.014125743254052902,same_network,3,300
2026-07-24T22:00:34.609954+00:00,2026-07-24T22:00:34.644000+00:00,jvm_memory_usage_after_gc_percent,customers-service,10.42.1.126:8080,"{'__name__': 'jvm_memory_usage_after_gc_percent', 'area': 'heap', 'instance': '10.42.1.126:8080', 'job': 'spring-petclinic', 'pool': 'long-lived'}",0.018668508692406143,same_network,3,300
2026-07-24T22:00:34.609954+00:00,2026-07-24T22:00:34.644000+00:00,jvm_memory_usage_after_gc_percent,api-gateway,10.42.1.129:8080,"{'__name__': 'jvm_memory_usage_after_gc_percent', 'area': 'heap', 'instance': '10.42.1.129:8080', 'job': 'spring-petclinic', 'pool': 'long-lived'}",0.3772317725020597,same_network,3,300
2026-07-24T22:00:34.609954+00:00,2026-07-24T22:00:34.646000+00:00,jvm_gc_live_data_size_bytes,customers-service,10.42.0.186:8080,"{'__name__': 'jvm_gc_live_data_size_bytes', 'instance': '10.42.0.186:8080', 'job': 'spring-petclinic'}",0,same_network,3,300
2026-07-24T22:00:34.609954+00:00,2026-07-24T22:00:34.646000+00:00,jvm_gc_live_data_size_bytes,api-gateway,10.42.0.187:8080,"{'__name__': 'jvm_gc_live_data_size_bytes', 'instance': '10.42.0.187:8080', 'job': 'spring-petclinic'}",56814760,same_network,3,300
2026-07-24T22:00:34.609954+00:00,2026-07-24T22:00:34.646000+00:00,jvm_gc_live_data_size_bytes,visits-service,10.42.1.122:8080,"{'__name__': 'jvm_gc_live_data_size_bytes', 'instance': '10.42.1.122:8080', 'job': 'spring-petclinic'}",0,same_network,3,300
2026-07-24T22:00:34.609954+00:00,2026-07-24T22:00:34.646000+00:00,jvm_gc_live_data_size_bytes,vets-service,10.42.1.123:8080,"{'__name__': 'jvm_gc_live_data_size_bytes', 'instance': '10.42.1.123:8080', 'job': 'spring-petclinic'}",0,same_network,3,300
2026-07-24T22:00:34.609954+00:00,2026-07-24T22:00:34.646000+00:00,jvm_gc_live_data_size_bytes,vets-service,10.42.1.124:8080,"{'__name__': 'jvm_gc_live_data_size_bytes', 'instance': '10.42.1.124:8080', 'job': 'spring-petclinic'}",0,same_network,3,300
2026-07-24T22:00:34.609954+00:00,2026-07-24T22:00:34.646000+00:00,jvm_gc_live_data_size_bytes,visits-service,10.42.1.125:8080,"{'__name__': 'jvm_gc_live_data_size_bytes', 'instance': '10.42.1.125:8080', 'job': 'spring-petclinic'}",0,same_network,3,300
2026-07-24T22:00:34.609954+00:00,2026-07-24T22:00:34.646000+00:00,jvm_gc_live_data_size_bytes,customers-service,10.42.1.126:8080,"{'__name__': 'jvm_gc_live_data_size_bytes', 'instance': '10.42.1.126:8080', 'job': 'spring-petclinic'}",107705856,same_network,3,300
2026-07-24T22:00:34.609954+00:00,2026-07-24T22:00:34.646000+00:00,jvm_gc_live_data_size_bytes,api-gateway,10.42.1.129:8080,"{'__name__': 'jvm_gc_live_data_size_bytes', 'instance': '10.42.1.129:8080', 'job': 'spring-petclinic'}",53117632,same_network,3,300
2026-07-24T22:00:34.609954+00:00,2026-07-24T22:00:34.648000+00:00,jvm_gc_max_data_size_bytes,customers-service,10.42.0.186:8080,"{'__name__': 'jvm_gc_max_data_size_bytes', 'instance': '10.42.0.186:8080', 'job': 'spring-petclinic'}",6249512960,same_network,3,300
2026-07-24T22:00:34.609954+00:00,2026-07-24T22:00:34.648000+00:00,jvm_gc_max_data_size_bytes,api-gateway,10.42.0.187:8080,"{'__name__': 'jvm_gc_max_data_size_bytes', 'instance': '10.42.0.187:8080', 'job': 'spring-petclinic'}",178978816,same_network,3,300
2026-07-24T22:00:34.609954+00:00,2026-07-24T22:00:34.648000+00:00,jvm_gc_max_data_size_bytes,visits-service,10.42.1.122:8080,"{'__name__': 'jvm_gc_max_data_size_bytes', 'instance': '10.42.1.122:8080', 'job': 'spring-petclinic'}",6144655360,same_network,3,300
2026-07-24T22:00:34.609954+00:00,2026-07-24T22:00:34.648000+00:00,jvm_gc_max_data_size_bytes,vets-service,10.42.1.123:8080,"{'__name__': 'jvm_gc_max_data_size_bytes', 'instance': '10.42.1.123:8080', 'job': 'spring-petclinic'}",6144655360,same_network,3,300
2026-07-24T22:00:34.609954+00:00,2026-07-24T22:00:34.648000+00:00,jvm_gc_max_data_size_bytes,vets-service,10.42.1.124:8080,"{'__name__': 'jvm_gc_max_data_size_bytes', 'instance': '10.42.1.124:8080', 'job': 'spring-petclinic'}",6144655360,same_network,3,300
2026-07-24T22:00:34.609954+00:00,2026-07-24T22:00:34.648000+00:00,jvm_gc_max_data_size_bytes,visits-service,10.42.1.125:8080,"{'__name__': 'jvm_gc_max_data_size_bytes', 'instance': '10.42.1.125:8080', 'job': 'spring-petclinic'}",6144655360,same_network,3,300
2026-07-24T22:00:34.609954+00:00,2026-07-24T22:00:34.648000+00:00,jvm_gc_max_data_size_bytes,customers-service,10.42.1.126:8080,"{'__name__': 'jvm_gc_max_data_size_bytes', 'instance': '10.42.1.126:8080', 'job': 'spring-petclinic'}",6144655360,same_network,3,300
2026-07-24T22:00:34.609954+00:00,2026-07-24T22:00:34.648000+00:00,jvm_gc_max_data_size_bytes,api-gateway,10.42.1.129:8080,"{'__name__': 'jvm_gc_max_data_size_bytes', 'instance': '10.42.1.129:8080', 'job': 'spring-petclinic'}",178978816,same_network,3,300
2026-07-24T22:00:34.609954+00:00,2026-07-24T22:00:34.650000+00:00,jvm_gc_memory_allocated_bytes_total,customers-service,10.42.0.186:8080,"{'__name__': 'jvm_gc_memory_allocated_bytes_total', 'instance': '10.42.0.186:8080', 'job': 'spring-petclinic'}",140676956120,same_network,3,300
2026-07-24T22:00:34.609954+00:00,2026-07-24T22:00:34.650000+00:00,jvm_gc_memory_allocated_bytes_total,api-gateway,10.42.0.187:8080,"{'__name__': 'jvm_gc_memory_allocated_bytes_total', 'instance': '10.42.0.187:8080', 'job': 'spring-petclinic'}",554763374272,same_network,3,300
2026-07-24T22:00:34.609954+00:00,2026-07-24T22:00:34.650000+00:00,jvm_gc_memory_allocated_bytes_total,visits-service,10.42.1.122:8080,"{'__name__': 'jvm_gc_memory_allocated_bytes_total', 'instance': '10.42.1.122:8080', 'job': 'spring-petclinic'}",25820135424,same_network,3,300
2026-07-24T22:00:34.609954+00:00,2026-07-24T22:00:34.650000+00:00,jvm_gc_memory_allocated_bytes_total,vets-service,10.42.1.123:8080,"{'__name__': 'jvm_gc_memory_allocated_bytes_total', 'instance': '10.42.1.123:8080', 'job': 'spring-petclinic'}",57671679992,same_network,3,300
2026-07-24T22:00:34.609954+00:00,2026-07-24T22:00:34.650000+00:00,jvm_gc_memory_allocated_bytes_total,vets-service,10.42.1.124:8080,"{'__name__': 'jvm_gc_memory_allocated_bytes_total', 'instance': '10.42.1.124:8080', 'job': 'spring-petclinic'}",58929971200,same_network,3,300
2026-07-24T22:00:34.609954+00:00,2026-07-24T22:00:34.650000+00:00,jvm_gc_memory_allocated_bytes_total,visits-service,10.42.1.125:8080,"{'__name__': 'jvm_gc_memory_allocated_bytes_total', 'instance': '10.42.1.125:8080', 'job': 'spring-petclinic'}",25258098680,same_network,3,300
2026-07-24T22:00:34.609954+00:00,2026-07-24T22:00:34.650000+00:00,jvm_gc_memory_allocated_bytes_total,customers-service,10.42.1.126:8080,"{'__name__': 'jvm_gc_memory_allocated_bytes_total', 'instance': '10.42.1.126:8080', 'job': 'spring-petclinic'}",139603214160,same_network,3,300
2026-07-24T22:00:34.609954+00:00,2026-07-24T22:00:34.650000+00:00,jvm_gc_memory_allocated_bytes_total,api-gateway,10.42.1.129:8080,"{'__name__': 'jvm_gc_memory_allocated_bytes_total', 'instance': '10.42.1.129:8080', 'job': 'spring-petclinic'}",1723400192,same_network,3,300
2026-07-24T22:00:34.609954+00:00,2026-07-24T22:00:34.653000+00:00,jvm_gc_memory_promoted_bytes_total,customers-service,10.42.0.186:8080,"{'__name__': 'jvm_gc_memory_promoted_bytes_total', 'instance': '10.42.0.186:8080', 'job': 'spring-petclinic'}",141676544,same_network,3,300
2026-07-24T22:00:34.609954+00:00,2026-07-24T22:00:34.653000+00:00,jvm_gc_memory_promoted_bytes_total,api-gateway,10.42.0.187:8080,"{'__name__': 'jvm_gc_memory_promoted_bytes_total', 'instance': '10.42.0.187:8080', 'job': 'spring-petclinic'}",3843651880,same_network,3,300
2026-07-24T22:00:34.609954+00:00,2026-07-24T22:00:34.653000+00:00,jvm_gc_memory_promoted_bytes_total,visits-service,10.42.1.122:8080,"{'__name__': 'jvm_gc_memory_promoted_bytes_total', 'instance': '10.42.1.122:8080', 'job': 'spring-petclinic'}",45630976,same_network,3,300
2026-07-24T22:00:34.609954+00:00,2026-07-24T22:00:34.653000+00:00,jvm_gc_memory_promoted_bytes_total,vets-service,10.42.1.123:8080,"{'__name__': 'jvm_gc_memory_promoted_bytes_total', 'instance': '10.42.1.123:8080', 'job': 'spring-petclinic'}",71013376,same_network,3,300
2026-07-24T22:00:34.609954+00:00,2026-07-24T22:00:34.653000+00:00,jvm_gc_memory_promoted_bytes_total,vets-service,10.42.1.124:8080,"{'__name__': 'jvm_gc_memory_promoted_bytes_total', 'instance': '10.42.1.124:8080', 'job': 'spring-petclinic'}",90868224,same_network,3,300
2026-07-24T22:00:34.609954+00:00,2026-07-24T22:00:34.653000+00:00,jvm_gc_memory_promoted_bytes_total,visits-service,10.42.1.125:8080,"{'__name__': 'jvm_gc_memory_promoted_bytes_total', 'instance': '10.42.1.125:8080', 'job': 'spring-petclinic'}",63517184,same_network,3,300
2026-07-24T22:00:34.609954+00:00,2026-07-24T22:00:34.653000+00:00,jvm_gc_memory_promoted_bytes_total,customers-service,10.42.1.126:8080,"{'__name__': 'jvm_gc_memory_promoted_bytes_total', 'instance': '10.42.1.126:8080', 'job': 'spring-petclinic'}",383055872,same_network,3,300
2026-07-24T22:00:34.609954+00:00,2026-07-24T22:00:34.653000+00:00,jvm_gc_memory_promoted_bytes_total,api-gateway,10.42.1.129:8080,"{'__name__': 'jvm_gc_memory_promoted_bytes_total', 'instance': '10.42.1.129:8080', 'job': 'spring-petclinic'}",50353368,same_network,3,300
2026-07-24T22:00:34.609954+00:00,2026-07-24T22:00:34.655000+00:00,jvm_gc_overhead_percent,customers-service,10.42.0.186:8080,"{'__name__': 'jvm_gc_overhead_percent', 'instance': '10.42.0.186:8080', 'job': 'spring-petclinic'}",0.00076,same_network,3,300
2026-07-24T22:00:34.609954+00:00,2026-07-24T22:00:34.655000+00:00,jvm_gc_overhead_percent,api-gateway,10.42.0.187:8080,"{'__name__': 'jvm_gc_overhead_percent', 'instance': '10.42.0.187:8080', 'job': 'spring-petclinic'}",0.008436666666666667,same_network,3,300
2026-07-24T22:00:34.609954+00:00,2026-07-24T22:00:34.655000+00:00,jvm_gc_overhead_percent,visits-service,10.42.1.122:8080,"{'__name__': 'jvm_gc_overhead_percent', 'instance': '10.42.1.122:8080', 'job': 'spring-petclinic'}",0.00016,same_network,3,300
2026-07-24T22:00:34.609954+00:00,2026-07-24T22:00:34.655000+00:00,jvm_gc_overhead_percent,vets-service,10.42.1.123:8080,"{'__name__': 'jvm_gc_overhead_percent', 'instance': '10.42.1.123:8080', 'job': 'spring-petclinic'}",0.00027666666666666665,same_network,3,300
2026-07-24T22:00:34.609954+00:00,2026-07-24T22:00:34.655000+00:00,jvm_gc_overhead_percent,vets-service,10.42.1.124:8080,"{'__name__': 'jvm_gc_overhead_percent', 'instance': '10.42.1.124:8080', 'job': 'spring-petclinic'}",0.0005933333333333333,same_network,3,300
2026-07-24T22:00:34.609954+00:00,2026-07-24T22:00:34.655000+00:00,jvm_gc_overhead_percent,visits-service,10.42.1.125:8080,"{'__name__': 'jvm_gc_overhead_percent', 'instance': '10.42.1.125:8080', 'job': 'spring-petclinic'}",0.00023666666666666665,same_network,3,300
2026-07-24T22:00:34.609954+00:00,2026-07-24T22:00:34.655000+00:00,jvm_gc_overhead_percent,customers-service,10.42.1.126:8080,"{'__name__': 'jvm_gc_overhead_percent', 'instance': '10.42.1.126:8080', 'job': 'spring-petclinic'}",0.00048,same_network,3,300
2026-07-24T22:00:34.609954+00:00,2026-07-24T22:00:34.655000+00:00,jvm_gc_overhead_percent,api-gateway,10.42.1.129:8080,"{'__name__': 'jvm_gc_overhead_percent', 'instance': '10.42.1.129:8080', 'job': 'spring-petclinic'}",0.009610647418764598,same_network,3,300
2026-07-24T22:00:34.609954+00:00,2026-07-24T22:00:34.658000+00:00,jvm_gc_pause_seconds_count,api-gateway,10.42.0.187:8080,"{'__name__': 'jvm_gc_pause_seconds_count', 'action': 'end of major GC', 'cause': 'Allocation Failure', 'instance': '10.42.0.187:8080', 'job': 'spring-petclinic'}",145,same_network,3,300
2026-07-24T22:00:34.609954+00:00,2026-07-24T22:00:34.658000+00:00,jvm_gc_pause_seconds_count,api-gateway,10.42.1.129:8080,"{'__name__': 'jvm_gc_pause_seconds_count', 'action': 'end of major GC', 'cause': 'Allocation Failure', 'instance': '10.42.1.129:8080', 'job': 'spring-petclinic'}",2,same_network,3,300
2026-07-24T22:00:34.609954+00:00,2026-07-24T22:00:34.658000+00:00,jvm_gc_pause_seconds_count,api-gateway,10.42.0.187:8080,"{'__name__': 'jvm_gc_pause_seconds_count', 'action': 'end of minor GC', 'cause': 'Allocation Failure', 'instance': '10.42.0.187:8080', 'job': 'spring-petclinic'}",13867,same_network,3,300
2026-07-24T22:00:34.609954+00:00,2026-07-24T22:00:34.658000+00:00,jvm_gc_pause_seconds_count,api-gateway,10.42.1.129:8080,"{'__name__': 'jvm_gc_pause_seconds_count', 'action': 'end of minor GC', 'cause': 'Allocation Failure', 'instance': '10.42.1.129:8080', 'job': 'spring-petclinic'}",74,same_network,3,300
2026-07-24T22:00:34.609954+00:00,2026-07-24T22:00:34.658000+00:00,jvm_gc_pause_seconds_count,customers-service,10.42.0.186:8080,"{'__name__': 'jvm_gc_pause_seconds_count', 'action': 'end of minor GC', 'cause': 'G1 Evacuation Pause', 'instance': '10.42.0.186:8080', 'job': 'spring-petclinic'}",559,same_network,3,300
2026-07-24T22:00:34.609954+00:00,2026-07-24T22:00:34.658000+00:00,jvm_gc_pause_seconds_count,visits-service,10.42.1.122:8080,"{'__name__': 'jvm_gc_pause_seconds_count', 'action': 'end of minor GC', 'cause': 'G1 Evacuation Pause', 'instance': '10.42.1.122:8080', 'job': 'spring-petclinic'}",122,same_network,3,300
2026-07-24T22:00:34.609954+00:00,2026-07-24T22:00:34.658000+00:00,jvm_gc_pause_seconds_count,vets-service,10.42.1.123:8080,"{'__name__': 'jvm_gc_pause_seconds_count', 'action': 'end of minor GC', 'cause': 'G1 Evacuation Pause', 'instance': '10.42.1.123:8080', 'job': 'spring-petclinic'}",217,same_network,3,300
2026-07-24T22:00:34.609954+00:00,2026-07-24T22:00:34.658000+00:00,jvm_gc_pause_seconds_count,vets-service,10.42.1.124:8080,"{'__name__': 'jvm_gc_pause_seconds_count', 'action': 'end of minor GC', 'cause': 'G1 Evacuation Pause', 'instance': '10.42.1.124:8080', 'job': 'spring-petclinic'}",411,same_network,3,300
2026-07-24T22:00:34.609954+00:00,2026-07-24T22:00:34.658000+00:00,jvm_gc_pause_seconds_count,visits-service,10.42.1.125:8080,"{'__name__': 'jvm_gc_pause_seconds_count', 'action': 'end of minor GC', 'cause': 'G1 Evacuation Pause', 'instance': '10.42.1.125:8080', 'job': 'spring-petclinic'}",207,same_network,3,300
2026-07-24T22:00:34.609954+00:00,2026-07-24T22:00:34.658000+00:00,jvm_gc_pause_seconds_count,customers-service,10.42.1.126:8080,"{'__name__': 'jvm_gc_pause_seconds_count', 'action': 'end of minor GC', 'cause': 'G1 Evacuation Pause', 'instance': '10.42.1.126:8080', 'job': 'spring-petclinic'}",1985,same_network,3,300
2026-07-24T22:00:34.609954+00:00,2026-07-24T22:00:34.658000+00:00,jvm_gc_pause_seconds_count,customers-service,10.42.1.126:8080,"{'__name__': 'jvm_gc_pause_seconds_count', 'action': 'end of minor GC', 'cause': 'G1 Preventive Collection', 'instance': '10.42.1.126:8080', 'job': 'spring-petclinic'}",1,same_network,3,300
2026-07-24T22:00:34.609954+00:00,2026-07-24T22:00:34.658000+00:00,jvm_gc_pause_seconds_count,visits-service,10.42.1.125:8080,"{'__name__': 'jvm_gc_pause_seconds_count', 'action': 'end of minor GC', 'cause': 'GCLocker Initiated GC', 'instance': '10.42.1.125:8080', 'job': 'spring-petclinic'}",1,same_network,3,300
2026-07-24T22:00:34.609954+00:00,2026-07-24T22:00:34.658000+00:00,jvm_gc_pause_seconds_count,customers-service,10.42.1.126:8080,"{'__name__': 'jvm_gc_pause_seconds_count', 'action': 'end of minor GC', 'cause': 'GCLocker Initiated GC', 'instance': '10.42.1.126:8080', 'job': 'spring-petclinic'}",2,same_network,3,300
2026-07-24T22:00:34.609954+00:00,2026-07-24T22:00:34.658000+00:00,jvm_gc_pause_seconds_count,customers-service,10.42.0.186:8080,"{'__name__': 'jvm_gc_pause_seconds_count', 'action': 'end of minor GC', 'cause': 'Metadata GC Threshold', 'instance': '10.42.0.186:8080', 'job': 'spring-petclinic'}",1,same_network,3,300
2026-07-24T22:00:34.609954+00:00,2026-07-24T22:00:34.658000+00:00,jvm_gc_pause_seconds_count,visits-service,10.42.1.122:8080,"{'__name__': 'jvm_gc_pause_seconds_count', 'action': 'end of minor GC', 'cause': 'Metadata GC Threshold', 'instance': '10.42.1.122:8080', 'job': 'spring-petclinic'}",1,same_network,3,300
2026-07-24T22:00:34.609954+00:00,2026-07-24T22:00:34.658000+00:00,jvm_gc_pause_seconds_count,vets-service,10.42.1.123:8080,"{'__name__': 'jvm_gc_pause_seconds_count', 'action': 'end of minor GC', 'cause': 'Metadata GC Threshold', 'instance': '10.42.1.123:8080', 'job': 'spring-petclinic'}",1,same_network,3,300
2026-07-24T22:00:34.609954+00:00,2026-07-24T22:00:34.658000+00:00,jvm_gc_pause_seconds_count,vets-service,10.42.1.124:8080,"{'__name__': 'jvm_gc_pause_seconds_count', 'action': 'end of minor GC', 'cause': 'Metadata GC Threshold', 'instance': '10.42.1.124:8080', 'job': 'spring-petclinic'}",1,same_network,3,300
2026-07-24T22:00:34.609954+00:00,2026-07-24T22:00:34.658000+00:00,jvm_gc_pause_seconds_count,visits-service,10.42.1.125:8080,"{'__name__': 'jvm_gc_pause_seconds_count', 'action': 'end of minor GC', 'cause': 'Metadata GC Threshold', 'instance': '10.42.1.125:8080', 'job': 'spring-petclinic'}",1,same_network,3,300
2026-07-24T22:00:34.609954+00:00,2026-07-24T22:00:34.658000+00:00,jvm_gc_pause_seconds_count,customers-service,10.42.1.126:8080,"{'__name__': 'jvm_gc_pause_seconds_count', 'action': 'end of minor GC', 'cause': 'Metadata GC Threshold', 'instance': '10.42.1.126:8080', 'job': 'spring-petclinic'}",1,same_network,3,300
2026-07-24T22:00:34.609954+00:00,2026-07-24T22:00:34.661000+00:00,jvm_gc_pause_seconds_sum,api-gateway,10.42.0.187:8080,"{'__name__': 'jvm_gc_pause_seconds_sum', 'action': 'end of major GC', 'cause': 'Allocation Failure', 'instance': '10.42.0.187:8080', 'job': 'spring-petclinic'}",76.808,same_network,3,300
2026-07-24T22:00:34.609954+00:00,2026-07-24T22:00:34.661000+00:00,jvm_gc_pause_seconds_sum,api-gateway,10.42.1.129:8080,"{'__name__': 'jvm_gc_pause_seconds_sum', 'action': 'end of major GC', 'cause': 'Allocation Failure', 'instance': '10.42.1.129:8080', 'job': 'spring-petclinic'}",0.252,same_network,3,300
2026-07-24T22:00:34.609954+00:00,2026-07-24T22:00:34.661000+00:00,jvm_gc_pause_seconds_sum,api-gateway,10.42.0.187:8080,"{'__name__': 'jvm_gc_pause_seconds_sum', 'action': 'end of minor GC', 'cause': 'Allocation Failure', 'instance': '10.42.0.187:8080', 'job': 'spring-petclinic'}",93.85,same_network,3,300
2026-07-24T22:00:34.609954+00:00,2026-07-24T22:00:34.661000+00:00,jvm_gc_pause_seconds_sum,api-gateway,10.42.1.129:8080,"{'__name__': 'jvm_gc_pause_seconds_sum', 'action': 'end of minor GC', 'cause': 'Allocation Failure', 'instance': '10.42.1.129:8080', 'job': 'spring-petclinic'}",0.609,same_network,3,300
2026-07-24T22:00:34.609954+00:00,2026-07-24T22:00:34.661000+00:00,jvm_gc_pause_seconds_sum,customers-service,10.42.0.186:8080,"{'__name__': 'jvm_gc_pause_seconds_sum', 'action': 'end of minor GC', 'cause': 'G1 Evacuation Pause', 'instance': '10.42.0.186:8080', 'job': 'spring-petclinic'}",7.27,same_network,3,300
2026-07-24T22:00:34.609954+00:00,2026-07-24T22:00:34.661000+00:00,jvm_gc_pause_seconds_sum,visits-service,10.42.1.122:8080,"{'__name__': 'jvm_gc_pause_seconds_sum', 'action': 'end of minor GC', 'cause': 'G1 Evacuation Pause', 'instance': '10.42.1.122:8080', 'job': 'spring-petclinic'}",1.988,same_network,3,300
2026-07-24T22:00:34.609954+00:00,2026-07-24T22:00:34.661000+00:00,jvm_gc_pause_seconds_sum,vets-service,10.42.1.123:8080,"{'__name__': 'jvm_gc_pause_seconds_sum', 'action': 'end of minor GC', 'cause': 'G1 Evacuation Pause', 'instance': '10.42.1.123:8080', 'job': 'spring-petclinic'}",3.11,same_network,3,300
2026-07-24T22:00:34.609954+00:00,2026-07-24T22:00:34.661000+00:00,jvm_gc_pause_seconds_sum,vets-service,10.42.1.124:8080,"{'__name__': 'jvm_gc_pause_seconds_sum', 'action': 'end of minor GC', 'cause': 'G1 Evacuation Pause', 'instance': '10.42.1.124:8080', 'job': 'spring-petclinic'}",6.196,same_network,3,300
2026-07-24T22:00:34.609954+00:00,2026-07-24T22:00:34.661000+00:00,jvm_gc_pause_seconds_sum,visits-service,10.42.1.125:8080,"{'__name__': 'jvm_gc_pause_seconds_sum', 'action': 'end of minor GC', 'cause': 'G1 Evacuation Pause', 'instance': '10.42.1.125:8080', 'job': 'spring-petclinic'}",2.961,same_network,3,300
2026-07-24T22:00:34.609954+00:00,2026-07-24T22:00:34.661000+00:00,jvm_gc_pause_seconds_sum,customers-service,10.42.1.126:8080,"{'__name__': 'jvm_gc_pause_seconds_sum', 'action': 'end of minor GC', 'cause': 'G1 Evacuation Pause', 'instance': '10.42.1.126:8080', 'job': 'spring-petclinic'}",20.669,same_network,3,300
2026-07-24T22:00:34.609954+00:00,2026-07-24T22:00:34.661000+00:00,jvm_gc_pause_seconds_sum,customers-service,10.42.1.126:8080,"{'__name__': 'jvm_gc_pause_seconds_sum', 'action': 'end of minor GC', 'cause': 'G1 Preventive Collection', 'instance': '10.42.1.126:8080', 'job': 'spring-petclinic'}",0.008,same_network,3,300
2026-07-24T22:00:34.609954+00:00,2026-07-24T22:00:34.661000+00:00,jvm_gc_pause_seconds_sum,visits-service,10.42.1.125:8080,"{'__name__': 'jvm_gc_pause_seconds_sum', 'action': 'end of minor GC', 'cause': 'GCLocker Initiated GC', 'instance': '10.42.1.125:8080', 'job': 'spring-petclinic'}",0.011,same_network,3,300
2026-07-24T22:00:34.609954+00:00,2026-07-24T22:00:34.661000+00:00,jvm_gc_pause_seconds_sum,customers-service,10.42.1.126:8080,"{'__name__': 'jvm_gc_pause_seconds_sum', 'action': 'end of minor GC', 'cause': 'GCLocker Initiated GC', 'instance': '10.42.1.126:8080', 'job': 'spring-petclinic'}",0.009,same_network,3,300
2026-07-24T22:00:34.609954+00:00,2026-07-24T22:00:34.661000+00:00,jvm_gc_pause_seconds_sum,customers-service,10.42.0.186:8080,"{'__name__': 'jvm_gc_pause_seconds_sum', 'action': 'end of minor GC', 'cause': 'Metadata GC Threshold', 'instance': '10.42.0.186:8080', 'job': 'spring-petclinic'}",0.02,same_network,3,300
2026-07-24T22:00:34.609954+00:00,2026-07-24T22:00:34.661000+00:00,jvm_gc_pause_seconds_sum,visits-service,10.42.1.122:8080,"{'__name__': 'jvm_gc_pause_seconds_sum', 'action': 'end of minor GC', 'cause': 'Metadata GC Threshold', 'instance': '10.42.1.122:8080', 'job': 'spring-petclinic'}",0.011,same_network,3,300
2026-07-24T22:00:34.609954+00:00,2026-07-24T22:00:34.661000+00:00,jvm_gc_pause_seconds_sum,vets-service,10.42.1.123:8080,"{'__name__': 'jvm_gc_pause_seconds_sum', 'action': 'end of minor GC', 'cause': 'Metadata GC Threshold', 'instance': '10.42.1.123:8080', 'job': 'spring-petclinic'}",0.021,same_network,3,300
2026-07-24T22:00:34.609954+00:00,2026-07-24T22:00:34.661000+00:00,jvm_gc_pause_seconds_sum,vets-service,10.42.1.124:8080,"{'__name__': 'jvm_gc_pause_seconds_sum', 'action': 'end of minor GC', 'cause': 'Metadata GC Threshold', 'instance': '10.42.1.124:8080', 'job': 'spring-petclinic'}",0.014,same_network,3,300
2026-07-24T22:00:34.609954+00:00,2026-07-24T22:00:34.661000+00:00,jvm_gc_pause_seconds_sum,visits-service,10.42.1.125:8080,"{'__name__': 'jvm_gc_pause_seconds_sum', 'action': 'end of minor GC', 'cause': 'Metadata GC Threshold', 'instance': '10.42.1.125:8080', 'job': 'spring-petclinic'}",0.009,same_network,3,300
2026-07-24T22:00:34.609954+00:00,2026-07-24T22:00:34.661000+00:00,jvm_gc_pause_seconds_sum,customers-service,10.42.1.126:8080,"{'__name__': 'jvm_gc_pause_seconds_sum', 'action': 'end of minor GC', 'cause': 'Metadata GC Threshold', 'instance': '10.42.1.126:8080', 'job': 'spring-petclinic'}",0.009,same_network,3,300
2026-07-24T22:00:34.609954+00:00,2026-07-24T22:00:34.664000+00:00,jvm_gc_pause_seconds_max,api-gateway,10.42.0.187:8080,"{'__name__': 'jvm_gc_pause_seconds_max', 'action': 'end of major GC', 'cause': 'Allocation Failure', 'instance': '10.42.0.187:8080', 'job': 'spring-petclinic'}",0,same_network,3,300
2026-07-24T22:00:34.609954+00:00,2026-07-24T22:00:34.664000+00:00,jvm_gc_pause_seconds_max,api-gateway,10.42.1.129:8080,"{'__name__': 'jvm_gc_pause_seconds_max', 'action': 'end of major GC', 'cause': 'Allocation Failure', 'instance': '10.42.1.129:8080', 'job': 'spring-petclinic'}",0.137,same_network,3,300
2026-07-24T22:00:34.609954+00:00,2026-07-24T22:00:34.664000+00:00,jvm_gc_pause_seconds_max,api-gateway,10.42.0.187:8080,"{'__name__': 'jvm_gc_pause_seconds_max', 'action': 'end of minor GC', 'cause': 'Allocation Failure', 'instance': '10.42.0.187:8080', 'job': 'spring-petclinic'}",0.029,same_network,3,300
2026-07-24T22:00:34.609954+00:00,2026-07-24T22:00:34.664000+00:00,jvm_gc_pause_seconds_max,api-gateway,10.42.1.129:8080,"{'__name__': 'jvm_gc_pause_seconds_max', 'action': 'end of minor GC', 'cause': 'Allocation Failure', 'instance': '10.42.1.129:8080', 'job': 'spring-petclinic'}",0.022,same_network,3,300
2026-07-24T22:00:34.609954+00:00,2026-07-24T22:00:34.664000+00:00,jvm_gc_pause_seconds_max,customers-service,10.42.0.186:8080,"{'__name__': 'jvm_gc_pause_seconds_max', 'action': 'end of minor GC', 'cause': 'G1 Evacuation Pause', 'instance': '10.42.0.186:8080', 'job': 'spring-petclinic'}",0.023,same_network,3,300
2026-07-24T22:00:34.609954+00:00,2026-07-24T22:00:34.664000+00:00,jvm_gc_pause_seconds_max,visits-service,10.42.1.122:8080,"{'__name__': 'jvm_gc_pause_seconds_max', 'action': 'end of minor GC', 'cause': 'G1 Evacuation Pause', 'instance': '10.42.1.122:8080', 'job': 'spring-petclinic'}",0.017,same_network,3,300
2026-07-24T22:00:34.609954+00:00,2026-07-24T22:00:34.664000+00:00,jvm_gc_pause_seconds_max,vets-service,10.42.1.123:8080,"{'__name__': 'jvm_gc_pause_seconds_max', 'action': 'end of minor GC', 'cause': 'G1 Evacuation Pause', 'instance': '10.42.1.123:8080', 'job': 'spring-petclinic'}",0.019,same_network,3,300
2026-07-24T22:00:34.609954+00:00,2026-07-24T22:00:34.664000+00:00,jvm_gc_pause_seconds_max,vets-service,10.42.1.124:8080,"{'__name__': 'jvm_gc_pause_seconds_max', 'action': 'end of minor GC', 'cause': 'G1 Evacuation Pause', 'instance': '10.42.1.124:8080', 'job': 'spring-petclinic'}",0.018,same_network,3,300
2026-07-24T22:00:34.609954+00:00,2026-07-24T22:00:34.664000+00:00,jvm_gc_pause_seconds_max,visits-service,10.42.1.125:8080,"{'__name__': 'jvm_gc_pause_seconds_max', 'action': 'end of minor GC', 'cause': 'G1 Evacuation Pause', 'instance': '10.42.1.125:8080', 'job': 'spring-petclinic'}",0.014,same_network,3,300
2026-07-24T22:00:34.609954+00:00,2026-07-24T22:00:34.664000+00:00,jvm_gc_pause_seconds_max,customers-service,10.42.1.126:8080,"{'__name__': 'jvm_gc_pause_seconds_max', 'action': 'end of minor GC', 'cause': 'G1 Evacuation Pause', 'instance': '10.42.1.126:8080', 'job': 'spring-petclinic'}",0.024,same_network,3,300
2026-07-24T22:00:34.609954+00:00,2026-07-24T22:00:34.664000+00:00,jvm_gc_pause_seconds_max,customers-service,10.42.1.126:8080,"{'__name__': 'jvm_gc_pause_seconds_max', 'action': 'end of minor GC', 'cause': 'G1 Preventive Collection', 'instance': '10.42.1.126:8080', 'job': 'spring-petclinic'}",0,same_network,3,300
2026-07-24T22:00:34.609954+00:00,2026-07-24T22:00:34.664000+00:00,jvm_gc_pause_seconds_max,visits-service,10.42.1.125:8080,"{'__name__': 'jvm_gc_pause_seconds_max', 'action': 'end of minor GC', 'cause': 'GCLocker Initiated GC', 'instance': '10.42.1.125:8080', 'job': 'spring-petclinic'}",0,same_network,3,300
2026-07-24T22:00:34.609954+00:00,2026-07-24T22:00:34.664000+00:00,jvm_gc_pause_seconds_max,customers-service,10.42.1.126:8080,"{'__name__': 'jvm_gc_pause_seconds_max', 'action': 'end of minor GC', 'cause': 'GCLocker Initiated GC', 'instance': '10.42.1.126:8080', 'job': 'spring-petclinic'}",0,same_network,3,300
2026-07-24T22:00:34.609954+00:00,2026-07-24T22:00:34.664000+00:00,jvm_gc_pause_seconds_max,customers-service,10.42.0.186:8080,"{'__name__': 'jvm_gc_pause_seconds_max', 'action': 'end of minor GC', 'cause': 'Metadata GC Threshold', 'instance': '10.42.0.186:8080', 'job': 'spring-petclinic'}",0,same_network,3,300
2026-07-24T22:00:34.609954+00:00,2026-07-24T22:00:34.664000+00:00,jvm_gc_pause_seconds_max,visits-service,10.42.1.122:8080,"{'__name__': 'jvm_gc_pause_seconds_max', 'action': 'end of minor GC', 'cause': 'Metadata GC Threshold', 'instance': '10.42.1.122:8080', 'job': 'spring-petclinic'}",0,same_network,3,300
2026-07-24T22:00:34.609954+00:00,2026-07-24T22:00:34.664000+00:00,jvm_gc_pause_seconds_max,vets-service,10.42.1.123:8080,"{'__name__': 'jvm_gc_pause_seconds_max', 'action': 'end of minor GC', 'cause': 'Metadata GC Threshold', 'instance': '10.42.1.123:8080', 'job': 'spring-petclinic'}",0,same_network,3,300
2026-07-24T22:00:34.609954+00:00,2026-07-24T22:00:34.664000+00:00,jvm_gc_pause_seconds_max,vets-service,10.42.1.124:8080,"{'__name__': 'jvm_gc_pause_seconds_max', 'action': 'end of minor GC', 'cause': 'Metadata GC Threshold', 'instance': '10.42.1.124:8080', 'job': 'spring-petclinic'}",0,same_network,3,300
2026-07-24T22:00:34.609954+00:00,2026-07-24T22:00:34.664000+00:00,jvm_gc_pause_seconds_max,visits-service,10.42.1.125:8080,"{'__name__': 'jvm_gc_pause_seconds_max', 'action': 'end of minor GC', 'cause': 'Metadata GC Threshold', 'instance': '10.42.1.125:8080', 'job': 'spring-petclinic'}",0,same_network,3,300
2026-07-24T22:00:34.609954+00:00,2026-07-24T22:00:34.664000+00:00,jvm_gc_pause_seconds_max,customers-service,10.42.1.126:8080,"{'__name__': 'jvm_gc_pause_seconds_max', 'action': 'end of minor GC', 'cause': 'Metadata GC Threshold', 'instance': '10.42.1.126:8080', 'job': 'spring-petclinic'}",0,same_network,3,300
2026-07-24T22:00:34.609954+00:00,2026-07-24T22:00:34.667000+00:00,jvm_buffer_count_buffers,customers-service,10.42.0.186:8080,"{'__name__': 'jvm_buffer_count_buffers', 'id': 'direct', 'instance': '10.42.0.186:8080', 'job': 'spring-petclinic'}",205,same_network,3,300
2026-07-24T22:00:34.609954+00:00,2026-07-24T22:00:34.667000+00:00,jvm_buffer_count_buffers,api-gateway,10.42.0.187:8080,"{'__name__': 'jvm_buffer_count_buffers', 'id': 'direct', 'instance': '10.42.0.187:8080', 'job': 'spring-petclinic'}",31,same_network,3,300
2026-07-24T22:00:34.609954+00:00,2026-07-24T22:00:34.667000+00:00,jvm_buffer_count_buffers,visits-service,10.42.1.122:8080,"{'__name__': 'jvm_buffer_count_buffers', 'id': 'direct', 'instance': '10.42.1.122:8080', 'job': 'spring-petclinic'}",22,same_network,3,300
2026-07-24T22:00:34.609954+00:00,2026-07-24T22:00:34.667000+00:00,jvm_buffer_count_buffers,vets-service,10.42.1.123:8080,"{'__name__': 'jvm_buffer_count_buffers', 'id': 'direct', 'instance': '10.42.1.123:8080', 'job': 'spring-petclinic'}",89,same_network,3,300
2026-07-24T22:00:34.609954+00:00,2026-07-24T22:00:34.667000+00:00,jvm_buffer_count_buffers,vets-service,10.42.1.124:8080,"{'__name__': 'jvm_buffer_count_buffers', 'id': 'direct', 'instance': '10.42.1.124:8080', 'job': 'spring-petclinic'}",22,same_network,3,300
2026-07-24T22:00:34.609954+00:00,2026-07-24T22:00:34.667000+00:00,jvm_buffer_count_buffers,visits-service,10.42.1.125:8080,"{'__name__': 'jvm_buffer_count_buffers', 'id': 'direct', 'instance': '10.42.1.125:8080', 'job': 'spring-petclinic'}",16,same_network,3,300
2026-07-24T22:00:34.609954+00:00,2026-07-24T22:00:34.667000+00:00,jvm_buffer_count_buffers,customers-service,10.42.1.126:8080,"{'__name__': 'jvm_buffer_count_buffers', 'id': 'direct', 'instance': '10.42.1.126:8080', 'job': 'spring-petclinic'}",188,same_network,3,300
2026-07-24T22:00:34.609954+00:00,2026-07-24T22:00:34.667000+00:00,jvm_buffer_count_buffers,api-gateway,10.42.1.129:8080,"{'__name__': 'jvm_buffer_count_buffers', 'id': 'direct', 'instance': '10.42.1.129:8080', 'job': 'spring-petclinic'}",21,same_network,3,300
2026-07-24T22:00:34.609954+00:00,2026-07-24T22:00:34.667000+00:00,jvm_buffer_count_buffers,customers-service,10.42.0.186:8080,"{'__name__': 'jvm_buffer_count_buffers', 'id': 'mapped', 'instance': '10.42.0.186:8080', 'job': 'spring-petclinic'}",0,same_network,3,300
2026-07-24T22:00:34.609954+00:00,2026-07-24T22:00:34.667000+00:00,jvm_buffer_count_buffers,api-gateway,10.42.0.187:8080,"{'__name__': 'jvm_buffer_count_buffers', 'id': 'mapped', 'instance': '10.42.0.187:8080', 'job': 'spring-petclinic'}",0,same_network,3,300
2026-07-24T22:00:34.609954+00:00,2026-07-24T22:00:34.667000+00:00,jvm_buffer_count_buffers,visits-service,10.42.1.122:8080,"{'__name__': 'jvm_buffer_count_buffers', 'id': 'mapped', 'instance': '10.42.1.122:8080', 'job': 'spring-petclinic'}",0,same_network,3,300
2026-07-24T22:00:34.609954+00:00,2026-07-24T22:00:34.667000+00:00,jvm_buffer_count_buffers,vets-service,10.42.1.123:8080,"{'__name__': 'jvm_buffer_count_buffers', 'id': 'mapped', 'instance': '10.42.1.123:8080', 'job': 'spring-petclinic'}",0,same_network,3,300
2026-07-24T22:00:34.609954+00:00,2026-07-24T22:00:34.667000+00:00,jvm_buffer_count_buffers,vets-service,10.42.1.124:8080,"{'__name__': 'jvm_buffer_count_buffers', 'id': 'mapped', 'instance': '10.42.1.124:8080', 'job': 'spring-petclinic'}",0,same_network,3,300
2026-07-24T22:00:34.609954+00:00,2026-07-24T22:00:34.667000+00:00,jvm_buffer_count_buffers,visits-service,10.42.1.125:8080,"{'__name__': 'jvm_buffer_count_buffers', 'id': 'mapped', 'instance': '10.42.1.125:8080', 'job': 'spring-petclinic'}",0,same_network,3,300
2026-07-24T22:00:34.609954+00:00,2026-07-24T22:00:34.667000+00:00,jvm_buffer_count_buffers,customers-service,10.42.1.126:8080,"{'__name__': 'jvm_buffer_count_buffers', 'id': 'mapped', 'instance': '10.42.1.126:8080', 'job': 'spring-petclinic'}",0,same_network,3,300
2026-07-24T22:00:34.609954+00:00,2026-07-24T22:00:34.667000+00:00,jvm_buffer_count_buffers,api-gateway,10.42.1.129:8080,"{'__name__': 'jvm_buffer_count_buffers', 'id': 'mapped', 'instance': '10.42.1.129:8080', 'job': 'spring-petclinic'}",0,same_network,3,300
2026-07-24T22:00:34.609954+00:00,2026-07-24T22:00:34.667000+00:00,jvm_buffer_count_buffers,customers-service,10.42.0.186:8080,"{'__name__': 'jvm_buffer_count_buffers', 'id': ""mapped - 'non-volatile memory'"", 'instance': '10.42.0.186:8080', 'job': 'spring-petclinic'}",0,same_network,3,300
2026-07-24T22:00:34.609954+00:00,2026-07-24T22:00:34.667000+00:00,jvm_buffer_count_buffers,api-gateway,10.42.0.187:8080,"{'__name__': 'jvm_buffer_count_buffers', 'id': ""mapped - 'non-volatile memory'"", 'instance': '10.42.0.187:8080', 'job': 'spring-petclinic'}",0,same_network,3,300
2026-07-24T22:00:34.609954+00:00,2026-07-24T22:00:34.667000+00:00,jvm_buffer_count_buffers,visits-service,10.42.1.122:8080,"{'__name__': 'jvm_buffer_count_buffers', 'id': ""mapped - 'non-volatile memory'"", 'instance': '10.42.1.122:8080', 'job': 'spring-petclinic'}",0,same_network,3,300
2026-07-24T22:00:34.609954+00:00,2026-07-24T22:00:34.667000+00:00,jvm_buffer_count_buffers,vets-service,10.42.1.123:8080,"{'__name__': 'jvm_buffer_count_buffers', 'id': ""mapped - 'non-volatile memory'"", 'instance': '10.42.1.123:8080', 'job': 'spring-petclinic'}",0,same_network,3,300
2026-07-24T22:00:34.609954+00:00,2026-07-24T22:00:34.667000+00:00,jvm_buffer_count_buffers,vets-service,10.42.1.124:8080,"{'__name__': 'jvm_buffer_count_buffers', 'id': ""mapped - 'non-volatile memory'"", 'instance': '10.42.1.124:8080', 'job': 'spring-petclinic'}",0,same_network,3,300
2026-07-24T22:00:34.609954+00:00,2026-07-24T22:00:34.667000+00:00,jvm_buffer_count_buffers,visits-service,10.42.1.125:8080,"{'__name__': 'jvm_buffer_count_buffers', 'id': ""mapped - 'non-volatile memory'"", 'instance': '10.42.1.125:8080', 'job': 'spring-petclinic'}",0,same_network,3,300
2026-07-24T22:00:34.609954+00:00,2026-07-24T22:00:34.667000+00:00,jvm_buffer_count_buffers,customers-service,10.42.1.126:8080,"{'__name__': 'jvm_buffer_count_buffers', 'id': ""mapped - 'non-volatile memory'"", 'instance': '10.42.1.126:8080', 'job': 'spring-petclinic'}",0,same_network,3,300
2026-07-24T22:00:34.609954+00:00,2026-07-24T22:00:34.667000+00:00,jvm_buffer_count_buffers,api-gateway,10.42.1.129:8080,"{'__name__': 'jvm_buffer_count_buffers', 'id': ""mapped - 'non-volatile memory'"", 'instance': '10.42.1.129:8080', 'job': 'spring-petclinic'}",0,same_network,3,300
2026-07-24T22:00:34.609954+00:00,2026-07-24T22:00:34.670000+00:00,jvm_buffer_memory_used_bytes,customers-service,10.42.0.186:8080,"{'__name__': 'jvm_buffer_memory_used_bytes', 'id': 'direct', 'instance': '10.42.0.186:8080', 'job': 'spring-petclinic'}",1771058,same_network,3,300
2026-07-24T22:00:34.609954+00:00,2026-07-24T22:00:34.670000+00:00,jvm_buffer_memory_used_bytes,api-gateway,10.42.0.187:8080,"{'__name__': 'jvm_buffer_memory_used_bytes', 'id': 'direct', 'instance': '10.42.0.187:8080', 'job': 'spring-petclinic'}",34260529,same_network,3,300
2026-07-24T22:00:34.609954+00:00,2026-07-24T22:00:34.670000+00:00,jvm_buffer_memory_used_bytes,visits-service,10.42.1.122:8080,"{'__name__': 'jvm_buffer_memory_used_bytes', 'id': 'direct', 'instance': '10.42.1.122:8080', 'job': 'spring-petclinic'}",236761,same_network,3,300
2026-07-24T22:00:34.609954+00:00,2026-07-24T22:00:34.670000+00:00,jvm_buffer_memory_used_bytes,vets-service,10.42.1.123:8080,"{'__name__': 'jvm_buffer_memory_used_bytes', 'id': 'direct', 'instance': '10.42.1.123:8080', 'job': 'spring-petclinic'}",820783,same_network,3,300
2026-07-24T22:00:34.609954+00:00,2026-07-24T22:00:34.670000+00:00,jvm_buffer_memory_used_bytes,vets-service,10.42.1.124:8080,"{'__name__': 'jvm_buffer_memory_used_bytes', 'id': 'direct', 'instance': '10.42.1.124:8080', 'job': 'spring-petclinic'}",265188,same_network,3,300
2026-07-24T22:00:34.609954+00:00,2026-07-24T22:00:34.670000+00:00,jvm_buffer_memory_used_bytes,visits-service,10.42.1.125:8080,"{'__name__': 'jvm_buffer_memory_used_bytes', 'id': 'direct', 'instance': '10.42.1.125:8080', 'job': 'spring-petclinic'}",179838,same_network,3,300
2026-07-24T22:00:34.609954+00:00,2026-07-24T22:00:34.670000+00:00,jvm_buffer_memory_used_bytes,customers-service,10.42.1.126:8080,"{'__name__': 'jvm_buffer_memory_used_bytes', 'id': 'direct', 'instance': '10.42.1.126:8080', 'job': 'spring-petclinic'}",1631798,same_network,3,300
2026-07-24T22:00:34.609954+00:00,2026-07-24T22:00:34.670000+00:00,jvm_buffer_memory_used_bytes,api-gateway,10.42.1.129:8080,"{'__name__': 'jvm_buffer_memory_used_bytes', 'id': 'direct', 'instance': '10.42.1.129:8080', 'job': 'spring-petclinic'}",33990270,same_network,3,300
2026-07-24T22:00:34.609954+00:00,2026-07-24T22:00:34.670000+00:00,jvm_buffer_memory_used_bytes,customers-service,10.42.0.186:8080,"{'__name__': 'jvm_buffer_memory_used_bytes', 'id': 'mapped', 'instance': '10.42.0.186:8080', 'job': 'spring-petclinic'}",0,same_network,3,300
2026-07-24T22:00:34.609954+00:00,2026-07-24T22:00:34.670000+00:00,jvm_buffer_memory_used_bytes,api-gateway,10.42.0.187:8080,"{'__name__': 'jvm_buffer_memory_used_bytes', 'id': 'mapped', 'instance': '10.42.0.187:8080', 'job': 'spring-petclinic'}",0,same_network,3,300
2026-07-24T22:00:34.609954+00:00,2026-07-24T22:00:34.670000+00:00,jvm_buffer_memory_used_bytes,visits-service,10.42.1.122:8080,"{'__name__': 'jvm_buffer_memory_used_bytes', 'id': 'mapped', 'instance': '10.42.1.122:8080', 'job': 'spring-petclinic'}",0,same_network,3,300
2026-07-24T22:00:34.609954+00:00,2026-07-24T22:00:34.670000+00:00,jvm_buffer_memory_used_bytes,vets-service,10.42.1.123:8080,"{'__name__': 'jvm_buffer_memory_used_bytes', 'id': 'mapped', 'instance': '10.42.1.123:8080', 'job': 'spring-petclinic'}",0,same_network,3,300
2026-07-24T22:00:34.609954+00:00,2026-07-24T22:00:34.670000+00:00,jvm_buffer_memory_used_bytes,vets-service,10.42.1.124:8080,"{'__name__': 'jvm_buffer_memory_used_bytes', 'id': 'mapped', 'instance': '10.42.1.124:8080', 'job': 'spring-petclinic'}",0,same_network,3,300
2026-07-24T22:00:34.609954+00:00,2026-07-24T22:00:34.670000+00:00,jvm_buffer_memory_used_bytes,visits-service,10.42.1.125:8080,"{'__name__': 'jvm_buffer_memory_used_bytes', 'id': 'mapped', 'instance': '10.42.1.125:8080', 'job': 'spring-petclinic'}",0,same_network,3,300
2026-07-24T22:00:34.609954+00:00,2026-07-24T22:00:34.670000+00:00,jvm_buffer_memory_used_bytes,customers-service,10.42.1.126:8080,"{'__name__': 'jvm_buffer_memory_used_bytes', 'id': 'mapped', 'instance': '10.42.1.126:8080', 'job': 'spring-petclinic'}",0,same_network,3,300
2026-07-24T22:00:34.609954+00:00,2026-07-24T22:00:34.670000+00:00,jvm_buffer_memory_used_bytes,api-gateway,10.42.1.129:8080,"{'__name__': 'jvm_buffer_memory_used_bytes', 'id': 'mapped', 'instance': '10.42.1.129:8080', 'job': 'spring-petclinic'}",0,same_network,3,300
2026-07-24T22:00:34.609954+00:00,2026-07-24T22:00:34.670000+00:00,jvm_buffer_memory_used_bytes,customers-service,10.42.0.186:8080,"{'__name__': 'jvm_buffer_memory_used_bytes', 'id': ""mapped - 'non-volatile memory'"", 'instance': '10.42.0.186:8080', 'job': 'spring-petclinic'}",0,same_network,3,300
2026-07-24T22:00:34.609954+00:00,2026-07-24T22:00:34.670000+00:00,jvm_buffer_memory_used_bytes,api-gateway,10.42.0.187:8080,"{'__name__': 'jvm_buffer_memory_used_bytes', 'id': ""mapped - 'non-volatile memory'"", 'instance': '10.42.0.187:8080', 'job': 'spring-petclinic'}",0,same_network,3,300
2026-07-24T22:00:34.609954+00:00,2026-07-24T22:00:34.670000+00:00,jvm_buffer_memory_used_bytes,visits-service,10.42.1.122:8080,"{'__name__': 'jvm_buffer_memory_used_bytes', 'id': ""mapped - 'non-volatile memory'"", 'instance': '10.42.1.122:8080', 'job': 'spring-petclinic'}",0,same_network,3,300
2026-07-24T22:00:34.609954+00:00,2026-07-24T22:00:34.670000+00:00,jvm_buffer_memory_used_bytes,vets-service,10.42.1.123:8080,"{'__name__': 'jvm_buffer_memory_used_bytes', 'id': ""mapped - 'non-volatile memory'"", 'instance': '10.42.1.123:8080', 'job': 'spring-petclinic'}",0,same_network,3,300
2026-07-24T22:00:34.609954+00:00,2026-07-24T22:00:34.670000+00:00,jvm_buffer_memory_used_bytes,vets-service,10.42.1.124:8080,"{'__name__': 'jvm_buffer_memory_used_bytes', 'id': ""mapped - 'non-volatile memory'"", 'instance': '10.42.1.124:8080', 'job': 'spring-petclinic'}",0,same_network,3,300
2026-07-24T22:00:34.609954+00:00,2026-07-24T22:00:34.670000+00:00,jvm_buffer_memory_used_bytes,visits-service,10.42.1.125:8080,"{'__name__': 'jvm_buffer_memory_used_bytes', 'id': ""mapped - 'non-volatile memory'"", 'instance': '10.42.1.125:8080', 'job': 'spring-petclinic'}",0,same_network,3,300
2026-07-24T22:00:34.609954+00:00,2026-07-24T22:00:34.670000+00:00,jvm_buffer_memory_used_bytes,customers-service,10.42.1.126:8080,"{'__name__': 'jvm_buffer_memory_used_bytes', 'id': ""mapped - 'non-volatile memory'"", 'instance': '10.42.1.126:8080', 'job': 'spring-petclinic'}",0,same_network,3,300
2026-07-24T22:00:34.609954+00:00,2026-07-24T22:00:34.670000+00:00,jvm_buffer_memory_used_bytes,api-gateway,10.42.1.129:8080,"{'__name__': 'jvm_buffer_memory_used_bytes', 'id': ""mapped - 'non-volatile memory'"", 'instance': '10.42.1.129:8080', 'job': 'spring-petclinic'}",0,same_network,3,300
2026-07-24T22:00:34.609954+00:00,2026-07-24T22:00:34.672000+00:00,jvm_buffer_total_capacity_bytes,customers-service,10.42.0.186:8080,"{'__name__': 'jvm_buffer_total_capacity_bytes', 'id': 'direct', 'instance': '10.42.0.186:8080', 'job': 'spring-petclinic'}",1771058,same_network,3,300
2026-07-24T22:00:34.609954+00:00,2026-07-24T22:00:34.672000+00:00,jvm_buffer_total_capacity_bytes,api-gateway,10.42.0.187:8080,"{'__name__': 'jvm_buffer_total_capacity_bytes', 'id': 'direct', 'instance': '10.42.0.187:8080', 'job': 'spring-petclinic'}",34260528,same_network,3,300
2026-07-24T22:00:34.609954+00:00,2026-07-24T22:00:34.672000+00:00,jvm_buffer_total_capacity_bytes,visits-service,10.42.1.122:8080,"{'__name__': 'jvm_buffer_total_capacity_bytes', 'id': 'direct', 'instance': '10.42.1.122:8080', 'job': 'spring-petclinic'}",236761,same_network,3,300
2026-07-24T22:00:34.609954+00:00,2026-07-24T22:00:34.672000+00:00,jvm_buffer_total_capacity_bytes,vets-service,10.42.1.123:8080,"{'__name__': 'jvm_buffer_total_capacity_bytes', 'id': 'direct', 'instance': '10.42.1.123:8080', 'job': 'spring-petclinic'}",820783,same_network,3,300
2026-07-24T22:00:34.609954+00:00,2026-07-24T22:00:34.672000+00:00,jvm_buffer_total_capacity_bytes,vets-service,10.42.1.124:8080,"{'__name__': 'jvm_buffer_total_capacity_bytes', 'id': 'direct', 'instance': '10.42.1.124:8080', 'job': 'spring-petclinic'}",265188,same_network,3,300
2026-07-24T22:00:34.609954+00:00,2026-07-24T22:00:34.672000+00:00,jvm_buffer_total_capacity_bytes,visits-service,10.42.1.125:8080,"{'__name__': 'jvm_buffer_total_capacity_bytes', 'id': 'direct', 'instance': '10.42.1.125:8080', 'job': 'spring-petclinic'}",179838,same_network,3,300
2026-07-24T22:00:34.609954+00:00,2026-07-24T22:00:34.672000+00:00,jvm_buffer_total_capacity_bytes,customers-service,10.42.1.126:8080,"{'__name__': 'jvm_buffer_total_capacity_bytes', 'id': 'direct', 'instance': '10.42.1.126:8080', 'job': 'spring-petclinic'}",1631798,same_network,3,300
2026-07-24T22:00:34.609954+00:00,2026-07-24T22:00:34.672000+00:00,jvm_buffer_total_capacity_bytes,api-gateway,10.42.1.129:8080,"{'__name__': 'jvm_buffer_total_capacity_bytes', 'id': 'direct', 'instance': '10.42.1.129:8080', 'job': 'spring-petclinic'}",33990269,same_network,3,300
2026-07-24T22:00:34.609954+00:00,2026-07-24T22:00:34.672000+00:00,jvm_buffer_total_capacity_bytes,customers-service,10.42.0.186:8080,"{'__name__': 'jvm_buffer_total_capacity_bytes', 'id': 'mapped', 'instance': '10.42.0.186:8080', 'job': 'spring-petclinic'}",0,same_network,3,300
2026-07-24T22:00:34.609954+00:00,2026-07-24T22:00:34.672000+00:00,jvm_buffer_total_capacity_bytes,api-gateway,10.42.0.187:8080,"{'__name__': 'jvm_buffer_total_capacity_bytes', 'id': 'mapped', 'instance': '10.42.0.187:8080', 'job': 'spring-petclinic'}",0,same_network,3,300
2026-07-24T22:00:34.609954+00:00,2026-07-24T22:00:34.672000+00:00,jvm_buffer_total_capacity_bytes,visits-service,10.42.1.122:8080,"{'__name__': 'jvm_buffer_total_capacity_bytes', 'id': 'mapped', 'instance': '10.42.1.122:8080', 'job': 'spring-petclinic'}",0,same_network,3,300
2026-07-24T22:00:34.609954+00:00,2026-07-24T22:00:34.672000+00:00,jvm_buffer_total_capacity_bytes,vets-service,10.42.1.123:8080,"{'__name__': 'jvm_buffer_total_capacity_bytes', 'id': 'mapped', 'instance': '10.42.1.123:8080', 'job': 'spring-petclinic'}",0,same_network,3,300
2026-07-24T22:00:34.609954+00:00,2026-07-24T22:00:34.672000+00:00,jvm_buffer_total_capacity_bytes,vets-service,10.42.1.124:8080,"{'__name__': 'jvm_buffer_total_capacity_bytes', 'id': 'mapped', 'instance': '10.42.1.124:8080', 'job': 'spring-petclinic'}",0,same_network,3,300
2026-07-24T22:00:34.609954+00:00,2026-07-24T22:00:34.672000+00:00,jvm_buffer_total_capacity_bytes,visits-service,10.42.1.125:8080,"{'__name__': 'jvm_buffer_total_capacity_bytes', 'id': 'mapped', 'instance': '10.42.1.125:8080', 'job': 'spring-petclinic'}",0,same_network,3,300
2026-07-24T22:00:34.609954+00:00,2026-07-24T22:00:34.672000+00:00,jvm_buffer_total_capacity_bytes,customers-service,10.42.1.126:8080,"{'__name__': 'jvm_buffer_total_capacity_bytes', 'id': 'mapped', 'instance': '10.42.1.126:8080', 'job': 'spring-petclinic'}",0,same_network,3,300
2026-07-24T22:00:34.609954+00:00,2026-07-24T22:00:34.672000+00:00,jvm_buffer_total_capacity_bytes,api-gateway,10.42.1.129:8080,"{'__name__': 'jvm_buffer_total_capacity_bytes', 'id': 'mapped', 'instance': '10.42.1.129:8080', 'job': 'spring-petclinic'}",0,same_network,3,300
2026-07-24T22:00:34.609954+00:00,2026-07-24T22:00:34.672000+00:00,jvm_buffer_total_capacity_bytes,customers-service,10.42.0.186:8080,"{'__name__': 'jvm_buffer_total_capacity_bytes', 'id': ""mapped - 'non-volatile memory'"", 'instance': '10.42.0.186:8080', 'job': 'spring-petclinic'}",0,same_network,3,300
2026-07-24T22:00:34.609954+00:00,2026-07-24T22:00:34.672000+00:00,jvm_buffer_total_capacity_bytes,api-gateway,10.42.0.187:8080,"{'__name__': 'jvm_buffer_total_capacity_bytes', 'id': ""mapped - 'non-volatile memory'"", 'instance': '10.42.0.187:8080', 'job': 'spring-petclinic'}",0,same_network,3,300
2026-07-24T22:00:34.609954+00:00,2026-07-24T22:00:34.672000+00:00,jvm_buffer_total_capacity_bytes,visits-service,10.42.1.122:8080,"{'__name__': 'jvm_buffer_total_capacity_bytes', 'id': ""mapped - 'non-volatile memory'"", 'instance': '10.42.1.122:8080', 'job': 'spring-petclinic'}",0,same_network,3,300
2026-07-24T22:00:34.609954+00:00,2026-07-24T22:00:34.672000+00:00,jvm_buffer_total_capacity_bytes,vets-service,10.42.1.123:8080,"{'__name__': 'jvm_buffer_total_capacity_bytes', 'id': ""mapped - 'non-volatile memory'"", 'instance': '10.42.1.123:8080', 'job': 'spring-petclinic'}",0,same_network,3,300
2026-07-24T22:00:34.609954+00:00,2026-07-24T22:00:34.672000+00:00,jvm_buffer_total_capacity_bytes,vets-service,10.42.1.124:8080,"{'__name__': 'jvm_buffer_total_capacity_bytes', 'id': ""mapped - 'non-volatile memory'"", 'instance': '10.42.1.124:8080', 'job': 'spring-petclinic'}",0,same_network,3,300
2026-07-24T22:00:34.609954+00:00,2026-07-24T22:00:34.672000+00:00,jvm_buffer_total_capacity_bytes,visits-service,10.42.1.125:8080,"{'__name__': 'jvm_buffer_total_capacity_bytes', 'id': ""mapped - 'non-volatile memory'"", 'instance': '10.42.1.125:8080', 'job': 'spring-petclinic'}",0,same_network,3,300
2026-07-24T22:00:34.609954+00:00,2026-07-24T22:00:34.672000+00:00,jvm_buffer_total_capacity_bytes,customers-service,10.42.1.126:8080,"{'__name__': 'jvm_buffer_total_capacity_bytes', 'id': ""mapped - 'non-volatile memory'"", 'instance': '10.42.1.126:8080', 'job': 'spring-petclinic'}",0,same_network,3,300
2026-07-24T22:00:34.609954+00:00,2026-07-24T22:00:34.672000+00:00,jvm_buffer_total_capacity_bytes,api-gateway,10.42.1.129:8080,"{'__name__': 'jvm_buffer_total_capacity_bytes', 'id': ""mapped - 'non-volatile memory'"", 'instance': '10.42.1.129:8080', 'job': 'spring-petclinic'}",0,same_network,3,300
2026-07-24T22:00:34.609954+00:00,2026-07-24T22:00:34.675000+00:00,http_server_requests_seconds_count,api-gateway,10.42.0.187:8080,"{'__name__': 'http_server_requests_seconds_count', 'exception': 'AbortedException', 'instance': '10.42.0.187:8080', 'job': 'spring-petclinic', 'method': 'GET', 'outcome': 'UNKNOWN', 'status': '200', 'uri': 'UNKNOWN'}",380,same_network,3,300
2026-07-24T22:00:34.609954+00:00,2026-07-24T22:00:34.675000+00:00,http_server_requests_seconds_count,api-gateway,10.42.0.187:8080,"{'__name__': 'http_server_requests_seconds_count', 'exception': 'AbortedException', 'instance': '10.42.0.187:8080', 'job': 'spring-petclinic', 'method': 'GET', 'outcome': 'UNKNOWN', 'status': '500', 'uri': 'UNKNOWN'}",1,same_network,3,300
2026-07-24T22:00:34.609954+00:00,2026-07-24T22:00:34.675000+00:00,http_server_requests_seconds_count,api-gateway,10.42.0.187:8080,"{'__name__': 'http_server_requests_seconds_count', 'exception': 'AnnotatedConnectException', 'instance': '10.42.0.187:8080', 'job': 'spring-petclinic', 'method': 'GET', 'outcome': 'SERVER_ERROR', 'status': '500', 'uri': 'UNKNOWN'}",48,same_network,3,300
2026-07-24T22:00:34.609954+00:00,2026-07-24T22:00:34.675000+00:00,http_server_requests_seconds_count,api-gateway,10.42.0.187:8080,"{'__name__': 'http_server_requests_seconds_count', 'exception': 'CancelledServerWebExchangeException', 'instance': '10.42.0.187:8080', 'job': 'spring-petclinic', 'method': 'GET', 'outcome': 'UNKNOWN', 'status': '200', 'uri': '/actuator/health/{*path}'}",4,same_network,3,300
2026-07-24T22:00:34.609954+00:00,2026-07-24T22:00:34.675000+00:00,http_server_requests_seconds_count,api-gateway,10.42.0.187:8080,"{'__name__': 'http_server_requests_seconds_count', 'exception': 'CancelledServerWebExchangeException', 'instance': '10.42.0.187:8080', 'job': 'spring-petclinic', 'method': 'GET', 'outcome': 'UNKNOWN', 'status': '200', 'uri': '/actuator/prometheus'}",2,same_network,3,300
2026-07-24T22:00:34.609954+00:00,2026-07-24T22:00:34.675000+00:00,http_server_requests_seconds_count,api-gateway,10.42.0.187:8080,"{'__name__': 'http_server_requests_seconds_count', 'exception': 'CancelledServerWebExchangeException', 'instance': '10.42.0.187:8080', 'job': 'spring-petclinic', 'method': 'GET', 'outcome': 'UNKNOWN', 'status': '200', 'uri': 'UNKNOWN'}",29680,same_network,3,300
2026-07-24T22:00:34.609954+00:00,2026-07-24T22:00:34.675000+00:00,http_server_requests_seconds_count,customers-service,10.42.0.186:8080,"{'__name__': 'http_server_requests_seconds_count', 'exception': 'ClientAbortException', 'instance': '10.42.0.186:8080', 'job': 'spring-petclinic', 'method': 'GET', 'outcome': 'SUCCESS', 'status': '200', 'uri': '/actuator/prometheus'}",6,same_network,3,300
2026-07-24T22:00:34.609954+00:00,2026-07-24T22:00:34.675000+00:00,http_server_requests_seconds_count,api-gateway,10.42.0.187:8080,"{'__name__': 'http_server_requests_seconds_count', 'exception': 'IOException', 'instance': '10.42.0.187:8080', 'job': 'spring-petclinic', 'method': 'GET', 'outcome': 'SERVER_ERROR', 'status': '500', 'uri': 'UNKNOWN'}",1,same_network,3,300
2026-07-24T22:00:34.609954+00:00,2026-07-24T22:00:34.675000+00:00,http_server_requests_seconds_count,customers-service,10.42.0.186:8080,"{'__name__': 'http_server_requests_seconds_count', 'exception': 'None', 'instance': '10.42.0.186:8080', 'job': 'spring-petclinic', 'method': 'GET', 'outcome': 'SUCCESS', 'status': '200', 'uri': '/actuator/health/**'}",1474,same_network,3,300
2026-07-24T22:00:34.609954+00:00,2026-07-24T22:00:34.675000+00:00,http_server_requests_seconds_count,customers-service,10.42.0.186:8080,"{'__name__': 'http_server_requests_seconds_count', 'exception': 'None', 'instance': '10.42.0.186:8080', 'job': 'spring-petclinic', 'method': 'GET', 'outcome': 'SUCCESS', 'status': '200', 'uri': '/actuator/prometheus'}",846,same_network,3,300
2026-07-24T22:00:34.609954+00:00,2026-07-24T22:00:34.675000+00:00,http_server_requests_seconds_count,api-gateway,10.42.0.187:8080,"{'__name__': 'http_server_requests_seconds_count', 'exception': 'None', 'instance': '10.42.0.187:8080', 'job': 'spring-petclinic', 'method': 'GET', 'outcome': 'SUCCESS', 'status': '200', 'uri': '/actuator/health/{*path}'}",1486,same_network,3,300
2026-07-24T22:00:34.609954+00:00,2026-07-24T22:00:34.675000+00:00,http_server_requests_seconds_count,api-gateway,10.42.0.187:8080,"{'__name__': 'http_server_requests_seconds_count', 'exception': 'None', 'instance': '10.42.0.187:8080', 'job': 'spring-petclinic', 'method': 'GET', 'outcome': 'SUCCESS', 'status': '200', 'uri': '/actuator/prometheus'}",851,same_network,3,300
2026-07-24T22:00:34.609954+00:00,2026-07-24T22:00:34.675000+00:00,http_server_requests_seconds_count,api-gateway,10.42.0.187:8080,"{'__name__': 'http_server_requests_seconds_count', 'exception': 'None', 'instance': '10.42.0.187:8080', 'job': 'spring-petclinic', 'method': 'GET', 'outcome': 'SUCCESS', 'status': '200', 'uri': 'UNKNOWN'}",2244831,same_network,3,300
2026-07-24T22:00:34.609954+00:00,2026-07-24T22:00:34.675000+00:00,http_server_requests_seconds_count,visits-service,10.42.1.122:8080,"{'__name__': 'http_server_requests_seconds_count', 'exception': 'None', 'instance': '10.42.1.122:8080', 'job': 'spring-petclinic', 'method': 'GET', 'outcome': 'SUCCESS', 'status': '200', 'uri': '/actuator/health/**'}",1961,same_network,3,300
2026-07-24T22:00:34.609954+00:00,2026-07-24T22:00:34.675000+00:00,http_server_requests_seconds_count,visits-service,10.42.1.122:8080,"{'__name__': 'http_server_requests_seconds_count', 'exception': 'None', 'instance': '10.42.1.122:8080', 'job': 'spring-petclinic', 'method': 'GET', 'outcome': 'SUCCESS', 'status': '200', 'uri': '/actuator/prometheus'}",846,same_network,3,300
2026-07-24T22:00:34.609954+00:00,2026-07-24T22:00:34.675000+00:00,http_server_requests_seconds_count,vets-service,10.42.1.123:8080,"{'__name__': 'http_server_requests_seconds_count', 'exception': 'None', 'instance': '10.42.1.123:8080', 'job': 'spring-petclinic', 'method': 'GET', 'outcome': 'SUCCESS', 'status': '200', 'uri': '/actuator/health/**'}",1962,same_network,3,300
2026-07-24T22:00:34.609954+00:00,2026-07-24T22:00:34.675000+00:00,http_server_requests_seconds_count,vets-service,10.42.1.123:8080,"{'__name__': 'http_server_requests_seconds_count', 'exception': 'None', 'instance': '10.42.1.123:8080', 'job': 'spring-petclinic', 'method': 'GET', 'outcome': 'SUCCESS', 'status': '200', 'uri': '/actuator/prometheus'}",846,same_network,3,300
2026-07-24T22:00:34.609954+00:00,2026-07-24T22:00:34.675000+00:00,http_server_requests_seconds_count,vets-service,10.42.1.123:8080,"{'__name__': 'http_server_requests_seconds_count', 'exception': 'None', 'instance': '10.42.1.123:8080', 'job': 'spring-petclinic', 'method': 'GET', 'outcome': 'SUCCESS', 'status': '200', 'uri': '/vets'}",283957,same_network,3,300
2026-07-24T22:00:34.609954+00:00,2026-07-24T22:00:34.675000+00:00,http_server_requests_seconds_count,vets-service,10.42.1.124:8080,"{'__name__': 'http_server_requests_seconds_count', 'exception': 'None', 'instance': '10.42.1.124:8080', 'job': 'spring-petclinic', 'method': 'GET', 'outcome': 'SUCCESS', 'status': '200', 'uri': '/actuator/health/**'}",1947,same_network,3,300
2026-07-24T22:00:34.609954+00:00,2026-07-24T22:00:34.675000+00:00,http_server_requests_seconds_count,vets-service,10.42.1.124:8080,"{'__name__': 'http_server_requests_seconds_count', 'exception': 'None', 'instance': '10.42.1.124:8080', 'job': 'spring-petclinic', 'method': 'GET', 'outcome': 'SUCCESS', 'status': '200', 'uri': '/actuator/prometheus'}",839,same_network,3,300
2026-07-24T22:00:34.609954+00:00,2026-07-24T22:00:34.675000+00:00,http_server_requests_seconds_count,vets-service,10.42.1.124:8080,"{'__name__': 'http_server_requests_seconds_count', 'exception': 'None', 'instance': '10.42.1.124:8080', 'job': 'spring-petclinic', 'method': 'GET', 'outcome': 'SUCCESS', 'status': '200', 'uri': '/vets'}",290964,same_network,3,300
2026-07-24T22:00:34.609954+00:00,2026-07-24T22:00:34.675000+00:00,http_server_requests_seconds_count,visits-service,10.42.1.125:8080,"{'__name__': 'http_server_requests_seconds_count', 'exception': 'None', 'instance': '10.42.1.125:8080', 'job': 'spring-petclinic', 'method': 'GET', 'outcome': 'SUCCESS', 'status': '200', 'uri': '/actuator/health/**'}",1944,same_network,3,300
2026-07-24T22:00:34.609954+00:00,2026-07-24T22:00:34.675000+00:00,http_server_requests_seconds_count,visits-service,10.42.1.125:8080,"{'__name__': 'http_server_requests_seconds_count', 'exception': 'None', 'instance': '10.42.1.125:8080', 'job': 'spring-petclinic', 'method': 'GET', 'outcome': 'SUCCESS', 'status': '200', 'uri': '/actuator/prometheus'}",838,same_network,3,300
2026-07-24T22:00:34.609954+00:00,2026-07-24T22:00:34.675000+00:00,http_server_requests_seconds_count,customers-service,10.42.1.126:8080,"{'__name__': 'http_server_requests_seconds_count', 'exception': 'None', 'instance': '10.42.1.126:8080', 'job': 'spring-petclinic', 'method': 'GET', 'outcome': 'SUCCESS', 'status': '200', 'uri': '/actuator/health/**'}",1934,same_network,3,300
2026-07-24T22:00:34.609954+00:00,2026-07-24T22:00:34.675000+00:00,http_server_requests_seconds_count,customers-service,10.42.1.126:8080,"{'__name__': 'http_server_requests_seconds_count', 'exception': 'None', 'instance': '10.42.1.126:8080', 'job': 'spring-petclinic', 'method': 'GET', 'outcome': 'SUCCESS', 'status': '200', 'uri': '/actuator/prometheus'}",834,same_network,3,300
2026-07-24T22:00:34.609954+00:00,2026-07-24T22:00:34.675000+00:00,http_server_requests_seconds_count,api-gateway,10.42.1.129:8080,"{'__name__': 'http_server_requests_seconds_count', 'exception': 'None', 'instance': '10.42.1.129:8080', 'job': 'spring-petclinic', 'method': 'GET', 'outcome': 'SUCCESS', 'status': '200', 'uri': '/actuator/health/{*path}'}",4,same_network,3,300
2026-07-24T22:00:34.609954+00:00,2026-07-24T22:00:34.675000+00:00,http_server_requests_seconds_count,api-gateway,10.42.1.129:8080,"{'__name__': 'http_server_requests_seconds_count', 'exception': 'None', 'instance': '10.42.1.129:8080', 'job': 'spring-petclinic', 'method': 'GET', 'outcome': 'SUCCESS', 'status': '200', 'uri': '/actuator/prometheus'}",5,same_network,3,300
2026-07-24T22:00:34.609954+00:00,2026-07-24T22:00:34.678000+00:00,http_server_requests_seconds_max,api-gateway,10.42.0.187:8080,"{'__name__': 'http_server_requests_seconds_max', 'exception': 'AbortedException', 'instance': '10.42.0.187:8080', 'job': 'spring-petclinic', 'method': 'GET', 'outcome': 'UNKNOWN', 'status': '200', 'uri': 'UNKNOWN'}",0,same_network,3,300
2026-07-24T22:00:34.609954+00:00,2026-07-24T22:00:34.678000+00:00,http_server_requests_seconds_max,api-gateway,10.42.0.187:8080,"{'__name__': 'http_server_requests_seconds_max', 'exception': 'AbortedException', 'instance': '10.42.0.187:8080', 'job': 'spring-petclinic', 'method': 'GET', 'outcome': 'UNKNOWN', 'status': '500', 'uri': 'UNKNOWN'}",0,same_network,3,300
2026-07-24T22:00:34.609954+00:00,2026-07-24T22:00:34.678000+00:00,http_server_requests_seconds_max,api-gateway,10.42.0.187:8080,"{'__name__': 'http_server_requests_seconds_max', 'exception': 'AnnotatedConnectException', 'instance': '10.42.0.187:8080', 'job': 'spring-petclinic', 'method': 'GET', 'outcome': 'SERVER_ERROR', 'status': '500', 'uri': 'UNKNOWN'}",0,same_network,3,300
2026-07-24T22:00:34.609954+00:00,2026-07-24T22:00:34.678000+00:00,http_server_requests_seconds_max,api-gateway,10.42.0.187:8080,"{'__name__': 'http_server_requests_seconds_max', 'exception': 'CancelledServerWebExchangeException', 'instance': '10.42.0.187:8080', 'job': 'spring-petclinic', 'method': 'GET', 'outcome': 'UNKNOWN', 'status': '200', 'uri': '/actuator/health/{*path}'}",0,same_network,3,300
2026-07-24T22:00:34.609954+00:00,2026-07-24T22:00:34.678000+00:00,http_server_requests_seconds_max,api-gateway,10.42.0.187:8080,"{'__name__': 'http_server_requests_seconds_max', 'exception': 'CancelledServerWebExchangeException', 'instance': '10.42.0.187:8080', 'job': 'spring-petclinic', 'method': 'GET', 'outcome': 'UNKNOWN', 'status': '200', 'uri': '/actuator/prometheus'}",0,same_network,3,300
2026-07-24T22:00:34.609954+00:00,2026-07-24T22:00:34.678000+00:00,http_server_requests_seconds_max,api-gateway,10.42.0.187:8080,"{'__name__': 'http_server_requests_seconds_max', 'exception': 'CancelledServerWebExchangeException', 'instance': '10.42.0.187:8080', 'job': 'spring-petclinic', 'method': 'GET', 'outcome': 'UNKNOWN', 'status': '200', 'uri': 'UNKNOWN'}",0,same_network,3,300
2026-07-24T22:00:34.609954+00:00,2026-07-24T22:00:34.678000+00:00,http_server_requests_seconds_max,customers-service,10.42.0.186:8080,"{'__name__': 'http_server_requests_seconds_max', 'exception': 'ClientAbortException', 'instance': '10.42.0.186:8080', 'job': 'spring-petclinic', 'method': 'GET', 'outcome': 'SUCCESS', 'status': '200', 'uri': '/actuator/prometheus'}",0,same_network,3,300
2026-07-24T22:00:34.609954+00:00,2026-07-24T22:00:34.678000+00:00,http_server_requests_seconds_max,api-gateway,10.42.0.187:8080,"{'__name__': 'http_server_requests_seconds_max', 'exception': 'IOException', 'instance': '10.42.0.187:8080', 'job': 'spring-petclinic', 'method': 'GET', 'outcome': 'SERVER_ERROR', 'status': '500', 'uri': 'UNKNOWN'}",0,same_network,3,300
2026-07-24T22:00:34.609954+00:00,2026-07-24T22:00:34.678000+00:00,http_server_requests_seconds_max,customers-service,10.42.0.186:8080,"{'__name__': 'http_server_requests_seconds_max', 'exception': 'None', 'instance': '10.42.0.186:8080', 'job': 'spring-petclinic', 'method': 'GET', 'outcome': 'SUCCESS', 'status': '200', 'uri': '/actuator/health/**'}",0.002077794,same_network,3,300
2026-07-24T22:00:34.609954+00:00,2026-07-24T22:00:34.678000+00:00,http_server_requests_seconds_max,customers-service,10.42.0.186:8080,"{'__name__': 'http_server_requests_seconds_max', 'exception': 'None', 'instance': '10.42.0.186:8080', 'job': 'spring-petclinic', 'method': 'GET', 'outcome': 'SUCCESS', 'status': '200', 'uri': '/actuator/prometheus'}",0.007878291,same_network,3,300
2026-07-24T22:00:34.609954+00:00,2026-07-24T22:00:34.678000+00:00,http_server_requests_seconds_max,api-gateway,10.42.0.187:8080,"{'__name__': 'http_server_requests_seconds_max', 'exception': 'None', 'instance': '10.42.0.187:8080', 'job': 'spring-petclinic', 'method': 'GET', 'outcome': 'SUCCESS', 'status': '200', 'uri': '/actuator/health/{*path}'}",0.013030915,same_network,3,300
2026-07-24T22:00:34.609954+00:00,2026-07-24T22:00:34.678000+00:00,http_server_requests_seconds_max,api-gateway,10.42.0.187:8080,"{'__name__': 'http_server_requests_seconds_max', 'exception': 'None', 'instance': '10.42.0.187:8080', 'job': 'spring-petclinic', 'method': 'GET', 'outcome': 'SUCCESS', 'status': '200', 'uri': '/actuator/prometheus'}",0.01620962,same_network,3,300
2026-07-24T22:00:34.609954+00:00,2026-07-24T22:00:34.678000+00:00,http_server_requests_seconds_max,api-gateway,10.42.0.187:8080,"{'__name__': 'http_server_requests_seconds_max', 'exception': 'None', 'instance': '10.42.0.187:8080', 'job': 'spring-petclinic', 'method': 'GET', 'outcome': 'SUCCESS', 'status': '200', 'uri': 'UNKNOWN'}",3.764157592,same_network,3,300
2026-07-24T22:00:34.609954+00:00,2026-07-24T22:00:34.678000+00:00,http_server_requests_seconds_max,visits-service,10.42.1.122:8080,"{'__name__': 'http_server_requests_seconds_max', 'exception': 'None', 'instance': '10.42.1.122:8080', 'job': 'spring-petclinic', 'method': 'GET', 'outcome': 'SUCCESS', 'status': '200', 'uri': '/actuator/health/**'}",0.002000157,same_network,3,300
2026-07-24T22:00:34.609954+00:00,2026-07-24T22:00:34.678000+00:00,http_server_requests_seconds_max,visits-service,10.42.1.122:8080,"{'__name__': 'http_server_requests_seconds_max', 'exception': 'None', 'instance': '10.42.1.122:8080', 'job': 'spring-petclinic', 'method': 'GET', 'outcome': 'SUCCESS', 'status': '200', 'uri': '/actuator/prometheus'}",0.004535196,same_network,3,300
2026-07-24T22:00:34.609954+00:00,2026-07-24T22:00:34.678000+00:00,http_server_requests_seconds_max,vets-service,10.42.1.123:8080,"{'__name__': 'http_server_requests_seconds_max', 'exception': 'None', 'instance': '10.42.1.123:8080', 'job': 'spring-petclinic', 'method': 'GET', 'outcome': 'SUCCESS', 'status': '200', 'uri': '/actuator/health/**'}",0.001588885,same_network,3,300
2026-07-24T22:00:34.609954+00:00,2026-07-24T22:00:34.678000+00:00,http_server_requests_seconds_max,vets-service,10.42.1.123:8080,"{'__name__': 'http_server_requests_seconds_max', 'exception': 'None', 'instance': '10.42.1.123:8080', 'job': 'spring-petclinic', 'method': 'GET', 'outcome': 'SUCCESS', 'status': '200', 'uri': '/actuator/prometheus'}",0.006296525,same_network,3,300
2026-07-24T22:00:34.609954+00:00,2026-07-24T22:00:34.678000+00:00,http_server_requests_seconds_max,vets-service,10.42.1.123:8080,"{'__name__': 'http_server_requests_seconds_max', 'exception': 'None', 'instance': '10.42.1.123:8080', 'job': 'spring-petclinic', 'method': 'GET', 'outcome': 'SUCCESS', 'status': '200', 'uri': '/vets'}",1.680362441,same_network,3,300
2026-07-24T22:00:34.609954+00:00,2026-07-24T22:00:34.678000+00:00,http_server_requests_seconds_max,vets-service,10.42.1.124:8080,"{'__name__': 'http_server_requests_seconds_max', 'exception': 'None', 'instance': '10.42.1.124:8080', 'job': 'spring-petclinic', 'method': 'GET', 'outcome': 'SUCCESS', 'status': '200', 'uri': '/actuator/health/**'}",0.0016555,same_network,3,300
2026-07-24T22:00:34.609954+00:00,2026-07-24T22:00:34.678000+00:00,http_server_requests_seconds_max,vets-service,10.42.1.124:8080,"{'__name__': 'http_server_requests_seconds_max', 'exception': 'None', 'instance': '10.42.1.124:8080', 'job': 'spring-petclinic', 'method': 'GET', 'outcome': 'SUCCESS', 'status': '200', 'uri': '/actuator/prometheus'}",0.004853802,same_network,3,300
2026-07-24T22:00:34.609954+00:00,2026-07-24T22:00:34.678000+00:00,http_server_requests_seconds_max,vets-service,10.42.1.124:8080,"{'__name__': 'http_server_requests_seconds_max', 'exception': 'None', 'instance': '10.42.1.124:8080', 'job': 'spring-petclinic', 'method': 'GET', 'outcome': 'SUCCESS', 'status': '200', 'uri': '/vets'}",2.101742232,same_network,3,300
2026-07-24T22:00:34.609954+00:00,2026-07-24T22:00:34.678000+00:00,http_server_requests_seconds_max,visits-service,10.42.1.125:8080,"{'__name__': 'http_server_requests_seconds_max', 'exception': 'None', 'instance': '10.42.1.125:8080', 'job': 'spring-petclinic', 'method': 'GET', 'outcome': 'SUCCESS', 'status': '200', 'uri': '/actuator/health/**'}",0.016826547,same_network,3,300
2026-07-24T22:00:34.609954+00:00,2026-07-24T22:00:34.678000+00:00,http_server_requests_seconds_max,visits-service,10.42.1.125:8080,"{'__name__': 'http_server_requests_seconds_max', 'exception': 'None', 'instance': '10.42.1.125:8080', 'job': 'spring-petclinic', 'method': 'GET', 'outcome': 'SUCCESS', 'status': '200', 'uri': '/actuator/prometheus'}",0.005154178,same_network,3,300
2026-07-24T22:00:34.609954+00:00,2026-07-24T22:00:34.678000+00:00,http_server_requests_seconds_max,customers-service,10.42.1.126:8080,"{'__name__': 'http_server_requests_seconds_max', 'exception': 'None', 'instance': '10.42.1.126:8080', 'job': 'spring-petclinic', 'method': 'GET', 'outcome': 'SUCCESS', 'status': '200', 'uri': '/actuator/health/**'}",0.001936591,same_network,3,300
2026-07-24T22:00:34.609954+00:00,2026-07-24T22:00:34.678000+00:00,http_server_requests_seconds_max,customers-service,10.42.1.126:8080,"{'__name__': 'http_server_requests_seconds_max', 'exception': 'None', 'instance': '10.42.1.126:8080', 'job': 'spring-petclinic', 'method': 'GET', 'outcome': 'SUCCESS', 'status': '200', 'uri': '/actuator/prometheus'}",0.009562102,same_network,3,300
2026-07-24T22:00:34.609954+00:00,2026-07-24T22:00:34.678000+00:00,http_server_requests_seconds_max,api-gateway,10.42.1.129:8080,"{'__name__': 'http_server_requests_seconds_max', 'exception': 'None', 'instance': '10.42.1.129:8080', 'job': 'spring-petclinic', 'method': 'GET', 'outcome': 'SUCCESS', 'status': '200', 'uri': '/actuator/health/{*path}'}",0.120397079,same_network,3,300
2026-07-24T22:00:34.609954+00:00,2026-07-24T22:00:34.678000+00:00,http_server_requests_seconds_max,api-gateway,10.42.1.129:8080,"{'__name__': 'http_server_requests_seconds_max', 'exception': 'None', 'instance': '10.42.1.129:8080', 'job': 'spring-petclinic', 'method': 'GET', 'outcome': 'SUCCESS', 'status': '200', 'uri': '/actuator/prometheus'}",0.28496448,same_network,3,300
2026-07-24T22:00:34.609954+00:00,2026-07-24T22:00:34.681000+00:00,http_server_requests_seconds_sum,api-gateway,10.42.0.187:8080,"{'__name__': 'http_server_requests_seconds_sum', 'exception': 'AbortedException', 'instance': '10.42.0.187:8080', 'job': 'spring-petclinic', 'method': 'GET', 'outcome': 'UNKNOWN', 'status': '200', 'uri': 'UNKNOWN'}",1940.909934275,same_network,3,300
2026-07-24T22:00:34.609954+00:00,2026-07-24T22:00:34.681000+00:00,http_server_requests_seconds_sum,api-gateway,10.42.0.187:8080,"{'__name__': 'http_server_requests_seconds_sum', 'exception': 'AbortedException', 'instance': '10.42.0.187:8080', 'job': 'spring-petclinic', 'method': 'GET', 'outcome': 'UNKNOWN', 'status': '500', 'uri': 'UNKNOWN'}",0.059373633,same_network,3,300
2026-07-24T22:00:34.609954+00:00,2026-07-24T22:00:34.681000+00:00,http_server_requests_seconds_sum,api-gateway,10.42.0.187:8080,"{'__name__': 'http_server_requests_seconds_sum', 'exception': 'AnnotatedConnectException', 'instance': '10.42.0.187:8080', 'job': 'spring-petclinic', 'method': 'GET', 'outcome': 'SERVER_ERROR', 'status': '500', 'uri': 'UNKNOWN'}",116.508028567,same_network,3,300
2026-07-24T22:00:34.609954+00:00,2026-07-24T22:00:34.681000+00:00,http_server_requests_seconds_sum,api-gateway,10.42.0.187:8080,"{'__name__': 'http_server_requests_seconds_sum', 'exception': 'CancelledServerWebExchangeException', 'instance': '10.42.0.187:8080', 'job': 'spring-petclinic', 'method': 'GET', 'outcome': 'UNKNOWN', 'status': '200', 'uri': '/actuator/health/{*path}'}",1.58601679,same_network,3,300
2026-07-24T22:00:34.609954+00:00,2026-07-24T22:00:34.681000+00:00,http_server_requests_seconds_sum,api-gateway,10.42.0.187:8080,"{'__name__': 'http_server_requests_seconds_sum', 'exception': 'CancelledServerWebExchangeException', 'instance': '10.42.0.187:8080', 'job': 'spring-petclinic', 'method': 'GET', 'outcome': 'UNKNOWN', 'status': '200', 'uri': '/actuator/prometheus'}",0.045098422,same_network,3,300
2026-07-24T22:00:34.609954+00:00,2026-07-24T22:00:34.681000+00:00,http_server_requests_seconds_sum,api-gateway,10.42.0.187:8080,"{'__name__': 'http_server_requests_seconds_sum', 'exception': 'CancelledServerWebExchangeException', 'instance': '10.42.0.187:8080', 'job': 'spring-petclinic', 'method': 'GET', 'outcome': 'UNKNOWN', 'status': '200', 'uri': 'UNKNOWN'}",148082.697844261,same_network,3,300
2026-07-24T22:00:34.609954+00:00,2026-07-24T22:00:34.681000+00:00,http_server_requests_seconds_sum,customers-service,10.42.0.186:8080,"{'__name__': 'http_server_requests_seconds_sum', 'exception': 'ClientAbortException', 'instance': '10.42.0.186:8080', 'job': 'spring-petclinic', 'method': 'GET', 'outcome': 'SUCCESS', 'status': '200', 'uri': '/actuator/prometheus'}",0.222459988,same_network,3,300
2026-07-24T22:00:34.609954+00:00,2026-07-24T22:00:34.681000+00:00,http_server_requests_seconds_sum,api-gateway,10.42.0.187:8080,"{'__name__': 'http_server_requests_seconds_sum', 'exception': 'IOException', 'instance': '10.42.0.187:8080', 'job': 'spring-petclinic', 'method': 'GET', 'outcome': 'SERVER_ERROR', 'status': '500', 'uri': 'UNKNOWN'}",0.12780342,same_network,3,300
2026-07-24T22:00:34.609954+00:00,2026-07-24T22:00:34.681000+00:00,http_server_requests_seconds_sum,customers-service,10.42.0.186:8080,"{'__name__': 'http_server_requests_seconds_sum', 'exception': 'None', 'instance': '10.42.0.186:8080', 'job': 'spring-petclinic', 'method': 'GET', 'outcome': 'SUCCESS', 'status': '200', 'uri': '/actuator/health/**'}",2.833598293,same_network,3,300
2026-07-24T22:00:34.609954+00:00,2026-07-24T22:00:34.681000+00:00,http_server_requests_seconds_sum,customers-service,10.42.0.186:8080,"{'__name__': 'http_server_requests_seconds_sum', 'exception': 'None', 'instance': '10.42.0.186:8080', 'job': 'spring-petclinic', 'method': 'GET', 'outcome': 'SUCCESS', 'status': '200', 'uri': '/actuator/prometheus'}",5.315433297,same_network,3,300
2026-07-24T22:00:34.609954+00:00,2026-07-24T22:00:34.681000+00:00,http_server_requests_seconds_sum,api-gateway,10.42.0.187:8080,"{'__name__': 'http_server_requests_seconds_sum', 'exception': 'None', 'instance': '10.42.0.187:8080', 'job': 'spring-petclinic', 'method': 'GET', 'outcome': 'SUCCESS', 'status': '200', 'uri': '/actuator/health/{*path}'}",9.858406907,same_network,3,300
2026-07-24T22:00:34.609954+00:00,2026-07-24T22:00:34.681000+00:00,http_server_requests_seconds_sum,api-gateway,10.42.0.187:8080,"{'__name__': 'http_server_requests_seconds_sum', 'exception': 'None', 'instance': '10.42.0.187:8080', 'job': 'spring-petclinic', 'method': 'GET', 'outcome': 'SUCCESS', 'status': '200', 'uri': '/actuator/prometheus'}",9.856515304,same_network,3,300
2026-07-24T22:00:34.609954+00:00,2026-07-24T22:00:34.681000+00:00,http_server_requests_seconds_sum,api-gateway,10.42.0.187:8080,"{'__name__': 'http_server_requests_seconds_sum', 'exception': 'None', 'instance': '10.42.0.187:8080', 'job': 'spring-petclinic', 'method': 'GET', 'outcome': 'SUCCESS', 'status': '200', 'uri': 'UNKNOWN'}",274860.670068272,same_network,3,300
2026-07-24T22:00:34.609954+00:00,2026-07-24T22:00:34.681000+00:00,http_server_requests_seconds_sum,visits-service,10.42.1.122:8080,"{'__name__': 'http_server_requests_seconds_sum', 'exception': 'None', 'instance': '10.42.1.122:8080', 'job': 'spring-petclinic', 'method': 'GET', 'outcome': 'SUCCESS', 'status': '200', 'uri': '/actuator/health/**'}",6.770567921,same_network,3,300
2026-07-24T22:00:34.609954+00:00,2026-07-24T22:00:34.681000+00:00,http_server_requests_seconds_sum,visits-service,10.42.1.122:8080,"{'__name__': 'http_server_requests_seconds_sum', 'exception': 'None', 'instance': '10.42.1.122:8080', 'job': 'spring-petclinic', 'method': 'GET', 'outcome': 'SUCCESS', 'status': '200', 'uri': '/actuator/prometheus'}",5.37019677,same_network,3,300
2026-07-24T22:00:34.609954+00:00,2026-07-24T22:00:34.681000+00:00,http_server_requests_seconds_sum,vets-service,10.42.1.123:8080,"{'__name__': 'http_server_requests_seconds_sum', 'exception': 'None', 'instance': '10.42.1.123:8080', 'job': 'spring-petclinic', 'method': 'GET', 'outcome': 'SUCCESS', 'status': '200', 'uri': '/actuator/health/**'}",4.022030491,same_network,3,300
2026-07-24T22:00:34.609954+00:00,2026-07-24T22:00:34.681000+00:00,http_server_requests_seconds_sum,vets-service,10.42.1.123:8080,"{'__name__': 'http_server_requests_seconds_sum', 'exception': 'None', 'instance': '10.42.1.123:8080', 'job': 'spring-petclinic', 'method': 'GET', 'outcome': 'SUCCESS', 'status': '200', 'uri': '/actuator/prometheus'}",4.87072183,same_network,3,300
2026-07-24T22:00:34.609954+00:00,2026-07-24T22:00:34.681000+00:00,http_server_requests_seconds_sum,vets-service,10.42.1.123:8080,"{'__name__': 'http_server_requests_seconds_sum', 'exception': 'None', 'instance': '10.42.1.123:8080', 'job': 'spring-petclinic', 'method': 'GET', 'outcome': 'SUCCESS', 'status': '200', 'uri': '/vets'}",38596.593904511,same_network,3,300
2026-07-24T22:00:34.609954+00:00,2026-07-24T22:00:34.681000+00:00,http_server_requests_seconds_sum,vets-service,10.42.1.124:8080,"{'__name__': 'http_server_requests_seconds_sum', 'exception': 'None', 'instance': '10.42.1.124:8080', 'job': 'spring-petclinic', 'method': 'GET', 'outcome': 'SUCCESS', 'status': '200', 'uri': '/actuator/health/**'}",4.254276162,same_network,3,300
2026-07-24T22:00:34.609954+00:00,2026-07-24T22:00:34.681000+00:00,http_server_requests_seconds_sum,vets-service,10.42.1.124:8080,"{'__name__': 'http_server_requests_seconds_sum', 'exception': 'None', 'instance': '10.42.1.124:8080', 'job': 'spring-petclinic', 'method': 'GET', 'outcome': 'SUCCESS', 'status': '200', 'uri': '/actuator/prometheus'}",6.214952455,same_network,3,300
2026-07-24T22:00:34.609954+00:00,2026-07-24T22:00:34.681000+00:00,http_server_requests_seconds_sum,vets-service,10.42.1.124:8080,"{'__name__': 'http_server_requests_seconds_sum', 'exception': 'None', 'instance': '10.42.1.124:8080', 'job': 'spring-petclinic', 'method': 'GET', 'outcome': 'SUCCESS', 'status': '200', 'uri': '/vets'}",39644.530345287,same_network,3,300
2026-07-24T22:00:34.609954+00:00,2026-07-24T22:00:34.681000+00:00,http_server_requests_seconds_sum,visits-service,10.42.1.125:8080,"{'__name__': 'http_server_requests_seconds_sum', 'exception': 'None', 'instance': '10.42.1.125:8080', 'job': 'spring-petclinic', 'method': 'GET', 'outcome': 'SUCCESS', 'status': '200', 'uri': '/actuator/health/**'}",5.632390132,same_network,3,300
2026-07-24T22:00:34.609954+00:00,2026-07-24T22:00:34.681000+00:00,http_server_requests_seconds_sum,visits-service,10.42.1.125:8080,"{'__name__': 'http_server_requests_seconds_sum', 'exception': 'None', 'instance': '10.42.1.125:8080', 'job': 'spring-petclinic', 'method': 'GET', 'outcome': 'SUCCESS', 'status': '200', 'uri': '/actuator/prometheus'}",4.074533052,same_network,3,300
2026-07-24T22:00:34.609954+00:00,2026-07-24T22:00:34.681000+00:00,http_server_requests_seconds_sum,customers-service,10.42.1.126:8080,"{'__name__': 'http_server_requests_seconds_sum', 'exception': 'None', 'instance': '10.42.1.126:8080', 'job': 'spring-petclinic', 'method': 'GET', 'outcome': 'SUCCESS', 'status': '200', 'uri': '/actuator/health/**'}",3.392759881,same_network,3,300
2026-07-24T22:00:34.609954+00:00,2026-07-24T22:00:34.681000+00:00,http_server_requests_seconds_sum,customers-service,10.42.1.126:8080,"{'__name__': 'http_server_requests_seconds_sum', 'exception': 'None', 'instance': '10.42.1.126:8080', 'job': 'spring-petclinic', 'method': 'GET', 'outcome': 'SUCCESS', 'status': '200', 'uri': '/actuator/prometheus'}",5.0086113,same_network,3,300
2026-07-24T22:00:34.609954+00:00,2026-07-24T22:00:34.681000+00:00,http_server_requests_seconds_sum,api-gateway,10.42.1.129:8080,"{'__name__': 'http_server_requests_seconds_sum', 'exception': 'None', 'instance': '10.42.1.129:8080', 'job': 'spring-petclinic', 'method': 'GET', 'outcome': 'SUCCESS', 'status': '200', 'uri': '/actuator/health/{*path}'}",0.156813784,same_network,3,300
2026-07-24T22:00:34.609954+00:00,2026-07-24T22:00:34.681000+00:00,http_server_requests_seconds_sum,api-gateway,10.42.1.129:8080,"{'__name__': 'http_server_requests_seconds_sum', 'exception': 'None', 'instance': '10.42.1.129:8080', 'job': 'spring-petclinic', 'method': 'GET', 'outcome': 'SUCCESS', 'status': '200', 'uri': '/actuator/prometheus'}",0.359859971,same_network,3,300
2026-07-24T22:00:34.609954+00:00,2026-07-24T22:00:34.684000+00:00,spring_cloud_gateway_requests_seconds_count,api-gateway,10.42.0.187:8080,"{'__name__': 'spring_cloud_gateway_requests_seconds_count', 'httpMethod': 'GET', 'httpStatusCode': '200', 'instance': '10.42.0.187:8080', 'job': 'spring-petclinic', 'outcome': 'SUCCESSFUL', 'routeId': 'customers-service', 'routeUri': 'http://customers-service.spring-petclinic.svc.cluster.local:8080', 'status': 'OK'}",1121742,same_network,3,300
2026-07-24T22:00:34.609954+00:00,2026-07-24T22:00:34.684000+00:00,spring_cloud_gateway_requests_seconds_count,api-gateway,10.42.0.187:8080,"{'__name__': 'spring_cloud_gateway_requests_seconds_count', 'httpMethod': 'GET', 'httpStatusCode': '200', 'instance': '10.42.0.187:8080', 'job': 'spring-petclinic', 'outcome': 'SUCCESSFUL', 'routeId': 'vets-service', 'routeUri': 'http://vets-service.spring-petclinic.svc.cluster.local:8080', 'status': 'OK'}",560860,same_network,3,300
2026-07-24T22:00:34.609954+00:00,2026-07-24T22:00:34.684000+00:00,spring_cloud_gateway_requests_seconds_count,api-gateway,10.42.0.187:8080,"{'__name__': 'spring_cloud_gateway_requests_seconds_count', 'httpMethod': 'GET', 'httpStatusCode': '200', 'instance': '10.42.0.187:8080', 'job': 'spring-petclinic', 'outcome': 'SUCCESSFUL', 'routeId': 'visits-service', 'routeUri': 'http://visits-service.spring-petclinic.svc.cluster.local:8080', 'status': 'OK'}",562611,same_network,3,300
2026-07-24T22:00:34.609954+00:00,2026-07-24T22:00:34.684000+00:00,spring_cloud_gateway_requests_seconds_count,api-gateway,10.42.0.187:8080,"{'__name__': 'spring_cloud_gateway_requests_seconds_count', 'httpMethod': 'GET', 'httpStatusCode': '500', 'instance': '10.42.0.187:8080', 'job': 'spring-petclinic', 'outcome': 'SERVER_ERROR', 'routeId': 'customers-service', 'routeUri': 'http://customers-service.spring-petclinic.svc.cluster.local:8080', 'status': 'INTERNAL_SERVER_ERROR'}",2,same_network,3,300
2026-07-24T22:00:34.609954+00:00,2026-07-24T22:00:34.684000+00:00,spring_cloud_gateway_requests_seconds_count,api-gateway,10.42.0.187:8080,"{'__name__': 'spring_cloud_gateway_requests_seconds_count', 'httpMethod': 'GET', 'httpStatusCode': '500', 'instance': '10.42.0.187:8080', 'job': 'spring-petclinic', 'outcome': 'SERVER_ERROR', 'routeId': 'vets-service', 'routeUri': 'http://vets-service.spring-petclinic.svc.cluster.local:8080', 'status': 'INTERNAL_SERVER_ERROR'}",22,same_network,3,300
2026-07-24T22:00:34.609954+00:00,2026-07-24T22:00:34.684000+00:00,spring_cloud_gateway_requests_seconds_count,api-gateway,10.42.0.187:8080,"{'__name__': 'spring_cloud_gateway_requests_seconds_count', 'httpMethod': 'GET', 'httpStatusCode': '500', 'instance': '10.42.0.187:8080', 'job': 'spring-petclinic', 'outcome': 'SERVER_ERROR', 'routeId': 'visits-service', 'routeUri': 'http://visits-service.spring-petclinic.svc.cluster.local:8080', 'status': 'INTERNAL_SERVER_ERROR'}",26,same_network,3,300
2026-07-24T22:00:34.609954+00:00,2026-07-24T22:00:34.687000+00:00,spring_cloud_gateway_requests_seconds_max,api-gateway,10.42.0.187:8080,"{'__name__': 'spring_cloud_gateway_requests_seconds_max', 'httpMethod': 'GET', 'httpStatusCode': '200', 'instance': '10.42.0.187:8080', 'job': 'spring-petclinic', 'outcome': 'SUCCESSFUL', 'routeId': 'customers-service', 'routeUri': 'http://customers-service.spring-petclinic.svc.cluster.local:8080', 'status': 'OK'}",3.761419563,same_network,3,300
2026-07-24T22:00:34.609954+00:00,2026-07-24T22:00:34.687000+00:00,spring_cloud_gateway_requests_seconds_max,api-gateway,10.42.0.187:8080,"{'__name__': 'spring_cloud_gateway_requests_seconds_max', 'httpMethod': 'GET', 'httpStatusCode': '200', 'instance': '10.42.0.187:8080', 'job': 'spring-petclinic', 'outcome': 'SUCCESSFUL', 'routeId': 'vets-service', 'routeUri': 'http://vets-service.spring-petclinic.svc.cluster.local:8080', 'status': 'OK'}",1.96018884,same_network,3,300
2026-07-24T22:00:34.609954+00:00,2026-07-24T22:00:34.687000+00:00,spring_cloud_gateway_requests_seconds_max,api-gateway,10.42.0.187:8080,"{'__name__': 'spring_cloud_gateway_requests_seconds_max', 'httpMethod': 'GET', 'httpStatusCode': '200', 'instance': '10.42.0.187:8080', 'job': 'spring-petclinic', 'outcome': 'SUCCESSFUL', 'routeId': 'visits-service', 'routeUri': 'http://visits-service.spring-petclinic.svc.cluster.local:8080', 'status': 'OK'}",1.651884592,same_network,3,300
2026-07-24T22:00:34.609954+00:00,2026-07-24T22:00:34.687000+00:00,spring_cloud_gateway_requests_seconds_max,api-gateway,10.42.0.187:8080,"{'__name__': 'spring_cloud_gateway_requests_seconds_max', 'httpMethod': 'GET', 'httpStatusCode': '500', 'instance': '10.42.0.187:8080', 'job': 'spring-petclinic', 'outcome': 'SERVER_ERROR', 'routeId': 'customers-service', 'routeUri': 'http://customers-service.spring-petclinic.svc.cluster.local:8080', 'status': 'INTERNAL_SERVER_ERROR'}",0,same_network,3,300
2026-07-24T22:00:34.609954+00:00,2026-07-24T22:00:34.687000+00:00,spring_cloud_gateway_requests_seconds_max,api-gateway,10.42.0.187:8080,"{'__name__': 'spring_cloud_gateway_requests_seconds_max', 'httpMethod': 'GET', 'httpStatusCode': '500', 'instance': '10.42.0.187:8080', 'job': 'spring-petclinic', 'outcome': 'SERVER_ERROR', 'routeId': 'vets-service', 'routeUri': 'http://vets-service.spring-petclinic.svc.cluster.local:8080', 'status': 'INTERNAL_SERVER_ERROR'}",0,same_network,3,300
2026-07-24T22:00:34.609954+00:00,2026-07-24T22:00:34.687000+00:00,spring_cloud_gateway_requests_seconds_max,api-gateway,10.42.0.187:8080,"{'__name__': 'spring_cloud_gateway_requests_seconds_max', 'httpMethod': 'GET', 'httpStatusCode': '500', 'instance': '10.42.0.187:8080', 'job': 'spring-petclinic', 'outcome': 'SERVER_ERROR', 'routeId': 'visits-service', 'routeUri': 'http://visits-service.spring-petclinic.svc.cluster.local:8080', 'status': 'INTERNAL_SERVER_ERROR'}",0,same_network,3,300
2026-07-24T22:00:34.609954+00:00,2026-07-24T22:00:34.690000+00:00,spring_cloud_gateway_requests_seconds_sum,api-gateway,10.42.0.187:8080,"{'__name__': 'spring_cloud_gateway_requests_seconds_sum', 'httpMethod': 'GET', 'httpStatusCode': '200', 'instance': '10.42.0.187:8080', 'job': 'spring-petclinic', 'outcome': 'SUCCESSFUL', 'routeId': 'customers-service', 'routeUri': 'http://customers-service.spring-petclinic.svc.cluster.local:8080', 'status': 'OK'}",178850.698738187,same_network,3,300
2026-07-24T22:00:34.609954+00:00,2026-07-24T22:00:34.690000+00:00,spring_cloud_gateway_requests_seconds_sum,api-gateway,10.42.0.187:8080,"{'__name__': 'spring_cloud_gateway_requests_seconds_sum', 'httpMethod': 'GET', 'httpStatusCode': '200', 'instance': '10.42.0.187:8080', 'job': 'spring-petclinic', 'outcome': 'SUCCESSFUL', 'routeId': 'vets-service', 'routeUri': 'http://vets-service.spring-petclinic.svc.cluster.local:8080', 'status': 'OK'}",76762.910559676,same_network,3,300
2026-07-24T22:00:34.609954+00:00,2026-07-24T22:00:34.690000+00:00,spring_cloud_gateway_requests_seconds_sum,api-gateway,10.42.0.187:8080,"{'__name__': 'spring_cloud_gateway_requests_seconds_sum', 'httpMethod': 'GET', 'httpStatusCode': '200', 'instance': '10.42.0.187:8080', 'job': 'spring-petclinic', 'outcome': 'SUCCESSFUL', 'routeId': 'visits-service', 'routeUri': 'http://visits-service.spring-petclinic.svc.cluster.local:8080', 'status': 'OK'}",15228.307667932,same_network,3,300
2026-07-24T22:00:34.609954+00:00,2026-07-24T22:00:34.690000+00:00,spring_cloud_gateway_requests_seconds_sum,api-gateway,10.42.0.187:8080,"{'__name__': 'spring_cloud_gateway_requests_seconds_sum', 'httpMethod': 'GET', 'httpStatusCode': '500', 'instance': '10.42.0.187:8080', 'job': 'spring-petclinic', 'outcome': 'SERVER_ERROR', 'routeId': 'customers-service', 'routeUri': 'http://customers-service.spring-petclinic.svc.cluster.local:8080', 'status': 'INTERNAL_SERVER_ERROR'}",0.150802858,same_network,3,300
2026-07-24T22:00:34.609954+00:00,2026-07-24T22:00:34.690000+00:00,spring_cloud_gateway_requests_seconds_sum,api-gateway,10.42.0.187:8080,"{'__name__': 'spring_cloud_gateway_requests_seconds_sum', 'httpMethod': 'GET', 'httpStatusCode': '500', 'instance': '10.42.0.187:8080', 'job': 'spring-petclinic', 'outcome': 'SERVER_ERROR', 'routeId': 'vets-service', 'routeUri': 'http://vets-service.spring-petclinic.svc.cluster.local:8080', 'status': 'INTERNAL_SERVER_ERROR'}",52.224064757,same_network,3,300
2026-07-24T22:00:34.609954+00:00,2026-07-24T22:00:34.690000+00:00,spring_cloud_gateway_requests_seconds_sum,api-gateway,10.42.0.187:8080,"{'__name__': 'spring_cloud_gateway_requests_seconds_sum', 'httpMethod': 'GET', 'httpStatusCode': '500', 'instance': '10.42.0.187:8080', 'job': 'spring-petclinic', 'outcome': 'SERVER_ERROR', 'routeId': 'visits-service', 'routeUri': 'http://visits-service.spring-petclinic.svc.cluster.local:8080', 'status': 'INTERNAL_SERVER_ERROR'}",45.667181616,same_network,3,300
2026-07-24T22:00:34.609954+00:00,2026-07-24T22:00:34.692000+00:00,spring_cloud_gateway_routes_count,api-gateway,10.42.0.187:8080,"{'__name__': 'spring_cloud_gateway_routes_count', 'instance': '10.42.0.187:8080', 'job': 'spring-petclinic'}",3,same_network,3,300
2026-07-24T22:00:34.609954+00:00,2026-07-24T22:00:34.692000+00:00,spring_cloud_gateway_routes_count,api-gateway,10.42.1.129:8080,"{'__name__': 'spring_cloud_gateway_routes_count', 'instance': '10.42.1.129:8080', 'job': 'spring-petclinic'}",3,same_network,3,300
2026-07-24T22:00:34.609954+00:00,2026-07-24T22:00:34.694000+00:00,spring_data_repository_invocations_seconds_count,customers-service,10.42.0.186:8080,"{'__name__': 'spring_data_repository_invocations_seconds_count', 'exception': 'None', 'instance': '10.42.0.186:8080', 'job': 'spring-petclinic', 'method': 'findAll', 'repository': 'OwnerRepository', 'state': 'SUCCESS'}",296238,same_network,3,300
2026-07-24T22:00:34.609954+00:00,2026-07-24T22:00:34.694000+00:00,spring_data_repository_invocations_seconds_count,customers-service,10.42.0.186:8080,"{'__name__': 'spring_data_repository_invocations_seconds_count', 'exception': 'None', 'instance': '10.42.0.186:8080', 'job': 'spring-petclinic', 'method': 'findById', 'repository': 'OwnerRepository', 'state': 'SUCCESS'}",295832,same_network,3,300
2026-07-24T22:00:34.609954+00:00,2026-07-24T22:00:34.694000+00:00,spring_data_repository_invocations_seconds_count,visits-service,10.42.1.122:8080,"{'__name__': 'spring_data_repository_invocations_seconds_count', 'exception': 'None', 'instance': '10.42.1.122:8080', 'job': 'spring-petclinic', 'method': 'findByPetId', 'repository': 'VisitRepository', 'state': 'SUCCESS'}",290949,same_network,3,300
2026-07-24T22:00:34.609954+00:00,2026-07-24T22:00:34.694000+00:00,spring_data_repository_invocations_seconds_count,vets-service,10.42.1.123:8080,"{'__name__': 'spring_data_repository_invocations_seconds_count', 'exception': 'None', 'instance': '10.42.1.123:8080', 'job': 'spring-petclinic', 'method': 'findAll', 'repository': 'VetRepository', 'state': 'SUCCESS'}",283957,same_network,3,300
2026-07-24T22:00:34.609954+00:00,2026-07-24T22:00:34.694000+00:00,spring_data_repository_invocations_seconds_count,vets-service,10.42.1.124:8080,"{'__name__': 'spring_data_repository_invocations_seconds_count', 'exception': 'None', 'instance': '10.42.1.124:8080', 'job': 'spring-petclinic', 'method': 'findAll', 'repository': 'VetRepository', 'state': 'SUCCESS'}",290964,same_network,3,300
2026-07-24T22:00:34.609954+00:00,2026-07-24T22:00:34.694000+00:00,spring_data_repository_invocations_seconds_count,visits-service,10.42.1.125:8080,"{'__name__': 'spring_data_repository_invocations_seconds_count', 'exception': 'None', 'instance': '10.42.1.125:8080', 'job': 'spring-petclinic', 'method': 'findByPetId', 'repository': 'VisitRepository', 'state': 'SUCCESS'}",284996,same_network,3,300
2026-07-24T22:00:34.609954+00:00,2026-07-24T22:00:34.694000+00:00,spring_data_repository_invocations_seconds_count,customers-service,10.42.1.126:8080,"{'__name__': 'spring_data_repository_invocations_seconds_count', 'exception': 'None', 'instance': '10.42.1.126:8080', 'job': 'spring-petclinic', 'method': 'findAll', 'repository': 'OwnerRepository', 'state': 'SUCCESS'}",283890,same_network,3,300
2026-07-24T22:00:34.609954+00:00,2026-07-24T22:00:34.694000+00:00,spring_data_repository_invocations_seconds_count,customers-service,10.42.1.126:8080,"{'__name__': 'spring_data_repository_invocations_seconds_count', 'exception': 'None', 'instance': '10.42.1.126:8080', 'job': 'spring-petclinic', 'method': 'findById', 'repository': 'OwnerRepository', 'state': 'SUCCESS'}",284663,same_network,3,300
2026-07-24T22:00:34.609954+00:00,2026-07-24T22:00:34.694000+00:00,spring_data_repository_invocations_seconds_count,customers-service,10.42.0.186:8080,"{'__name__': 'spring_data_repository_invocations_seconds_count', 'exception': 'PersistenceException', 'instance': '10.42.0.186:8080', 'job': 'spring-petclinic', 'method': 'findAll', 'repository': 'OwnerRepository', 'state': 'ERROR'}",6,same_network,3,300
2026-07-24T22:00:34.609954+00:00,2026-07-24T22:00:34.694000+00:00,spring_data_repository_invocations_seconds_count,customers-service,10.42.0.186:8080,"{'__name__': 'spring_data_repository_invocations_seconds_count', 'exception': 'PersistenceException', 'instance': '10.42.0.186:8080', 'job': 'spring-petclinic', 'method': 'findById', 'repository': 'OwnerRepository', 'state': 'ERROR'}",1,same_network,3,300
2026-07-24T22:00:34.609954+00:00,2026-07-24T22:00:34.697000+00:00,spring_data_repository_invocations_seconds_max,customers-service,10.42.0.186:8080,"{'__name__': 'spring_data_repository_invocations_seconds_max', 'exception': 'None', 'instance': '10.42.0.186:8080', 'job': 'spring-petclinic', 'method': 'findAll', 'repository': 'OwnerRepository', 'state': 'SUCCESS'}",0.325866649,same_network,3,300
2026-07-24T22:00:34.609954+00:00,2026-07-24T22:00:34.697000+00:00,spring_data_repository_invocations_seconds_max,customers-service,10.42.0.186:8080,"{'__name__': 'spring_data_repository_invocations_seconds_max', 'exception': 'None', 'instance': '10.42.0.186:8080', 'job': 'spring-petclinic', 'method': 'findById', 'repository': 'OwnerRepository', 'state': 'SUCCESS'}",0.109892313,same_network,3,300
2026-07-24T22:00:34.609954+00:00,2026-07-24T22:00:34.697000+00:00,spring_data_repository_invocations_seconds_max,visits-service,10.42.1.122:8080,"{'__name__': 'spring_data_repository_invocations_seconds_max', 'exception': 'None', 'instance': '10.42.1.122:8080', 'job': 'spring-petclinic', 'method': 'findByPetId', 'repository': 'VisitRepository', 'state': 'SUCCESS'}",0.479769592,same_network,3,300
2026-07-24T22:00:34.609954+00:00,2026-07-24T22:00:34.697000+00:00,spring_data_repository_invocations_seconds_max,vets-service,10.42.1.123:8080,"{'__name__': 'spring_data_repository_invocations_seconds_max', 'exception': 'None', 'instance': '10.42.1.123:8080', 'job': 'spring-petclinic', 'method': 'findAll', 'repository': 'VetRepository', 'state': 'SUCCESS'}",0.884691858,same_network,3,300
2026-07-24T22:00:34.609954+00:00,2026-07-24T22:00:34.697000+00:00,spring_data_repository_invocations_seconds_max,vets-service,10.42.1.124:8080,"{'__name__': 'spring_data_repository_invocations_seconds_max', 'exception': 'None', 'instance': '10.42.1.124:8080', 'job': 'spring-petclinic', 'method': 'findAll', 'repository': 'VetRepository', 'state': 'SUCCESS'}",0.457707405,same_network,3,300
2026-07-24T22:00:34.609954+00:00,2026-07-24T22:00:34.697000+00:00,spring_data_repository_invocations_seconds_max,visits-service,10.42.1.125:8080,"{'__name__': 'spring_data_repository_invocations_seconds_max', 'exception': 'None', 'instance': '10.42.1.125:8080', 'job': 'spring-petclinic', 'method': 'findByPetId', 'repository': 'VisitRepository', 'state': 'SUCCESS'}",0.465335982,same_network,3,300
2026-07-24T22:00:34.609954+00:00,2026-07-24T22:00:34.697000+00:00,spring_data_repository_invocations_seconds_max,customers-service,10.42.1.126:8080,"{'__name__': 'spring_data_repository_invocations_seconds_max', 'exception': 'None', 'instance': '10.42.1.126:8080', 'job': 'spring-petclinic', 'method': 'findAll', 'repository': 'OwnerRepository', 'state': 'SUCCESS'}",0.83206203,same_network,3,300
2026-07-24T22:00:34.609954+00:00,2026-07-24T22:00:34.697000+00:00,spring_data_repository_invocations_seconds_max,customers-service,10.42.1.126:8080,"{'__name__': 'spring_data_repository_invocations_seconds_max', 'exception': 'None', 'instance': '10.42.1.126:8080', 'job': 'spring-petclinic', 'method': 'findById', 'repository': 'OwnerRepository', 'state': 'SUCCESS'}",0.092737852,same_network,3,300
2026-07-24T22:00:34.609954+00:00,2026-07-24T22:00:34.697000+00:00,spring_data_repository_invocations_seconds_max,customers-service,10.42.0.186:8080,"{'__name__': 'spring_data_repository_invocations_seconds_max', 'exception': 'PersistenceException', 'instance': '10.42.0.186:8080', 'job': 'spring-petclinic', 'method': 'findAll', 'repository': 'OwnerRepository', 'state': 'ERROR'}",0,same_network,3,300
2026-07-24T22:00:34.609954+00:00,2026-07-24T22:00:34.697000+00:00,spring_data_repository_invocations_seconds_max,customers-service,10.42.0.186:8080,"{'__name__': 'spring_data_repository_invocations_seconds_max', 'exception': 'PersistenceException', 'instance': '10.42.0.186:8080', 'job': 'spring-petclinic', 'method': 'findById', 'repository': 'OwnerRepository', 'state': 'ERROR'}",0,same_network,3,300
2026-07-24T22:00:34.609954+00:00,2026-07-24T22:00:34.700000+00:00,spring_data_repository_invocations_seconds_sum,customers-service,10.42.0.186:8080,"{'__name__': 'spring_data_repository_invocations_seconds_sum', 'exception': 'None', 'instance': '10.42.0.186:8080', 'job': 'spring-petclinic', 'method': 'findAll', 'repository': 'OwnerRepository', 'state': 'SUCCESS'}",27798.581868189,same_network,3,300
2026-07-24T22:00:34.609954+00:00,2026-07-24T22:00:34.700000+00:00,spring_data_repository_invocations_seconds_sum,customers-service,10.42.0.186:8080,"{'__name__': 'spring_data_repository_invocations_seconds_sum', 'exception': 'None', 'instance': '10.42.0.186:8080', 'job': 'spring-petclinic', 'method': 'findById', 'repository': 'OwnerRepository', 'state': 'SUCCESS'}",2680.370679876,same_network,3,300
2026-07-24T22:00:34.609954+00:00,2026-07-24T22:00:34.700000+00:00,spring_data_repository_invocations_seconds_sum,visits-service,10.42.1.122:8080,"{'__name__': 'spring_data_repository_invocations_seconds_sum', 'exception': 'None', 'instance': '10.42.1.122:8080', 'job': 'spring-petclinic', 'method': 'findByPetId', 'repository': 'VisitRepository', 'state': 'SUCCESS'}",3700.265036797,same_network,3,300
2026-07-24T22:00:34.609954+00:00,2026-07-24T22:00:34.700000+00:00,spring_data_repository_invocations_seconds_sum,vets-service,10.42.1.123:8080,"{'__name__': 'spring_data_repository_invocations_seconds_sum', 'exception': 'None', 'instance': '10.42.1.123:8080', 'job': 'spring-petclinic', 'method': 'findAll', 'repository': 'VetRepository', 'state': 'SUCCESS'}",18527.415436348,same_network,3,300
2026-07-24T22:00:34.609954+00:00,2026-07-24T22:00:34.700000+00:00,spring_data_repository_invocations_seconds_sum,vets-service,10.42.1.124:8080,"{'__name__': 'spring_data_repository_invocations_seconds_sum', 'exception': 'None', 'instance': '10.42.1.124:8080', 'job': 'spring-petclinic', 'method': 'findAll', 'repository': 'VetRepository', 'state': 'SUCCESS'}",18969.785081891,same_network,3,300
2026-07-24T22:00:34.609954+00:00,2026-07-24T22:00:34.700000+00:00,spring_data_repository_invocations_seconds_sum,visits-service,10.42.1.125:8080,"{'__name__': 'spring_data_repository_invocations_seconds_sum', 'exception': 'None', 'instance': '10.42.1.125:8080', 'job': 'spring-petclinic', 'method': 'findByPetId', 'repository': 'VisitRepository', 'state': 'SUCCESS'}",3536.172084669,same_network,3,300
2026-07-24T22:00:34.609954+00:00,2026-07-24T22:00:34.700000+00:00,spring_data_repository_invocations_seconds_sum,customers-service,10.42.1.126:8080,"{'__name__': 'spring_data_repository_invocations_seconds_sum', 'exception': 'None', 'instance': '10.42.1.126:8080', 'job': 'spring-petclinic', 'method': 'findAll', 'repository': 'OwnerRepository', 'state': 'SUCCESS'}",29062.779570339,same_network,3,300
2026-07-24T22:00:34.609954+00:00,2026-07-24T22:00:34.700000+00:00,spring_data_repository_invocations_seconds_sum,customers-service,10.42.1.126:8080,"{'__name__': 'spring_data_repository_invocations_seconds_sum', 'exception': 'None', 'instance': '10.42.1.126:8080', 'job': 'spring-petclinic', 'method': 'findById', 'repository': 'OwnerRepository', 'state': 'SUCCESS'}",2759.533956389,same_network,3,300
2026-07-24T22:00:34.609954+00:00,2026-07-24T22:00:34.700000+00:00,spring_data_repository_invocations_seconds_sum,customers-service,10.42.0.186:8080,"{'__name__': 'spring_data_repository_invocations_seconds_sum', 'exception': 'PersistenceException', 'instance': '10.42.0.186:8080', 'job': 'spring-petclinic', 'method': 'findAll', 'repository': 'OwnerRepository', 'state': 'ERROR'}",162.317731366,same_network,3,300
2026-07-24T22:00:34.609954+00:00,2026-07-24T22:00:34.700000+00:00,spring_data_repository_invocations_seconds_sum,customers-service,10.42.0.186:8080,"{'__name__': 'spring_data_repository_invocations_seconds_sum', 'exception': 'PersistenceException', 'instance': '10.42.0.186:8080', 'job': 'spring-petclinic', 'method': 'findById', 'repository': 'OwnerRepository', 'state': 'ERROR'}",27.935482957,same_network,3,300
2026-07-24T22:00:34.609954+00:00,2026-07-24T22:00:34.703000+00:00,petclinic_owner_seconds_count,customers-service,10.42.0.186:8080,"{'__name__': 'petclinic_owner_seconds_count', 'exception': 'CannotCreateTransactionException', 'instance': '10.42.0.186:8080', 'job': 'spring-petclinic', 'method': 'GET', 'outcome': 'SERVER_ERROR', 'status': '500', 'uri': '/owners'}",1,same_network,3,300
2026-07-24T22:00:34.609954+00:00,2026-07-24T22:00:34.703000+00:00,petclinic_owner_seconds_count,customers-service,10.42.0.186:8080,"{'__name__': 'petclinic_owner_seconds_count', 'exception': 'CannotCreateTransactionException', 'instance': '10.42.0.186:8080', 'job': 'spring-petclinic', 'method': 'GET', 'outcome': 'SERVER_ERROR', 'status': '500', 'uri': '/owners/{ownerId}'}",2,same_network,3,300
2026-07-24T22:00:34.609954+00:00,2026-07-24T22:00:34.703000+00:00,petclinic_owner_seconds_count,customers-service,10.42.0.186:8080,"{'__name__': 'petclinic_owner_seconds_count', 'exception': 'JpaSystemException', 'instance': '10.42.0.186:8080', 'job': 'spring-petclinic', 'method': 'GET', 'outcome': 'SERVER_ERROR', 'status': '500', 'uri': '/owners/{ownerId}'}",1,same_network,3,300
2026-07-24T22:00:34.609954+00:00,2026-07-24T22:00:34.703000+00:00,petclinic_owner_seconds_count,customers-service,10.42.0.186:8080,"{'__name__': 'petclinic_owner_seconds_count', 'exception': 'None', 'instance': '10.42.0.186:8080', 'job': 'spring-petclinic', 'method': 'GET', 'outcome': 'SUCCESS', 'status': '200', 'uri': '/owners'}",296238,same_network,3,300
2026-07-24T22:00:34.609954+00:00,2026-07-24T22:00:34.703000+00:00,petclinic_owner_seconds_count,customers-service,10.42.0.186:8080,"{'__name__': 'petclinic_owner_seconds_count', 'exception': 'None', 'instance': '10.42.0.186:8080', 'job': 'spring-petclinic', 'method': 'GET', 'outcome': 'SUCCESS', 'status': '200', 'uri': '/owners/{ownerId}'}",295831,same_network,3,300
2026-07-24T22:00:34.609954+00:00,2026-07-24T22:00:34.703000+00:00,petclinic_owner_seconds_count,customers-service,10.42.1.126:8080,"{'__name__': 'petclinic_owner_seconds_count', 'exception': 'None', 'instance': '10.42.1.126:8080', 'job': 'spring-petclinic', 'method': 'GET', 'outcome': 'SUCCESS', 'status': '200', 'uri': '/owners'}",283890,same_network,3,300
2026-07-24T22:00:34.609954+00:00,2026-07-24T22:00:34.703000+00:00,petclinic_owner_seconds_count,customers-service,10.42.1.126:8080,"{'__name__': 'petclinic_owner_seconds_count', 'exception': 'None', 'instance': '10.42.1.126:8080', 'job': 'spring-petclinic', 'method': 'GET', 'outcome': 'SUCCESS', 'status': '200', 'uri': '/owners/{ownerId}'}",284663,same_network,3,300
2026-07-24T22:00:34.609954+00:00,2026-07-24T22:00:34.703000+00:00,petclinic_owner_seconds_count,customers-service,10.42.0.186:8080,"{'__name__': 'petclinic_owner_seconds_count', 'exception': 'TransactionSystemException', 'instance': '10.42.0.186:8080', 'job': 'spring-petclinic', 'method': 'GET', 'outcome': 'SERVER_ERROR', 'status': '500', 'uri': '/owners'}",6,same_network,3,300
2026-07-24T22:00:34.609954+00:00,2026-07-24T22:00:34.703000+00:00,petclinic_owner_seconds_count,customers-service,10.42.0.186:8080,"{'__name__': 'petclinic_owner_seconds_count', 'exception': 'TransactionSystemException', 'instance': '10.42.0.186:8080', 'job': 'spring-petclinic', 'method': 'GET', 'outcome': 'SERVER_ERROR', 'status': '500', 'uri': '/owners/{ownerId}'}",1,same_network,3,300
2026-07-24T22:00:34.609954+00:00,2026-07-24T22:00:34.706000+00:00,petclinic_owner_seconds_max,customers-service,10.42.0.186:8080,"{'__name__': 'petclinic_owner_seconds_max', 'exception': 'CannotCreateTransactionException', 'instance': '10.42.0.186:8080', 'job': 'spring-petclinic', 'method': 'GET', 'outcome': 'SERVER_ERROR', 'status': '500', 'uri': '/owners'}",0,same_network,3,300
2026-07-24T22:00:34.609954+00:00,2026-07-24T22:00:34.706000+00:00,petclinic_owner_seconds_max,customers-service,10.42.0.186:8080,"{'__name__': 'petclinic_owner_seconds_max', 'exception': 'CannotCreateTransactionException', 'instance': '10.42.0.186:8080', 'job': 'spring-petclinic', 'method': 'GET', 'outcome': 'SERVER_ERROR', 'status': '500', 'uri': '/owners/{ownerId}'}",0,same_network,3,300
2026-07-24T22:00:34.609954+00:00,2026-07-24T22:00:34.706000+00:00,petclinic_owner_seconds_max,customers-service,10.42.0.186:8080,"{'__name__': 'petclinic_owner_seconds_max', 'exception': 'JpaSystemException', 'instance': '10.42.0.186:8080', 'job': 'spring-petclinic', 'method': 'GET', 'outcome': 'SERVER_ERROR', 'status': '500', 'uri': '/owners/{ownerId}'}",0,same_network,3,300
2026-07-24T22:00:34.609954+00:00,2026-07-24T22:00:34.706000+00:00,petclinic_owner_seconds_max,customers-service,10.42.0.186:8080,"{'__name__': 'petclinic_owner_seconds_max', 'exception': 'None', 'instance': '10.42.0.186:8080', 'job': 'spring-petclinic', 'method': 'GET', 'outcome': 'SUCCESS', 'status': '200', 'uri': '/owners'}",1.363212938,same_network,3,300
2026-07-24T22:00:34.609954+00:00,2026-07-24T22:00:34.706000+00:00,petclinic_owner_seconds_max,customers-service,10.42.0.186:8080,"{'__name__': 'petclinic_owner_seconds_max', 'exception': 'None', 'instance': '10.42.0.186:8080', 'job': 'spring-petclinic', 'method': 'GET', 'outcome': 'SUCCESS', 'status': '200', 'uri': '/owners/{ownerId}'}",1.245949726,same_network,3,300
2026-07-24T22:00:34.609954+00:00,2026-07-24T22:00:34.706000+00:00,petclinic_owner_seconds_max,customers-service,10.42.1.126:8080,"{'__name__': 'petclinic_owner_seconds_max', 'exception': 'None', 'instance': '10.42.1.126:8080', 'job': 'spring-petclinic', 'method': 'GET', 'outcome': 'SUCCESS', 'status': '200', 'uri': '/owners'}",3.827907169,same_network,3,300
2026-07-24T22:00:34.609954+00:00,2026-07-24T22:00:34.706000+00:00,petclinic_owner_seconds_max,customers-service,10.42.1.126:8080,"{'__name__': 'petclinic_owner_seconds_max', 'exception': 'None', 'instance': '10.42.1.126:8080', 'job': 'spring-petclinic', 'method': 'GET', 'outcome': 'SUCCESS', 'status': '200', 'uri': '/owners/{ownerId}'}",2.66219705,same_network,3,300
2026-07-24T22:00:34.609954+00:00,2026-07-24T22:00:34.706000+00:00,petclinic_owner_seconds_max,customers-service,10.42.0.186:8080,"{'__name__': 'petclinic_owner_seconds_max', 'exception': 'TransactionSystemException', 'instance': '10.42.0.186:8080', 'job': 'spring-petclinic', 'method': 'GET', 'outcome': 'SERVER_ERROR', 'status': '500', 'uri': '/owners'}",0,same_network,3,300
2026-07-24T22:00:34.609954+00:00,2026-07-24T22:00:34.706000+00:00,petclinic_owner_seconds_max,customers-service,10.42.0.186:8080,"{'__name__': 'petclinic_owner_seconds_max', 'exception': 'TransactionSystemException', 'instance': '10.42.0.186:8080', 'job': 'spring-petclinic', 'method': 'GET', 'outcome': 'SERVER_ERROR', 'status': '500', 'uri': '/owners/{ownerId}'}",0,same_network,3,300
2026-07-24T22:00:34.609954+00:00,2026-07-24T22:00:34.708000+00:00,petclinic_owner_seconds_sum,customers-service,10.42.0.186:8080,"{'__name__': 'petclinic_owner_seconds_sum', 'exception': 'CannotCreateTransactionException', 'instance': '10.42.0.186:8080', 'job': 'spring-petclinic', 'method': 'GET', 'outcome': 'SERVER_ERROR', 'status': '500', 'uri': '/owners'}",30.011462249,same_network,3,300
2026-07-24T22:00:34.609954+00:00,2026-07-24T22:00:34.708000+00:00,petclinic_owner_seconds_sum,customers-service,10.42.0.186:8080,"{'__name__': 'petclinic_owner_seconds_sum', 'exception': 'CannotCreateTransactionException', 'instance': '10.42.0.186:8080', 'job': 'spring-petclinic', 'method': 'GET', 'outcome': 'SERVER_ERROR', 'status': '500', 'uri': '/owners/{ownerId}'}",57.928555052,same_network,3,300
2026-07-24T22:00:34.609954+00:00,2026-07-24T22:00:34.708000+00:00,petclinic_owner_seconds_sum,customers-service,10.42.0.186:8080,"{'__name__': 'petclinic_owner_seconds_sum', 'exception': 'JpaSystemException', 'instance': '10.42.0.186:8080', 'job': 'spring-petclinic', 'method': 'GET', 'outcome': 'SERVER_ERROR', 'status': '500', 'uri': '/owners/{ownerId}'}",29.962295767,same_network,3,300
2026-07-24T22:00:34.609954+00:00,2026-07-24T22:00:34.708000+00:00,petclinic_owner_seconds_sum,customers-service,10.42.0.186:8080,"{'__name__': 'petclinic_owner_seconds_sum', 'exception': 'None', 'instance': '10.42.0.186:8080', 'job': 'spring-petclinic', 'method': 'GET', 'outcome': 'SUCCESS', 'status': '200', 'uri': '/owners'}",69508.307068725,same_network,3,300
2026-07-24T22:00:34.609954+00:00,2026-07-24T22:00:34.708000+00:00,petclinic_owner_seconds_sum,customers-service,10.42.0.186:8080,"{'__name__': 'petclinic_owner_seconds_sum', 'exception': 'None', 'instance': '10.42.0.186:8080', 'job': 'spring-petclinic', 'method': 'GET', 'outcome': 'SUCCESS', 'status': '200', 'uri': '/owners/{ownerId}'}",43974.832096548,same_network,3,300
2026-07-24T22:00:34.609954+00:00,2026-07-24T22:00:34.708000+00:00,petclinic_owner_seconds_sum,customers-service,10.42.1.126:8080,"{'__name__': 'petclinic_owner_seconds_sum', 'exception': 'None', 'instance': '10.42.1.126:8080', 'job': 'spring-petclinic', 'method': 'GET', 'outcome': 'SUCCESS', 'status': '200', 'uri': '/owners'}",61547.591012803,same_network,3,300
2026-07-24T22:00:34.609954+00:00,2026-07-24T22:00:34.708000+00:00,petclinic_owner_seconds_sum,customers-service,10.42.1.126:8080,"{'__name__': 'petclinic_owner_seconds_sum', 'exception': 'None', 'instance': '10.42.1.126:8080', 'job': 'spring-petclinic', 'method': 'GET', 'outcome': 'SUCCESS', 'status': '200', 'uri': '/owners/{ownerId}'}",36013.074803168,same_network,3,300
2026-07-24T22:00:34.609954+00:00,2026-07-24T22:00:34.708000+00:00,petclinic_owner_seconds_sum,customers-service,10.42.0.186:8080,"{'__name__': 'petclinic_owner_seconds_sum', 'exception': 'TransactionSystemException', 'instance': '10.42.0.186:8080', 'job': 'spring-petclinic', 'method': 'GET', 'outcome': 'SERVER_ERROR', 'status': '500', 'uri': '/owners'}",162.536228172,same_network,3,300
2026-07-24T22:00:34.609954+00:00,2026-07-24T22:00:34.708000+00:00,petclinic_owner_seconds_sum,customers-service,10.42.0.186:8080,"{'__name__': 'petclinic_owner_seconds_sum', 'exception': 'TransactionSystemException', 'instance': '10.42.0.186:8080', 'job': 'spring-petclinic', 'method': 'GET', 'outcome': 'SERVER_ERROR', 'status': '500', 'uri': '/owners/{ownerId}'}",27.98418218,same_network,3,300
2026-07-24T22:00:34.609954+00:00,2026-07-24T22:00:34.711000+00:00,petclinic_visit_seconds_count,visits-service,10.42.1.122:8080,"{'__name__': 'petclinic_visit_seconds_count', 'exception': 'None', 'instance': '10.42.1.122:8080', 'job': 'spring-petclinic', 'method': 'GET', 'outcome': 'SUCCESS', 'status': '200', 'uri': '/owners/*/pets/{petId}/visits'}",290949,same_network,3,300
2026-07-24T22:00:34.609954+00:00,2026-07-24T22:00:34.711000+00:00,petclinic_visit_seconds_count,visits-service,10.42.1.125:8080,"{'__name__': 'petclinic_visit_seconds_count', 'exception': 'None', 'instance': '10.42.1.125:8080', 'job': 'spring-petclinic', 'method': 'GET', 'outcome': 'SUCCESS', 'status': '200', 'uri': '/owners/*/pets/{petId}/visits'}",284996,same_network,3,300
2026-07-24T22:00:34.609954+00:00,2026-07-24T22:00:34.713000+00:00,petclinic_visit_seconds_max,visits-service,10.42.1.122:8080,"{'__name__': 'petclinic_visit_seconds_max', 'exception': 'None', 'instance': '10.42.1.122:8080', 'job': 'spring-petclinic', 'method': 'GET', 'outcome': 'SUCCESS', 'status': '200', 'uri': '/owners/*/pets/{petId}/visits'}",0.480798744,same_network,3,300
2026-07-24T22:00:34.609954+00:00,2026-07-24T22:00:34.713000+00:00,petclinic_visit_seconds_max,visits-service,10.42.1.125:8080,"{'__name__': 'petclinic_visit_seconds_max', 'exception': 'None', 'instance': '10.42.1.125:8080', 'job': 'spring-petclinic', 'method': 'GET', 'outcome': 'SUCCESS', 'status': '200', 'uri': '/owners/*/pets/{petId}/visits'}",0.466320582,same_network,3,300
2026-07-24T22:00:34.609954+00:00,2026-07-24T22:00:34.715000+00:00,petclinic_visit_seconds_sum,visits-service,10.42.1.122:8080,"{'__name__': 'petclinic_visit_seconds_sum', 'exception': 'None', 'instance': '10.42.1.122:8080', 'job': 'spring-petclinic', 'method': 'GET', 'outcome': 'SUCCESS', 'status': '200', 'uri': '/owners/*/pets/{petId}/visits'}",4385.028270295,same_network,3,300
2026-07-24T22:00:34.609954+00:00,2026-07-24T22:00:34.715000+00:00,petclinic_visit_seconds_sum,visits-service,10.42.1.125:8080,"{'__name__': 'petclinic_visit_seconds_sum', 'exception': 'None', 'instance': '10.42.1.125:8080', 'job': 'spring-petclinic', 'method': 'GET', 'outcome': 'SUCCESS', 'status': '200', 'uri': '/owners/*/pets/{petId}/visits'}",4358.573812128,same_network,3,300
2026-07-24T22:00:34.609954+00:00,2026-07-24T22:00:34.717000+00:00,hikaricp_connections,customers-service,10.42.0.186:8080,"{'__name__': 'hikaricp_connections', 'instance': '10.42.0.186:8080', 'job': 'spring-petclinic', 'pool': 'HikariPool-1'}",10,same_network,3,300
2026-07-24T22:00:34.609954+00:00,2026-07-24T22:00:34.717000+00:00,hikaricp_connections,visits-service,10.42.1.122:8080,"{'__name__': 'hikaricp_connections', 'instance': '10.42.1.122:8080', 'job': 'spring-petclinic', 'pool': 'HikariPool-1'}",10,same_network,3,300
2026-07-24T22:00:34.609954+00:00,2026-07-24T22:00:34.717000+00:00,hikaricp_connections,vets-service,10.42.1.123:8080,"{'__name__': 'hikaricp_connections', 'instance': '10.42.1.123:8080', 'job': 'spring-petclinic', 'pool': 'HikariPool-1'}",10,same_network,3,300
2026-07-24T22:00:34.609954+00:00,2026-07-24T22:00:34.717000+00:00,hikaricp_connections,vets-service,10.42.1.124:8080,"{'__name__': 'hikaricp_connections', 'instance': '10.42.1.124:8080', 'job': 'spring-petclinic', 'pool': 'HikariPool-1'}",10,same_network,3,300
2026-07-24T22:00:34.609954+00:00,2026-07-24T22:00:34.717000+00:00,hikaricp_connections,visits-service,10.42.1.125:8080,"{'__name__': 'hikaricp_connections', 'instance': '10.42.1.125:8080', 'job': 'spring-petclinic', 'pool': 'HikariPool-1'}",10,same_network,3,300
2026-07-24T22:00:34.609954+00:00,2026-07-24T22:00:34.717000+00:00,hikaricp_connections,customers-service,10.42.1.126:8080,"{'__name__': 'hikaricp_connections', 'instance': '10.42.1.126:8080', 'job': 'spring-petclinic', 'pool': 'HikariPool-1'}",10,same_network,3,300
2026-07-24T22:00:34.609954+00:00,2026-07-24T22:00:34.719000+00:00,hikaricp_connections_active,customers-service,10.42.0.186:8080,"{'__name__': 'hikaricp_connections_active', 'instance': '10.42.0.186:8080', 'job': 'spring-petclinic', 'pool': 'HikariPool-1'}",0,same_network,3,300
2026-07-24T22:00:34.609954+00:00,2026-07-24T22:00:34.719000+00:00,hikaricp_connections_active,visits-service,10.42.1.122:8080,"{'__name__': 'hikaricp_connections_active', 'instance': '10.42.1.122:8080', 'job': 'spring-petclinic', 'pool': 'HikariPool-1'}",0,same_network,3,300
2026-07-24T22:00:34.609954+00:00,2026-07-24T22:00:34.719000+00:00,hikaricp_connections_active,vets-service,10.42.1.123:8080,"{'__name__': 'hikaricp_connections_active', 'instance': '10.42.1.123:8080', 'job': 'spring-petclinic', 'pool': 'HikariPool-1'}",0,same_network,3,300
2026-07-24T22:00:34.609954+00:00,2026-07-24T22:00:34.719000+00:00,hikaricp_connections_active,vets-service,10.42.1.124:8080,"{'__name__': 'hikaricp_connections_active', 'instance': '10.42.1.124:8080', 'job': 'spring-petclinic', 'pool': 'HikariPool-1'}",0,same_network,3,300
2026-07-24T22:00:34.609954+00:00,2026-07-24T22:00:34.719000+00:00,hikaricp_connections_active,visits-service,10.42.1.125:8080,"{'__name__': 'hikaricp_connections_active', 'instance': '10.42.1.125:8080', 'job': 'spring-petclinic', 'pool': 'HikariPool-1'}",0,same_network,3,300
2026-07-24T22:00:34.609954+00:00,2026-07-24T22:00:34.719000+00:00,hikaricp_connections_active,customers-service,10.42.1.126:8080,"{'__name__': 'hikaricp_connections_active', 'instance': '10.42.1.126:8080', 'job': 'spring-petclinic', 'pool': 'HikariPool-1'}",0,same_network,3,300
2026-07-24T22:00:34.609954+00:00,2026-07-24T22:00:34.721000+00:00,hikaricp_connections_idle,customers-service,10.42.0.186:8080,"{'__name__': 'hikaricp_connections_idle', 'instance': '10.42.0.186:8080', 'job': 'spring-petclinic', 'pool': 'HikariPool-1'}",10,same_network,3,300
2026-07-24T22:00:34.609954+00:00,2026-07-24T22:00:34.721000+00:00,hikaricp_connections_idle,visits-service,10.42.1.122:8080,"{'__name__': 'hikaricp_connections_idle', 'instance': '10.42.1.122:8080', 'job': 'spring-petclinic', 'pool': 'HikariPool-1'}",10,same_network,3,300
2026-07-24T22:00:34.609954+00:00,2026-07-24T22:00:34.721000+00:00,hikaricp_connections_idle,vets-service,10.42.1.123:8080,"{'__name__': 'hikaricp_connections_idle', 'instance': '10.42.1.123:8080', 'job': 'spring-petclinic', 'pool': 'HikariPool-1'}",10,same_network,3,300
2026-07-24T22:00:34.609954+00:00,2026-07-24T22:00:34.721000+00:00,hikaricp_connections_idle,vets-service,10.42.1.124:8080,"{'__name__': 'hikaricp_connections_idle', 'instance': '10.42.1.124:8080', 'job': 'spring-petclinic', 'pool': 'HikariPool-1'}",10,same_network,3,300
2026-07-24T22:00:34.609954+00:00,2026-07-24T22:00:34.721000+00:00,hikaricp_connections_idle,visits-service,10.42.1.125:8080,"{'__name__': 'hikaricp_connections_idle', 'instance': '10.42.1.125:8080', 'job': 'spring-petclinic', 'pool': 'HikariPool-1'}",10,same_network,3,300
2026-07-24T22:00:34.609954+00:00,2026-07-24T22:00:34.721000+00:00,hikaricp_connections_idle,customers-service,10.42.1.126:8080,"{'__name__': 'hikaricp_connections_idle', 'instance': '10.42.1.126:8080', 'job': 'spring-petclinic', 'pool': 'HikariPool-1'}",10,same_network,3,300
2026-07-24T22:00:34.609954+00:00,2026-07-24T22:00:34.723000+00:00,hikaricp_connections_max,customers-service,10.42.0.186:8080,"{'__name__': 'hikaricp_connections_max', 'instance': '10.42.0.186:8080', 'job': 'spring-petclinic', 'pool': 'HikariPool-1'}",10,same_network,3,300
2026-07-24T22:00:34.609954+00:00,2026-07-24T22:00:34.723000+00:00,hikaricp_connections_max,visits-service,10.42.1.122:8080,"{'__name__': 'hikaricp_connections_max', 'instance': '10.42.1.122:8080', 'job': 'spring-petclinic', 'pool': 'HikariPool-1'}",10,same_network,3,300
2026-07-24T22:00:34.609954+00:00,2026-07-24T22:00:34.723000+00:00,hikaricp_connections_max,vets-service,10.42.1.123:8080,"{'__name__': 'hikaricp_connections_max', 'instance': '10.42.1.123:8080', 'job': 'spring-petclinic', 'pool': 'HikariPool-1'}",10,same_network,3,300
2026-07-24T22:00:34.609954+00:00,2026-07-24T22:00:34.723000+00:00,hikaricp_connections_max,vets-service,10.42.1.124:8080,"{'__name__': 'hikaricp_connections_max', 'instance': '10.42.1.124:8080', 'job': 'spring-petclinic', 'pool': 'HikariPool-1'}",10,same_network,3,300
2026-07-24T22:00:34.609954+00:00,2026-07-24T22:00:34.723000+00:00,hikaricp_connections_max,visits-service,10.42.1.125:8080,"{'__name__': 'hikaricp_connections_max', 'instance': '10.42.1.125:8080', 'job': 'spring-petclinic', 'pool': 'HikariPool-1'}",10,same_network,3,300
2026-07-24T22:00:34.609954+00:00,2026-07-24T22:00:34.723000+00:00,hikaricp_connections_max,customers-service,10.42.1.126:8080,"{'__name__': 'hikaricp_connections_max', 'instance': '10.42.1.126:8080', 'job': 'spring-petclinic', 'pool': 'HikariPool-1'}",10,same_network,3,300
2026-07-24T22:00:34.609954+00:00,2026-07-24T22:00:34.725000+00:00,hikaricp_connections_min,customers-service,10.42.0.186:8080,"{'__name__': 'hikaricp_connections_min', 'instance': '10.42.0.186:8080', 'job': 'spring-petclinic', 'pool': 'HikariPool-1'}",10,same_network,3,300
2026-07-24T22:00:34.609954+00:00,2026-07-24T22:00:34.725000+00:00,hikaricp_connections_min,visits-service,10.42.1.122:8080,"{'__name__': 'hikaricp_connections_min', 'instance': '10.42.1.122:8080', 'job': 'spring-petclinic', 'pool': 'HikariPool-1'}",10,same_network,3,300
2026-07-24T22:00:34.609954+00:00,2026-07-24T22:00:34.725000+00:00,hikaricp_connections_min,vets-service,10.42.1.123:8080,"{'__name__': 'hikaricp_connections_min', 'instance': '10.42.1.123:8080', 'job': 'spring-petclinic', 'pool': 'HikariPool-1'}",10,same_network,3,300
2026-07-24T22:00:34.609954+00:00,2026-07-24T22:00:34.725000+00:00,hikaricp_connections_min,vets-service,10.42.1.124:8080,"{'__name__': 'hikaricp_connections_min', 'instance': '10.42.1.124:8080', 'job': 'spring-petclinic', 'pool': 'HikariPool-1'}",10,same_network,3,300
2026-07-24T22:00:34.609954+00:00,2026-07-24T22:00:34.725000+00:00,hikaricp_connections_min,visits-service,10.42.1.125:8080,"{'__name__': 'hikaricp_connections_min', 'instance': '10.42.1.125:8080', 'job': 'spring-petclinic', 'pool': 'HikariPool-1'}",10,same_network,3,300
2026-07-24T22:00:34.609954+00:00,2026-07-24T22:00:34.725000+00:00,hikaricp_connections_min,customers-service,10.42.1.126:8080,"{'__name__': 'hikaricp_connections_min', 'instance': '10.42.1.126:8080', 'job': 'spring-petclinic', 'pool': 'HikariPool-1'}",10,same_network,3,300
2026-07-24T22:00:34.609954+00:00,2026-07-24T22:00:34.727000+00:00,hikaricp_connections_pending,customers-service,10.42.0.186:8080,"{'__name__': 'hikaricp_connections_pending', 'instance': '10.42.0.186:8080', 'job': 'spring-petclinic', 'pool': 'HikariPool-1'}",0,same_network,3,300
2026-07-24T22:00:34.609954+00:00,2026-07-24T22:00:34.727000+00:00,hikaricp_connections_pending,visits-service,10.42.1.122:8080,"{'__name__': 'hikaricp_connections_pending', 'instance': '10.42.1.122:8080', 'job': 'spring-petclinic', 'pool': 'HikariPool-1'}",0,same_network,3,300
2026-07-24T22:00:34.609954+00:00,2026-07-24T22:00:34.727000+00:00,hikaricp_connections_pending,vets-service,10.42.1.123:8080,"{'__name__': 'hikaricp_connections_pending', 'instance': '10.42.1.123:8080', 'job': 'spring-petclinic', 'pool': 'HikariPool-1'}",0,same_network,3,300
2026-07-24T22:00:34.609954+00:00,2026-07-24T22:00:34.727000+00:00,hikaricp_connections_pending,vets-service,10.42.1.124:8080,"{'__name__': 'hikaricp_connections_pending', 'instance': '10.42.1.124:8080', 'job': 'spring-petclinic', 'pool': 'HikariPool-1'}",0,same_network,3,300
2026-07-24T22:00:34.609954+00:00,2026-07-24T22:00:34.727000+00:00,hikaricp_connections_pending,visits-service,10.42.1.125:8080,"{'__name__': 'hikaricp_connections_pending', 'instance': '10.42.1.125:8080', 'job': 'spring-petclinic', 'pool': 'HikariPool-1'}",0,same_network,3,300
2026-07-24T22:00:34.609954+00:00,2026-07-24T22:00:34.727000+00:00,hikaricp_connections_pending,customers-service,10.42.1.126:8080,"{'__name__': 'hikaricp_connections_pending', 'instance': '10.42.1.126:8080', 'job': 'spring-petclinic', 'pool': 'HikariPool-1'}",0,same_network,3,300
2026-07-24T22:00:34.609954+00:00,2026-07-24T22:00:34.730000+00:00,hikaricp_connections_timeout_total,customers-service,10.42.0.186:8080,"{'__name__': 'hikaricp_connections_timeout_total', 'instance': '10.42.0.186:8080', 'job': 'spring-petclinic', 'pool': 'HikariPool-1'}",2,same_network,3,300
2026-07-24T22:00:34.609954+00:00,2026-07-24T22:00:34.730000+00:00,hikaricp_connections_timeout_total,visits-service,10.42.1.122:8080,"{'__name__': 'hikaricp_connections_timeout_total', 'instance': '10.42.1.122:8080', 'job': 'spring-petclinic', 'pool': 'HikariPool-1'}",0,same_network,3,300
2026-07-24T22:00:34.609954+00:00,2026-07-24T22:00:34.730000+00:00,hikaricp_connections_timeout_total,vets-service,10.42.1.123:8080,"{'__name__': 'hikaricp_connections_timeout_total', 'instance': '10.42.1.123:8080', 'job': 'spring-petclinic', 'pool': 'HikariPool-1'}",0,same_network,3,300
2026-07-24T22:00:34.609954+00:00,2026-07-24T22:00:34.730000+00:00,hikaricp_connections_timeout_total,vets-service,10.42.1.124:8080,"{'__name__': 'hikaricp_connections_timeout_total', 'instance': '10.42.1.124:8080', 'job': 'spring-petclinic', 'pool': 'HikariPool-1'}",0,same_network,3,300
2026-07-24T22:00:34.609954+00:00,2026-07-24T22:00:34.730000+00:00,hikaricp_connections_timeout_total,visits-service,10.42.1.125:8080,"{'__name__': 'hikaricp_connections_timeout_total', 'instance': '10.42.1.125:8080', 'job': 'spring-petclinic', 'pool': 'HikariPool-1'}",0,same_network,3,300
2026-07-24T22:00:34.609954+00:00,2026-07-24T22:00:34.730000+00:00,hikaricp_connections_timeout_total,customers-service,10.42.1.126:8080,"{'__name__': 'hikaricp_connections_timeout_total', 'instance': '10.42.1.126:8080', 'job': 'spring-petclinic', 'pool': 'HikariPool-1'}",0,same_network,3,300
2026-07-24T22:00:34.609954+00:00,2026-07-24T22:00:34.732000+00:00,hikaricp_connections_acquire_seconds_count,customers-service,10.42.0.186:8080,"{'__name__': 'hikaricp_connections_acquire_seconds_count', 'instance': '10.42.0.186:8080', 'job': 'spring-petclinic', 'pool': 'HikariPool-1'}",592080,same_network,3,300
2026-07-24T22:00:34.609954+00:00,2026-07-24T22:00:34.732000+00:00,hikaricp_connections_acquire_seconds_count,visits-service,10.42.1.122:8080,"{'__name__': 'hikaricp_connections_acquire_seconds_count', 'instance': '10.42.1.122:8080', 'job': 'spring-petclinic', 'pool': 'HikariPool-1'}",290949,same_network,3,300
2026-07-24T22:00:34.609954+00:00,2026-07-24T22:00:34.732000+00:00,hikaricp_connections_acquire_seconds_count,vets-service,10.42.1.123:8080,"{'__name__': 'hikaricp_connections_acquire_seconds_count', 'instance': '10.42.1.123:8080', 'job': 'spring-petclinic', 'pool': 'HikariPool-1'}",283957,same_network,3,300
2026-07-24T22:00:34.609954+00:00,2026-07-24T22:00:34.732000+00:00,hikaricp_connections_acquire_seconds_count,vets-service,10.42.1.124:8080,"{'__name__': 'hikaricp_connections_acquire_seconds_count', 'instance': '10.42.1.124:8080', 'job': 'spring-petclinic', 'pool': 'HikariPool-1'}",290964,same_network,3,300
2026-07-24T22:00:34.609954+00:00,2026-07-24T22:00:34.732000+00:00,hikaricp_connections_acquire_seconds_count,visits-service,10.42.1.125:8080,"{'__name__': 'hikaricp_connections_acquire_seconds_count', 'instance': '10.42.1.125:8080', 'job': 'spring-petclinic', 'pool': 'HikariPool-1'}",284996,same_network,3,300
2026-07-24T22:00:34.609954+00:00,2026-07-24T22:00:34.732000+00:00,hikaricp_connections_acquire_seconds_count,customers-service,10.42.1.126:8080,"{'__name__': 'hikaricp_connections_acquire_seconds_count', 'instance': '10.42.1.126:8080', 'job': 'spring-petclinic', 'pool': 'HikariPool-1'}",568553,same_network,3,300
2026-07-24T22:00:34.609954+00:00,2026-07-24T22:00:34.735000+00:00,hikaricp_connections_acquire_seconds_max,customers-service,10.42.0.186:8080,"{'__name__': 'hikaricp_connections_acquire_seconds_max', 'instance': '10.42.0.186:8080', 'job': 'spring-petclinic', 'pool': 'HikariPool-1'}",1.218775416,same_network,3,300
2026-07-24T22:00:34.609954+00:00,2026-07-24T22:00:34.735000+00:00,hikaricp_connections_acquire_seconds_max,visits-service,10.42.1.122:8080,"{'__name__': 'hikaricp_connections_acquire_seconds_max', 'instance': '10.42.1.122:8080', 'job': 'spring-petclinic', 'pool': 'HikariPool-1'}",0.056212245,same_network,3,300
2026-07-24T22:00:34.609954+00:00,2026-07-24T22:00:34.735000+00:00,hikaricp_connections_acquire_seconds_max,vets-service,10.42.1.123:8080,"{'__name__': 'hikaricp_connections_acquire_seconds_max', 'instance': '10.42.1.123:8080', 'job': 'spring-petclinic', 'pool': 'HikariPool-1'}",1.084089232,same_network,3,300
2026-07-24T22:00:34.609954+00:00,2026-07-24T22:00:34.735000+00:00,hikaricp_connections_acquire_seconds_max,vets-service,10.42.1.124:8080,"{'__name__': 'hikaricp_connections_acquire_seconds_max', 'instance': '10.42.1.124:8080', 'job': 'spring-petclinic', 'pool': 'HikariPool-1'}",1.930406938,same_network,3,300
2026-07-24T22:00:34.609954+00:00,2026-07-24T22:00:34.735000+00:00,hikaricp_connections_acquire_seconds_max,visits-service,10.42.1.125:8080,"{'__name__': 'hikaricp_connections_acquire_seconds_max', 'instance': '10.42.1.125:8080', 'job': 'spring-petclinic', 'pool': 'HikariPool-1'}",0.052190335,same_network,3,300
2026-07-24T22:00:34.609954+00:00,2026-07-24T22:00:34.735000+00:00,hikaricp_connections_acquire_seconds_max,customers-service,10.42.1.126:8080,"{'__name__': 'hikaricp_connections_acquire_seconds_max', 'instance': '10.42.1.126:8080', 'job': 'spring-petclinic', 'pool': 'HikariPool-1'}",3.626605167,same_network,3,300
2026-07-24T22:00:34.609954+00:00,2026-07-24T22:00:34.737000+00:00,hikaricp_connections_acquire_seconds_sum,customers-service,10.42.0.186:8080,"{'__name__': 'hikaricp_connections_acquire_seconds_sum', 'instance': '10.42.0.186:8080', 'job': 'spring-petclinic', 'pool': 'HikariPool-1'}",59131.484564889,same_network,3,300
2026-07-24T22:00:34.609954+00:00,2026-07-24T22:00:34.737000+00:00,hikaricp_connections_acquire_seconds_sum,visits-service,10.42.1.122:8080,"{'__name__': 'hikaricp_connections_acquire_seconds_sum', 'instance': '10.42.1.122:8080', 'job': 'spring-petclinic', 'pool': 'HikariPool-1'}",682.995055606,same_network,3,300
2026-07-24T22:00:34.609954+00:00,2026-07-24T22:00:34.737000+00:00,hikaricp_connections_acquire_seconds_sum,vets-service,10.42.1.123:8080,"{'__name__': 'hikaricp_connections_acquire_seconds_sum', 'instance': '10.42.1.123:8080', 'job': 'spring-petclinic', 'pool': 'HikariPool-1'}",7335.645492902,same_network,3,300
2026-07-24T22:00:34.609954+00:00,2026-07-24T22:00:34.737000+00:00,hikaricp_connections_acquire_seconds_sum,vets-service,10.42.1.124:8080,"{'__name__': 'hikaricp_connections_acquire_seconds_sum', 'instance': '10.42.1.124:8080', 'job': 'spring-petclinic', 'pool': 'HikariPool-1'}",7802.858160657,same_network,3,300
2026-07-24T22:00:34.609954+00:00,2026-07-24T22:00:34.737000+00:00,hikaricp_connections_acquire_seconds_sum,visits-service,10.42.1.125:8080,"{'__name__': 'hikaricp_connections_acquire_seconds_sum', 'instance': '10.42.1.125:8080', 'job': 'spring-petclinic', 'pool': 'HikariPool-1'}",509.792640434,same_network,3,300
2026-07-24T22:00:34.609954+00:00,2026-07-24T22:00:34.737000+00:00,hikaricp_connections_acquire_seconds_sum,customers-service,10.42.1.126:8080,"{'__name__': 'hikaricp_connections_acquire_seconds_sum', 'instance': '10.42.1.126:8080', 'job': 'spring-petclinic', 'pool': 'HikariPool-1'}",41330.937175989,same_network,3,300
2026-07-24T22:00:34.609954+00:00,2026-07-24T22:00:34.740000+00:00,hikaricp_connections_creation_seconds_count,customers-service,10.42.0.186:8080,"{'__name__': 'hikaricp_connections_creation_seconds_count', 'instance': '10.42.0.186:8080', 'job': 'spring-petclinic', 'pool': 'HikariPool-1'}",70,same_network,3,300
2026-07-24T22:00:34.609954+00:00,2026-07-24T22:00:34.740000+00:00,hikaricp_connections_creation_seconds_count,visits-service,10.42.1.122:8080,"{'__name__': 'hikaricp_connections_creation_seconds_count', 'instance': '10.42.1.122:8080', 'job': 'spring-petclinic', 'pool': 'HikariPool-1'}",271,same_network,3,300
2026-07-24T22:00:34.609954+00:00,2026-07-24T22:00:34.740000+00:00,hikaricp_connections_creation_seconds_count,vets-service,10.42.1.123:8080,"{'__name__': 'hikaricp_connections_creation_seconds_count', 'instance': '10.42.1.123:8080', 'job': 'spring-petclinic', 'pool': 'HikariPool-1'}",268,same_network,3,300
2026-07-24T22:00:34.609954+00:00,2026-07-24T22:00:34.740000+00:00,hikaricp_connections_creation_seconds_count,vets-service,10.42.1.124:8080,"{'__name__': 'hikaricp_connections_creation_seconds_count', 'instance': '10.42.1.124:8080', 'job': 'spring-petclinic', 'pool': 'HikariPool-1'}",258,same_network,3,300
2026-07-24T22:00:34.609954+00:00,2026-07-24T22:00:34.740000+00:00,hikaricp_connections_creation_seconds_count,visits-service,10.42.1.125:8080,"{'__name__': 'hikaricp_connections_creation_seconds_count', 'instance': '10.42.1.125:8080', 'job': 'spring-petclinic', 'pool': 'HikariPool-1'}",258,same_network,3,300
2026-07-24T22:00:34.609954+00:00,2026-07-24T22:00:34.740000+00:00,hikaricp_connections_creation_seconds_count,customers-service,10.42.1.126:8080,"{'__name__': 'hikaricp_connections_creation_seconds_count', 'instance': '10.42.1.126:8080', 'job': 'spring-petclinic', 'pool': 'HikariPool-1'}",256,same_network,3,300
2026-07-24T22:00:34.609954+00:00,2026-07-24T22:00:34.743000+00:00,hikaricp_connections_creation_seconds_max,customers-service,10.42.0.186:8080,"{'__name__': 'hikaricp_connections_creation_seconds_max', 'instance': '10.42.0.186:8080', 'job': 'spring-petclinic', 'pool': 'HikariPool-1'}",0,same_network,3,300
2026-07-24T22:00:34.609954+00:00,2026-07-24T22:00:34.743000+00:00,hikaricp_connections_creation_seconds_max,visits-service,10.42.1.122:8080,"{'__name__': 'hikaricp_connections_creation_seconds_max', 'instance': '10.42.1.122:8080', 'job': 'spring-petclinic', 'pool': 'HikariPool-1'}",0,same_network,3,300
2026-07-24T22:00:34.609954+00:00,2026-07-24T22:00:34.743000+00:00,hikaricp_connections_creation_seconds_max,vets-service,10.42.1.123:8080,"{'__name__': 'hikaricp_connections_creation_seconds_max', 'instance': '10.42.1.123:8080', 'job': 'spring-petclinic', 'pool': 'HikariPool-1'}",0,same_network,3,300
2026-07-24T22:00:34.609954+00:00,2026-07-24T22:00:34.743000+00:00,hikaricp_connections_creation_seconds_max,vets-service,10.42.1.124:8080,"{'__name__': 'hikaricp_connections_creation_seconds_max', 'instance': '10.42.1.124:8080', 'job': 'spring-petclinic', 'pool': 'HikariPool-1'}",0,same_network,3,300
2026-07-24T22:00:34.609954+00:00,2026-07-24T22:00:34.743000+00:00,hikaricp_connections_creation_seconds_max,visits-service,10.42.1.125:8080,"{'__name__': 'hikaricp_connections_creation_seconds_max', 'instance': '10.42.1.125:8080', 'job': 'spring-petclinic', 'pool': 'HikariPool-1'}",0,same_network,3,300
2026-07-24T22:00:34.609954+00:00,2026-07-24T22:00:34.743000+00:00,hikaricp_connections_creation_seconds_max,customers-service,10.42.1.126:8080,"{'__name__': 'hikaricp_connections_creation_seconds_max', 'instance': '10.42.1.126:8080', 'job': 'spring-petclinic', 'pool': 'HikariPool-1'}",0,same_network,3,300
2026-07-24T22:00:34.609954+00:00,2026-07-24T22:00:34.748000+00:00,hikaricp_connections_creation_seconds_sum,customers-service,10.42.0.186:8080,"{'__name__': 'hikaricp_connections_creation_seconds_sum', 'instance': '10.42.0.186:8080', 'job': 'spring-petclinic', 'pool': 'HikariPool-1'}",6.782,same_network,3,300
2026-07-24T22:00:34.609954+00:00,2026-07-24T22:00:34.748000+00:00,hikaricp_connections_creation_seconds_sum,visits-service,10.42.1.122:8080,"{'__name__': 'hikaricp_connections_creation_seconds_sum', 'instance': '10.42.1.122:8080', 'job': 'spring-petclinic', 'pool': 'HikariPool-1'}",969.813,same_network,3,300
2026-07-24T22:00:34.609954+00:00,2026-07-24T22:00:34.748000+00:00,hikaricp_connections_creation_seconds_sum,vets-service,10.42.1.123:8080,"{'__name__': 'hikaricp_connections_creation_seconds_sum', 'instance': '10.42.1.123:8080', 'job': 'spring-petclinic', 'pool': 'HikariPool-1'}",957.617,same_network,3,300
2026-07-24T22:00:34.609954+00:00,2026-07-24T22:00:34.748000+00:00,hikaricp_connections_creation_seconds_sum,vets-service,10.42.1.124:8080,"{'__name__': 'hikaricp_connections_creation_seconds_sum', 'instance': '10.42.1.124:8080', 'job': 'spring-petclinic', 'pool': 'HikariPool-1'}",907.914,same_network,3,300
2026-07-24T22:00:34.609954+00:00,2026-07-24T22:00:34.748000+00:00,hikaricp_connections_creation_seconds_sum,visits-service,10.42.1.125:8080,"{'__name__': 'hikaricp_connections_creation_seconds_sum', 'instance': '10.42.1.125:8080', 'job': 'spring-petclinic', 'pool': 'HikariPool-1'}",912.241,same_network,3,300
2026-07-24T22:00:34.609954+00:00,2026-07-24T22:00:34.748000+00:00,hikaricp_connections_creation_seconds_sum,customers-service,10.42.1.126:8080,"{'__name__': 'hikaricp_connections_creation_seconds_sum', 'instance': '10.42.1.126:8080', 'job': 'spring-petclinic', 'pool': 'HikariPool-1'}",898.993,same_network,3,300
2026-07-24T22:00:34.609954+00:00,2026-07-24T22:00:34.750000+00:00,hikaricp_connections_usage_seconds_count,customers-service,10.42.0.186:8080,"{'__name__': 'hikaricp_connections_usage_seconds_count', 'instance': '10.42.0.186:8080', 'job': 'spring-petclinic', 'pool': 'HikariPool-1'}",592068,same_network,3,300
2026-07-24T22:00:34.609954+00:00,2026-07-24T22:00:34.750000+00:00,hikaricp_connections_usage_seconds_count,visits-service,10.42.1.122:8080,"{'__name__': 'hikaricp_connections_usage_seconds_count', 'instance': '10.42.1.122:8080', 'job': 'spring-petclinic', 'pool': 'HikariPool-1'}",290949,same_network,3,300
2026-07-24T22:00:34.609954+00:00,2026-07-24T22:00:34.750000+00:00,hikaricp_connections_usage_seconds_count,vets-service,10.42.1.123:8080,"{'__name__': 'hikaricp_connections_usage_seconds_count', 'instance': '10.42.1.123:8080', 'job': 'spring-petclinic', 'pool': 'HikariPool-1'}",283957,same_network,3,300
2026-07-24T22:00:34.609954+00:00,2026-07-24T22:00:34.750000+00:00,hikaricp_connections_usage_seconds_count,vets-service,10.42.1.124:8080,"{'__name__': 'hikaricp_connections_usage_seconds_count', 'instance': '10.42.1.124:8080', 'job': 'spring-petclinic', 'pool': 'HikariPool-1'}",290964,same_network,3,300
2026-07-24T22:00:34.609954+00:00,2026-07-24T22:00:34.750000+00:00,hikaricp_connections_usage_seconds_count,visits-service,10.42.1.125:8080,"{'__name__': 'hikaricp_connections_usage_seconds_count', 'instance': '10.42.1.125:8080', 'job': 'spring-petclinic', 'pool': 'HikariPool-1'}",284996,same_network,3,300
2026-07-24T22:00:34.609954+00:00,2026-07-24T22:00:34.750000+00:00,hikaricp_connections_usage_seconds_count,customers-service,10.42.1.126:8080,"{'__name__': 'hikaricp_connections_usage_seconds_count', 'instance': '10.42.1.126:8080', 'job': 'spring-petclinic', 'pool': 'HikariPool-1'}",568553,same_network,3,300
2026-07-24T22:00:34.609954+00:00,2026-07-24T22:00:34.752000+00:00,hikaricp_connections_usage_seconds_max,customers-service,10.42.0.186:8080,"{'__name__': 'hikaricp_connections_usage_seconds_max', 'instance': '10.42.0.186:8080', 'job': 'spring-petclinic', 'pool': 'HikariPool-1'}",0.424,same_network,3,300
2026-07-24T22:00:34.609954+00:00,2026-07-24T22:00:34.752000+00:00,hikaricp_connections_usage_seconds_max,visits-service,10.42.1.122:8080,"{'__name__': 'hikaricp_connections_usage_seconds_max', 'instance': '10.42.1.122:8080', 'job': 'spring-petclinic', 'pool': 'HikariPool-1'}",0.471,same_network,3,300
2026-07-24T22:00:34.609954+00:00,2026-07-24T22:00:34.752000+00:00,hikaricp_connections_usage_seconds_max,vets-service,10.42.1.123:8080,"{'__name__': 'hikaricp_connections_usage_seconds_max', 'instance': '10.42.1.123:8080', 'job': 'spring-petclinic', 'pool': 'HikariPool-1'}",1.043,same_network,3,300
2026-07-24T22:00:34.609954+00:00,2026-07-24T22:00:34.752000+00:00,hikaricp_connections_usage_seconds_max,vets-service,10.42.1.124:8080,"{'__name__': 'hikaricp_connections_usage_seconds_max', 'instance': '10.42.1.124:8080', 'job': 'spring-petclinic', 'pool': 'HikariPool-1'}",1.294,same_network,3,300
2026-07-24T22:00:34.609954+00:00,2026-07-24T22:00:34.752000+00:00,hikaricp_connections_usage_seconds_max,visits-service,10.42.1.125:8080,"{'__name__': 'hikaricp_connections_usage_seconds_max', 'instance': '10.42.1.125:8080', 'job': 'spring-petclinic', 'pool': 'HikariPool-1'}",0.465,same_network,3,300
2026-07-24T22:00:34.609954+00:00,2026-07-24T22:00:34.752000+00:00,hikaricp_connections_usage_seconds_max,customers-service,10.42.1.126:8080,"{'__name__': 'hikaricp_connections_usage_seconds_max', 'instance': '10.42.1.126:8080', 'job': 'spring-petclinic', 'pool': 'HikariPool-1'}",1.482,same_network,3,300
2026-07-24T22:00:34.609954+00:00,2026-07-24T22:00:34.755000+00:00,hikaricp_connections_usage_seconds_sum,customers-service,10.42.0.186:8080,"{'__name__': 'hikaricp_connections_usage_seconds_sum', 'instance': '10.42.0.186:8080', 'job': 'spring-petclinic', 'pool': 'HikariPool-1'}",53448.89,same_network,3,300
2026-07-24T22:00:34.609954+00:00,2026-07-24T22:00:34.755000+00:00,hikaricp_connections_usage_seconds_sum,visits-service,10.42.1.122:8080,"{'__name__': 'hikaricp_connections_usage_seconds_sum', 'instance': '10.42.1.122:8080', 'job': 'spring-petclinic', 'pool': 'HikariPool-1'}",2946.742,same_network,3,300
2026-07-24T22:00:34.609954+00:00,2026-07-24T22:00:34.755000+00:00,hikaricp_connections_usage_seconds_sum,vets-service,10.42.1.123:8080,"{'__name__': 'hikaricp_connections_usage_seconds_sum', 'instance': '10.42.1.123:8080', 'job': 'spring-petclinic', 'pool': 'HikariPool-1'}",30675.34,same_network,3,300
2026-07-24T22:00:34.609954+00:00,2026-07-24T22:00:34.755000+00:00,hikaricp_connections_usage_seconds_sum,vets-service,10.42.1.124:8080,"{'__name__': 'hikaricp_connections_usage_seconds_sum', 'instance': '10.42.1.124:8080', 'job': 'spring-petclinic', 'pool': 'HikariPool-1'}",31385.034,same_network,3,300
2026-07-24T22:00:34.609954+00:00,2026-07-24T22:00:34.755000+00:00,hikaricp_connections_usage_seconds_sum,visits-service,10.42.1.125:8080,"{'__name__': 'hikaricp_connections_usage_seconds_sum', 'instance': '10.42.1.125:8080', 'job': 'spring-petclinic', 'pool': 'HikariPool-1'}",2950.999,same_network,3,300
2026-07-24T22:00:34.609954+00:00,2026-07-24T22:00:34.755000+00:00,hikaricp_connections_usage_seconds_sum,customers-service,10.42.1.126:8080,"{'__name__': 'hikaricp_connections_usage_seconds_sum', 'instance': '10.42.1.126:8080', 'job': 'spring-petclinic', 'pool': 'HikariPool-1'}",55459.536,same_network,3,300
2026-07-24T22:00:34.609954+00:00,2026-07-24T22:00:34.757000+00:00,jdbc_connections_active,customers-service,10.42.0.186:8080,"{'__name__': 'jdbc_connections_active', 'instance': '10.42.0.186:8080', 'job': 'spring-petclinic', 'name': 'dataSource'}",0,same_network,3,300
2026-07-24T22:00:34.609954+00:00,2026-07-24T22:00:34.757000+00:00,jdbc_connections_active,visits-service,10.42.1.122:8080,"{'__name__': 'jdbc_connections_active', 'instance': '10.42.1.122:8080', 'job': 'spring-petclinic', 'name': 'dataSource'}",0,same_network,3,300
2026-07-24T22:00:34.609954+00:00,2026-07-24T22:00:34.757000+00:00,jdbc_connections_active,vets-service,10.42.1.123:8080,"{'__name__': 'jdbc_connections_active', 'instance': '10.42.1.123:8080', 'job': 'spring-petclinic', 'name': 'dataSource'}",0,same_network,3,300
2026-07-24T22:00:34.609954+00:00,2026-07-24T22:00:34.757000+00:00,jdbc_connections_active,vets-service,10.42.1.124:8080,"{'__name__': 'jdbc_connections_active', 'instance': '10.42.1.124:8080', 'job': 'spring-petclinic', 'name': 'dataSource'}",0,same_network,3,300
2026-07-24T22:00:34.609954+00:00,2026-07-24T22:00:34.757000+00:00,jdbc_connections_active,visits-service,10.42.1.125:8080,"{'__name__': 'jdbc_connections_active', 'instance': '10.42.1.125:8080', 'job': 'spring-petclinic', 'name': 'dataSource'}",0,same_network,3,300
2026-07-24T22:00:34.609954+00:00,2026-07-24T22:00:34.757000+00:00,jdbc_connections_active,customers-service,10.42.1.126:8080,"{'__name__': 'jdbc_connections_active', 'instance': '10.42.1.126:8080', 'job': 'spring-petclinic', 'name': 'dataSource'}",0,same_network,3,300
2026-07-24T22:00:34.609954+00:00,2026-07-24T22:00:34.760000+00:00,jdbc_connections_idle,customers-service,10.42.0.186:8080,"{'__name__': 'jdbc_connections_idle', 'instance': '10.42.0.186:8080', 'job': 'spring-petclinic', 'name': 'dataSource'}",10,same_network,3,300
2026-07-24T22:00:34.609954+00:00,2026-07-24T22:00:34.760000+00:00,jdbc_connections_idle,visits-service,10.42.1.122:8080,"{'__name__': 'jdbc_connections_idle', 'instance': '10.42.1.122:8080', 'job': 'spring-petclinic', 'name': 'dataSource'}",10,same_network,3,300
2026-07-24T22:00:34.609954+00:00,2026-07-24T22:00:34.760000+00:00,jdbc_connections_idle,vets-service,10.42.1.123:8080,"{'__name__': 'jdbc_connections_idle', 'instance': '10.42.1.123:8080', 'job': 'spring-petclinic', 'name': 'dataSource'}",10,same_network,3,300
2026-07-24T22:00:34.609954+00:00,2026-07-24T22:00:34.760000+00:00,jdbc_connections_idle,vets-service,10.42.1.124:8080,"{'__name__': 'jdbc_connections_idle', 'instance': '10.42.1.124:8080', 'job': 'spring-petclinic', 'name': 'dataSource'}",10,same_network,3,300
2026-07-24T22:00:34.609954+00:00,2026-07-24T22:00:34.760000+00:00,jdbc_connections_idle,visits-service,10.42.1.125:8080,"{'__name__': 'jdbc_connections_idle', 'instance': '10.42.1.125:8080', 'job': 'spring-petclinic', 'name': 'dataSource'}",10,same_network,3,300
2026-07-24T22:00:34.609954+00:00,2026-07-24T22:00:34.760000+00:00,jdbc_connections_idle,customers-service,10.42.1.126:8080,"{'__name__': 'jdbc_connections_idle', 'instance': '10.42.1.126:8080', 'job': 'spring-petclinic', 'name': 'dataSource'}",10,same_network,3,300
2026-07-24T22:00:34.609954+00:00,2026-07-24T22:00:34.763000+00:00,jdbc_connections_max,customers-service,10.42.0.186:8080,"{'__name__': 'jdbc_connections_max', 'instance': '10.42.0.186:8080', 'job': 'spring-petclinic', 'name': 'dataSource'}",10,same_network,3,300
2026-07-24T22:00:34.609954+00:00,2026-07-24T22:00:34.763000+00:00,jdbc_connections_max,visits-service,10.42.1.122:8080,"{'__name__': 'jdbc_connections_max', 'instance': '10.42.1.122:8080', 'job': 'spring-petclinic', 'name': 'dataSource'}",10,same_network,3,300
2026-07-24T22:00:34.609954+00:00,2026-07-24T22:00:34.763000+00:00,jdbc_connections_max,vets-service,10.42.1.123:8080,"{'__name__': 'jdbc_connections_max', 'instance': '10.42.1.123:8080', 'job': 'spring-petclinic', 'name': 'dataSource'}",10,same_network,3,300
2026-07-24T22:00:34.609954+00:00,2026-07-24T22:00:34.763000+00:00,jdbc_connections_max,vets-service,10.42.1.124:8080,"{'__name__': 'jdbc_connections_max', 'instance': '10.42.1.124:8080', 'job': 'spring-petclinic', 'name': 'dataSource'}",10,same_network,3,300
2026-07-24T22:00:34.609954+00:00,2026-07-24T22:00:34.763000+00:00,jdbc_connections_max,visits-service,10.42.1.125:8080,"{'__name__': 'jdbc_connections_max', 'instance': '10.42.1.125:8080', 'job': 'spring-petclinic', 'name': 'dataSource'}",10,same_network,3,300
2026-07-24T22:00:34.609954+00:00,2026-07-24T22:00:34.763000+00:00,jdbc_connections_max,customers-service,10.42.1.126:8080,"{'__name__': 'jdbc_connections_max', 'instance': '10.42.1.126:8080', 'job': 'spring-petclinic', 'name': 'dataSource'}",10,same_network,3,300
2026-07-24T22:00:34.609954+00:00,2026-07-24T22:00:34.766000+00:00,jdbc_connections_min,customers-service,10.42.0.186:8080,"{'__name__': 'jdbc_connections_min', 'instance': '10.42.0.186:8080', 'job': 'spring-petclinic', 'name': 'dataSource'}",10,same_network,3,300
2026-07-24T22:00:34.609954+00:00,2026-07-24T22:00:34.766000+00:00,jdbc_connections_min,visits-service,10.42.1.122:8080,"{'__name__': 'jdbc_connections_min', 'instance': '10.42.1.122:8080', 'job': 'spring-petclinic', 'name': 'dataSource'}",10,same_network,3,300
2026-07-24T22:00:34.609954+00:00,2026-07-24T22:00:34.766000+00:00,jdbc_connections_min,vets-service,10.42.1.123:8080,"{'__name__': 'jdbc_connections_min', 'instance': '10.42.1.123:8080', 'job': 'spring-petclinic', 'name': 'dataSource'}",10,same_network,3,300
2026-07-24T22:00:34.609954+00:00,2026-07-24T22:00:34.766000+00:00,jdbc_connections_min,vets-service,10.42.1.124:8080,"{'__name__': 'jdbc_connections_min', 'instance': '10.42.1.124:8080', 'job': 'spring-petclinic', 'name': 'dataSource'}",10,same_network,3,300
2026-07-24T22:00:34.609954+00:00,2026-07-24T22:00:34.766000+00:00,jdbc_connections_min,visits-service,10.42.1.125:8080,"{'__name__': 'jdbc_connections_min', 'instance': '10.42.1.125:8080', 'job': 'spring-petclinic', 'name': 'dataSource'}",10,same_network,3,300
2026-07-24T22:00:34.609954+00:00,2026-07-24T22:00:34.766000+00:00,jdbc_connections_min,customers-service,10.42.1.126:8080,"{'__name__': 'jdbc_connections_min', 'instance': '10.42.1.126:8080', 'job': 'spring-petclinic', 'name': 'dataSource'}",10,same_network,3,300
2026-07-24T22:00:34.609954+00:00,2026-07-24T22:00:34.769000+00:00,container_network_receive_bytes_total,visits-service,augusto-almondes,"{'__name__': 'container_network_receive_bytes_total', 'beta_kubernetes_io_arch': 'amd64', 'beta_kubernetes_io_instance_type': 'k3s', 'beta_kubernetes_io_os': 'linux', 'id': '/kubepods.slice/kubepods-besteffort.slice/kubepods-besteffort-pod07c98de3_903e_4594_897f_2c8d02326386.slice/cri-containerd-78cb0991f2215bba7766e453130cd6629145f4cb69967ab6841e765a002dd5bd.scope', 'image': 'docker.io/rancher/mirrored-pause:3.6', 'instance': 'augusto-almondes', 'interface': 'eth0', 'job': 'kubernetes-cadvisor', 'kubernetes_io_arch': 'amd64', 'kubernetes_io_hostname': 'augusto-almondes', 'kubernetes_io_os': 'linux', 'name': '78cb0991f2215bba7766e453130cd6629145f4cb69967ab6841e765a002dd5bd', 'namespace': 'spring-petclinic', 'node_kubernetes_io_instance_type': 'k3s', 'pod': 'visits-service-859d489b98-v28jh'}",318599906,same_network,3,300
2026-07-24T22:00:34.609954+00:00,2026-07-24T22:00:34.769000+00:00,container_network_receive_bytes_total,vets-service,augusto-almondes,"{'__name__': 'container_network_receive_bytes_total', 'beta_kubernetes_io_arch': 'amd64', 'beta_kubernetes_io_instance_type': 'k3s', 'beta_kubernetes_io_os': 'linux', 'id': '/kubepods.slice/kubepods-besteffort.slice/kubepods-besteffort-pod37c58633_3a89_4b91_8817_d95841fa9c04.slice/cri-containerd-3d072be83235a90f43adf1b2786dedb708b2eadf4ce06678d0446a5c1cf7d1bf.scope', 'image': 'docker.io/rancher/mirrored-pause:3.6', 'instance': 'augusto-almondes', 'interface': 'eth0', 'job': 'kubernetes-cadvisor', 'kubernetes_io_arch': 'amd64', 'kubernetes_io_hostname': 'augusto-almondes', 'kubernetes_io_os': 'linux', 'name': '3d072be83235a90f43adf1b2786dedb708b2eadf4ce06678d0446a5c1cf7d1bf', 'namespace': 'spring-petclinic', 'node_kubernetes_io_instance_type': 'k3s', 'pod': 'vets-service-68cc5897b6-gr89c'}",1253623035,same_network,3,300
2026-07-24T22:00:34.609954+00:00,2026-07-24T22:00:34.769000+00:00,container_network_receive_bytes_total,customers-service,notebook-vivy,"{'__name__': 'container_network_receive_bytes_total', 'beta_kubernetes_io_arch': 'amd64', 'beta_kubernetes_io_instance_type': 'k3s', 'beta_kubernetes_io_os': 'linux', 'id': '/kubepods.slice/kubepods-besteffort.slice/kubepods-besteffort-pod461d7b21_3e4e_4af8_ae9e_5c2edf453cf6.slice/cri-containerd-fd1e043bde697e972772a0aa9fe92c09dc38468de0e796b4fcc7ccb62c2cc331.scope', 'image': 'docker.io/rancher/mirrored-pause:3.6', 'instance': 'notebook-vivy', 'interface': 'eth0', 'job': 'kubernetes-cadvisor', 'kubernetes_io_arch': 'amd64', 'kubernetes_io_hostname': 'notebook-vivy', 'kubernetes_io_os': 'linux', 'name': 'fd1e043bde697e972772a0aa9fe92c09dc38468de0e796b4fcc7ccb62c2cc331', 'namespace': 'spring-petclinic', 'node_kubernetes_io_instance_type': 'k3s', 'node_role_kubernetes_io_control_plane': 'true', 'pod': 'customers-service-754bdcc448-g5gns'}",3815583188,same_network,3,300
2026-07-24T22:00:34.609954+00:00,2026-07-24T22:00:34.769000+00:00,container_network_receive_bytes_total,,notebook-vivy,"{'__name__': 'container_network_receive_bytes_total', 'beta_kubernetes_io_arch': 'amd64', 'beta_kubernetes_io_instance_type': 'k3s', 'beta_kubernetes_io_os': 'linux', 'id': '/kubepods.slice/kubepods-besteffort.slice/kubepods-besteffort-pod61c59b0e_baf9_48d9_ae8a_9a9a72cf52af.slice/cri-containerd-1adc220d89ff318103e137809efebdbdb53d40bfc366b15aebb7dda0164e3c84.scope', 'image': 'docker.io/rancher/mirrored-pause:3.6', 'instance': 'notebook-vivy', 'interface': 'eth0', 'job': 'kubernetes-cadvisor', 'kubernetes_io_arch': 'amd64', 'kubernetes_io_hostname': 'notebook-vivy', 'kubernetes_io_os': 'linux', 'name': '1adc220d89ff318103e137809efebdbdb53d40bfc366b15aebb7dda0164e3c84', 'namespace': 'spring-petclinic', 'node_kubernetes_io_instance_type': 'k3s', 'node_role_kubernetes_io_control_plane': 'true', 'pod': 'prometheus-6d9b5b9b7c-c9njq'}",962677858,same_network,3,300
2026-07-24T22:00:34.609954+00:00,2026-07-24T22:00:34.769000+00:00,container_network_receive_bytes_total,visits-service,augusto-almondes,"{'__name__': 'container_network_receive_bytes_total', 'beta_kubernetes_io_arch': 'amd64', 'beta_kubernetes_io_instance_type': 'k3s', 'beta_kubernetes_io_os': 'linux', 'id': '/kubepods.slice/kubepods-besteffort.slice/kubepods-besteffort-pod6e6c7e0b_abf8_47e8_9b7f_73fed236fe33.slice/cri-containerd-36634f28d8d5262f3c40800bd8233f19285c32bdf1c30883fc9d08ad552c5fcc.scope', 'image': 'docker.io/rancher/mirrored-pause:3.6', 'instance': 'augusto-almondes', 'interface': 'eth0', 'job': 'kubernetes-cadvisor', 'kubernetes_io_arch': 'amd64', 'kubernetes_io_hostname': 'augusto-almondes', 'kubernetes_io_os': 'linux', 'name': '36634f28d8d5262f3c40800bd8233f19285c32bdf1c30883fc9d08ad552c5fcc', 'namespace': 'spring-petclinic', 'node_kubernetes_io_instance_type': 'k3s', 'pod': 'visits-service-859d489b98-qpm6m'}",312547630,same_network,3,300
2026-07-24T22:00:34.609954+00:00,2026-07-24T22:00:34.769000+00:00,container_network_receive_bytes_total,,notebook-vivy,"{'__name__': 'container_network_receive_bytes_total', 'beta_kubernetes_io_arch': 'amd64', 'beta_kubernetes_io_instance_type': 'k3s', 'beta_kubernetes_io_os': 'linux', 'id': '/kubepods.slice/kubepods-besteffort.slice/kubepods-besteffort-pod818aa63c_0637_4d0f_bd16_9785508f386f.slice/cri-containerd-257fc1a313926de0c88bf51147ec32916a10686b887e16d8bb4ca05843baf589.scope', 'image': 'docker.io/rancher/mirrored-pause:3.6', 'instance': 'notebook-vivy', 'interface': 'eth0', 'job': 'kubernetes-cadvisor', 'kubernetes_io_arch': 'amd64', 'kubernetes_io_hostname': 'notebook-vivy', 'kubernetes_io_os': 'linux', 'name': '257fc1a313926de0c88bf51147ec32916a10686b887e16d8bb4ca05843baf589', 'namespace': 'spring-petclinic', 'node_kubernetes_io_instance_type': 'k3s', 'node_role_kubernetes_io_control_plane': 'true', 'pod': 'config-server-799b6bb84c-g2tr5'}",6936,same_network,3,300
2026-07-24T22:00:34.609954+00:00,2026-07-24T22:00:34.769000+00:00,container_network_receive_bytes_total,,macbookair-vivy,"{'__name__': 'container_network_receive_bytes_total', 'beta_kubernetes_io_arch': 'amd64', 'beta_kubernetes_io_instance_type': 'k3s', 'beta_kubernetes_io_os': 'linux', 'id': '/kubepods.slice/kubepods-besteffort.slice/kubepods-besteffort-podbb8e7e86_67b2_4503_b6ea_265ba0e9fc0c.slice/cri-containerd-41001c13718012a62944ab802abddb11401442e875bc7d1cf10aa9c870850224.scope', 'image': 'docker.io/rancher/mirrored-pause:3.6', 'instance': 'macbookair-vivy', 'interface': 'eth0', 'job': 'kubernetes-cadvisor', 'kubernetes_io_arch': 'amd64', 'kubernetes_io_hostname': 'macbookair-vivy', 'kubernetes_io_os': 'linux', 'name': '41001c13718012a62944ab802abddb11401442e875bc7d1cf10aa9c870850224', 'namespace': 'spring-petclinic', 'node_kubernetes_io_instance_type': 'k3s', 'pod': 'mysql-7dcf5984bc-22j65', 'role': 'database'}",8628768116,same_network,3,300
2026-07-24T22:00:34.609954+00:00,2026-07-24T22:00:34.769000+00:00,container_network_receive_bytes_total,,notebook-vivy,"{'__name__': 'container_network_receive_bytes_total', 'beta_kubernetes_io_arch': 'amd64', 'beta_kubernetes_io_instance_type': 'k3s', 'beta_kubernetes_io_os': 'linux', 'id': '/kubepods.slice/kubepods-besteffort.slice/kubepods-besteffort-podceb031e9_6468_4f4b_80a0_24260acd6e8a.slice/cri-containerd-40053313449c00a55736ce939108bea56e6a102b12b42e1a31bd001b2cb943bb.scope', 'image': 'docker.io/rancher/mirrored-pause:3.6', 'instance': 'notebook-vivy', 'interface': 'eth0', 'job': 'kubernetes-cadvisor', 'kubernetes_io_arch': 'amd64', 'kubernetes_io_hostname': 'notebook-vivy', 'kubernetes_io_os': 'linux', 'name': '40053313449c00a55736ce939108bea56e6a102b12b42e1a31bd001b2cb943bb', 'namespace': 'spring-petclinic', 'node_kubernetes_io_instance_type': 'k3s', 'node_role_kubernetes_io_control_plane': 'true', 'pod': 'discovery-server-6694f65985-cr2kx'}",6978,same_network,3,300
2026-07-24T22:00:34.609954+00:00,2026-07-24T22:00:34.769000+00:00,container_network_receive_bytes_total,customers-service,augusto-almondes,"{'__name__': 'container_network_receive_bytes_total', 'beta_kubernetes_io_arch': 'amd64', 'beta_kubernetes_io_instance_type': 'k3s', 'beta_kubernetes_io_os': 'linux', 'id': '/kubepods.slice/kubepods-besteffort.slice/kubepods-besteffort-pode37399aa_5830_4643_8b7d_68f55d86f0b1.slice/cri-containerd-e7e17f8994d91ad485dcadb505533c11157a9c4ea3fe4f1d557d045c51189815.scope', 'image': 'docker.io/rancher/mirrored-pause:3.6', 'instance': 'augusto-almondes', 'interface': 'eth0', 'job': 'kubernetes-cadvisor', 'kubernetes_io_arch': 'amd64', 'kubernetes_io_hostname': 'augusto-almondes', 'kubernetes_io_os': 'linux', 'name': 'e7e17f8994d91ad485dcadb505533c11157a9c4ea3fe4f1d557d045c51189815', 'namespace': 'spring-petclinic', 'node_kubernetes_io_instance_type': 'k3s', 'pod': 'customers-service-754bdcc448-vqzd7'}",3690715018,same_network,3,300
2026-07-24T22:00:34.609954+00:00,2026-07-24T22:00:34.769000+00:00,container_network_receive_bytes_total,vets-service,augusto-almondes,"{'__name__': 'container_network_receive_bytes_total', 'beta_kubernetes_io_arch': 'amd64', 'beta_kubernetes_io_instance_type': 'k3s', 'beta_kubernetes_io_os': 'linux', 'id': '/kubepods.slice/kubepods-besteffort.slice/kubepods-besteffort-pode8be662b_d64d_4461_b18e_e524621757f2.slice/cri-containerd-1858b7a840027f969d237d1c10d7ecc22ef5e38a29d202d5760513652eb60797.scope', 'image': 'docker.io/rancher/mirrored-pause:3.6', 'instance': 'augusto-almondes', 'interface': 'eth0', 'job': 'kubernetes-cadvisor', 'kubernetes_io_arch': 'amd64', 'kubernetes_io_hostname': 'augusto-almondes', 'kubernetes_io_os': 'linux', 'name': '1858b7a840027f969d237d1c10d7ecc22ef5e38a29d202d5760513652eb60797', 'namespace': 'spring-petclinic', 'node_kubernetes_io_instance_type': 'k3s', 'pod': 'vets-service-68cc5897b6-cj224'}",1284818429,same_network,3,300
2026-07-24T22:00:34.609954+00:00,2026-07-24T22:00:34.769000+00:00,container_network_receive_bytes_total,api-gateway,notebook-vivy,"{'__name__': 'container_network_receive_bytes_total', 'beta_kubernetes_io_arch': 'amd64', 'beta_kubernetes_io_instance_type': 'k3s', 'beta_kubernetes_io_os': 'linux', 'id': '/kubepods.slice/kubepods-burstable.slice/kubepods-burstable-pod0938bf77_f775_4395_8d68_3f3e730442fa.slice/cri-containerd-a6fd5250d3bfc2badbe10894f62c473ef988a39eb319025e754de23b80c1ab4c.scope', 'image': 'docker.io/rancher/mirrored-pause:3.6', 'instance': 'notebook-vivy', 'interface': 'eth0', 'job': 'kubernetes-cadvisor', 'kubernetes_io_arch': 'amd64', 'kubernetes_io_hostname': 'notebook-vivy', 'kubernetes_io_os': 'linux', 'name': 'a6fd5250d3bfc2badbe10894f62c473ef988a39eb319025e754de23b80c1ab4c', 'namespace': 'spring-petclinic', 'node_kubernetes_io_instance_type': 'k3s', 'node_role_kubernetes_io_control_plane': 'true', 'pod': 'api-gateway-78f775b647-m4zpr'}",3475757987,same_network,3,300
2026-07-24T22:00:34.609954+00:00,2026-07-24T22:00:34.769000+00:00,container_network_receive_bytes_total,,notebook-vivy,"{'__name__': 'container_network_receive_bytes_total', 'beta_kubernetes_io_arch': 'amd64', 'beta_kubernetes_io_instance_type': 'k3s', 'beta_kubernetes_io_os': 'linux', 'id': '/kubepods.slice/kubepods-burstable.slice/kubepods-burstable-pod09c597ef_7768_4ae9_a0f5_1a6a4d12429f.slice/cri-containerd-71a203b5d7433062735bda847d7d37feb6bf4a60472b7731f6d1b0fe96211934.scope', 'image': 'docker.io/rancher/mirrored-pause:3.6', 'instance': 'notebook-vivy', 'interface': 'eth0', 'job': 'kubernetes-cadvisor', 'kubernetes_io_arch': 'amd64', 'kubernetes_io_hostname': 'notebook-vivy', 'kubernetes_io_os': 'linux', 'name': '71a203b5d7433062735bda847d7d37feb6bf4a60472b7731f6d1b0fe96211934', 'namespace': 'spring-petclinic', 'node_kubernetes_io_instance_type': 'k3s', 'node_role_kubernetes_io_control_plane': 'true', 'pod': 'zipkin-76d97d46df-4kcr9'}",4645296422,same_network,3,300
2026-07-24T22:00:34.609954+00:00,2026-07-24T22:00:34.769000+00:00,container_network_receive_bytes_total,,augusto-almondes,"{'__name__': 'container_network_receive_bytes_total', 'beta_kubernetes_io_arch': 'amd64', 'beta_kubernetes_io_instance_type': 'k3s', 'beta_kubernetes_io_os': 'linux', 'id': '/kubepods.slice/kubepods-burstable.slice/kubepods-burstable-pod1f46dbde_909b_4d3f_b97d_2a39953c86a7.slice/cri-containerd-ba8d023b76c7725ee06abbed55f557de3ff14db60b35b51171c3b1a89ccf72e2.scope', 'image': 'docker.io/rancher/mirrored-pause:3.6', 'instance': 'augusto-almondes', 'interface': 'eth0', 'job': 'kubernetes-cadvisor', 'kubernetes_io_arch': 'amd64', 'kubernetes_io_hostname': 'augusto-almondes', 'kubernetes_io_os': 'linux', 'name': 'ba8d023b76c7725ee06abbed55f557de3ff14db60b35b51171c3b1a89ccf72e2', 'namespace': 'spring-petclinic', 'node_kubernetes_io_instance_type': 'k3s', 'pod': 'promtail-f6prj'}",6867615,same_network,3,300
2026-07-24T22:00:34.609954+00:00,2026-07-24T22:00:34.769000+00:00,container_network_receive_bytes_total,,notebook-vivy,"{'__name__': 'container_network_receive_bytes_total', 'beta_kubernetes_io_arch': 'amd64', 'beta_kubernetes_io_instance_type': 'k3s', 'beta_kubernetes_io_os': 'linux', 'id': '/kubepods.slice/kubepods-burstable.slice/kubepods-burstable-pod4150c254_a41f_4f8b_8f98_d26a0c6ac7e0.slice/cri-containerd-5a7cfa41636ef4b9b6979fd30de1bffc1033fc4d1a59062a0d942b86307ef87a.scope', 'image': 'docker.io/rancher/mirrored-pause:3.6', 'instance': 'notebook-vivy', 'interface': 'eth0', 'job': 'kubernetes-cadvisor', 'kubernetes_io_arch': 'amd64', 'kubernetes_io_hostname': 'notebook-vivy', 'kubernetes_io_os': 'linux', 'name': '5a7cfa41636ef4b9b6979fd30de1bffc1033fc4d1a59062a0d942b86307ef87a', 'namespace': 'spring-petclinic', 'node_kubernetes_io_instance_type': 'k3s', 'node_role_kubernetes_io_control_plane': 'true', 'pod': 'loki-84cd674d9f-5jbmr'}",947133296,same_network,3,300
2026-07-24T22:00:34.609954+00:00,2026-07-24T22:00:34.769000+00:00,container_network_receive_bytes_total,api-gateway,augusto-almondes,"{'__name__': 'container_network_receive_bytes_total', 'beta_kubernetes_io_arch': 'amd64', 'beta_kubernetes_io_instance_type': 'k3s', 'beta_kubernetes_io_os': 'linux', 'id': '/kubepods.slice/kubepods-burstable.slice/kubepods-burstable-pod8329aa55_845e_49e6_bc48_19166a540b8f.slice/cri-containerd-faae04884b29c370b3bb7fec91e75dac682e34a15f8a391ce4220d76bdf21c1c.scope', 'image': 'docker.io/rancher/mirrored-pause:3.6', 'instance': 'augusto-almondes', 'interface': 'eth0', 'job': 'kubernetes-cadvisor', 'kubernetes_io_arch': 'amd64', 'kubernetes_io_hostname': 'augusto-almondes', 'kubernetes_io_os': 'linux', 'name': 'faae04884b29c370b3bb7fec91e75dac682e34a15f8a391ce4220d76bdf21c1c', 'namespace': 'spring-petclinic', 'node_kubernetes_io_instance_type': 'k3s', 'pod': 'api-gateway-78f775b647-cs4l5'}",132914,same_network,3,300
2026-07-24T22:00:34.609954+00:00,2026-07-24T22:00:34.769000+00:00,container_network_receive_bytes_total,,macbookair-vivy,"{'__name__': 'container_network_receive_bytes_total', 'beta_kubernetes_io_arch': 'amd64', 'beta_kubernetes_io_instance_type': 'k3s', 'beta_kubernetes_io_os': 'linux', 'id': '/kubepods.slice/kubepods-burstable.slice/kubepods-burstable-pod83bca641_4313_46eb_880d_ed7d9b73c3b4.slice/cri-containerd-fa71dc8ca33ab1aaee8733e1064f6c903582a47168f208c39fa0d84958e0adf6.scope', 'image': 'docker.io/rancher/mirrored-pause:3.6', 'instance': 'macbookair-vivy', 'interface': 'eth0', 'job': 'kubernetes-cadvisor', 'kubernetes_io_arch': 'amd64', 'kubernetes_io_hostname': 'macbookair-vivy', 'kubernetes_io_os': 'linux', 'name': 'fa71dc8ca33ab1aaee8733e1064f6c903582a47168f208c39fa0d84958e0adf6', 'namespace': 'spring-petclinic', 'node_kubernetes_io_instance_type': 'k3s', 'pod': 'promtail-6th4p', 'role': 'database'}",1734704,same_network,3,300
2026-07-24T22:00:34.609954+00:00,2026-07-24T22:00:34.769000+00:00,container_network_receive_bytes_total,,notebook-vivy,"{'__name__': 'container_network_receive_bytes_total', 'beta_kubernetes_io_arch': 'amd64', 'beta_kubernetes_io_instance_type': 'k3s', 'beta_kubernetes_io_os': 'linux', 'id': '/kubepods.slice/kubepods-burstable.slice/kubepods-burstable-podb25714d0_13cb_4579_b8b1_7a8606f015ca.slice/cri-containerd-42cc5d6d1ba003bd2b36c4cfe046d938102ebaf4057c03c2ebe008cb716d2ac8.scope', 'image': 'docker.io/rancher/mirrored-pause:3.6', 'instance': 'notebook-vivy', 'interface': 'eth0', 'job': 'kubernetes-cadvisor', 'kubernetes_io_arch': 'amd64', 'kubernetes_io_hostname': 'notebook-vivy', 'kubernetes_io_os': 'linux', 'name': '42cc5d6d1ba003bd2b36c4cfe046d938102ebaf4057c03c2ebe008cb716d2ac8', 'namespace': 'spring-petclinic', 'node_kubernetes_io_instance_type': 'k3s', 'node_role_kubernetes_io_control_plane': 'true', 'pod': 'promtail-rsjq4'}",12066615,same_network,3,300
2026-07-24T22:00:34.609954+00:00,2026-07-24T22:00:34.773000+00:00,container_network_transmit_bytes_total,visits-service,augusto-almondes,"{'__name__': 'container_network_transmit_bytes_total', 'beta_kubernetes_io_arch': 'amd64', 'beta_kubernetes_io_instance_type': 'k3s', 'beta_kubernetes_io_os': 'linux', 'id': '/kubepods.slice/kubepods-besteffort.slice/kubepods-besteffort-pod07c98de3_903e_4594_897f_2c8d02326386.slice/cri-containerd-78cb0991f2215bba7766e453130cd6629145f4cb69967ab6841e765a002dd5bd.scope', 'image': 'docker.io/rancher/mirrored-pause:3.6', 'instance': 'augusto-almondes', 'interface': 'eth0', 'job': 'kubernetes-cadvisor', 'kubernetes_io_arch': 'amd64', 'kubernetes_io_hostname': 'augusto-almondes', 'kubernetes_io_os': 'linux', 'name': '78cb0991f2215bba7766e453130cd6629145f4cb69967ab6841e765a002dd5bd', 'namespace': 'spring-petclinic', 'node_kubernetes_io_instance_type': 'k3s', 'pod': 'visits-service-859d489b98-v28jh'}",349864141,same_network,3,300
2026-07-24T22:00:34.609954+00:00,2026-07-24T22:00:34.773000+00:00,container_network_transmit_bytes_total,vets-service,augusto-almondes,"{'__name__': 'container_network_transmit_bytes_total', 'beta_kubernetes_io_arch': 'amd64', 'beta_kubernetes_io_instance_type': 'k3s', 'beta_kubernetes_io_os': 'linux', 'id': '/kubepods.slice/kubepods-besteffort.slice/kubepods-besteffort-pod37c58633_3a89_4b91_8817_d95841fa9c04.slice/cri-containerd-3d072be83235a90f43adf1b2786dedb708b2eadf4ce06678d0446a5c1cf7d1bf.scope', 'image': 'docker.io/rancher/mirrored-pause:3.6', 'instance': 'augusto-almondes', 'interface': 'eth0', 'job': 'kubernetes-cadvisor', 'kubernetes_io_arch': 'amd64', 'kubernetes_io_hostname': 'augusto-almondes', 'kubernetes_io_os': 'linux', 'name': '3d072be83235a90f43adf1b2786dedb708b2eadf4ce06678d0446a5c1cf7d1bf', 'namespace': 'spring-petclinic', 'node_kubernetes_io_instance_type': 'k3s', 'pod': 'vets-service-68cc5897b6-gr89c'}",1557079091,same_network,3,300
2026-07-24T22:00:34.609954+00:00,2026-07-24T22:00:34.773000+00:00,container_network_transmit_bytes_total,customers-service,notebook-vivy,"{'__name__': 'container_network_transmit_bytes_total', 'beta_kubernetes_io_arch': 'amd64', 'beta_kubernetes_io_instance_type': 'k3s', 'beta_kubernetes_io_os': 'linux', 'id': '/kubepods.slice/kubepods-besteffort.slice/kubepods-besteffort-pod461d7b21_3e4e_4af8_ae9e_5c2edf453cf6.slice/cri-containerd-fd1e043bde697e972772a0aa9fe92c09dc38468de0e796b4fcc7ccb62c2cc331.scope', 'image': 'docker.io/rancher/mirrored-pause:3.6', 'instance': 'notebook-vivy', 'interface': 'eth0', 'job': 'kubernetes-cadvisor', 'kubernetes_io_arch': 'amd64', 'kubernetes_io_hostname': 'notebook-vivy', 'kubernetes_io_os': 'linux', 'name': 'fd1e043bde697e972772a0aa9fe92c09dc38468de0e796b4fcc7ccb62c2cc331', 'namespace': 'spring-petclinic', 'node_kubernetes_io_instance_type': 'k3s', 'node_role_kubernetes_io_control_plane': 'true', 'pod': 'customers-service-754bdcc448-g5gns'}",3795958257,same_network,3,300
2026-07-24T22:00:34.609954+00:00,2026-07-24T22:00:34.773000+00:00,container_network_transmit_bytes_total,,notebook-vivy,"{'__name__': 'container_network_transmit_bytes_total', 'beta_kubernetes_io_arch': 'amd64', 'beta_kubernetes_io_instance_type': 'k3s', 'beta_kubernetes_io_os': 'linux', 'id': '/kubepods.slice/kubepods-besteffort.slice/kubepods-besteffort-pod61c59b0e_baf9_48d9_ae8a_9a9a72cf52af.slice/cri-containerd-1adc220d89ff318103e137809efebdbdb53d40bfc366b15aebb7dda0164e3c84.scope', 'image': 'docker.io/rancher/mirrored-pause:3.6', 'instance': 'notebook-vivy', 'interface': 'eth0', 'job': 'kubernetes-cadvisor', 'kubernetes_io_arch': 'amd64', 'kubernetes_io_hostname': 'notebook-vivy', 'kubernetes_io_os': 'linux', 'name': '1adc220d89ff318103e137809efebdbdb53d40bfc366b15aebb7dda0164e3c84', 'namespace': 'spring-petclinic', 'node_kubernetes_io_instance_type': 'k3s', 'node_role_kubernetes_io_control_plane': 'true', 'pod': 'prometheus-6d9b5b9b7c-c9njq'}",109081232,same_network,3,300
2026-07-24T22:00:34.609954+00:00,2026-07-24T22:00:34.773000+00:00,container_network_transmit_bytes_total,visits-service,augusto-almondes,"{'__name__': 'container_network_transmit_bytes_total', 'beta_kubernetes_io_arch': 'amd64', 'beta_kubernetes_io_instance_type': 'k3s', 'beta_kubernetes_io_os': 'linux', 'id': '/kubepods.slice/kubepods-besteffort.slice/kubepods-besteffort-pod6e6c7e0b_abf8_47e8_9b7f_73fed236fe33.slice/cri-containerd-36634f28d8d5262f3c40800bd8233f19285c32bdf1c30883fc9d08ad552c5fcc.scope', 'image': 'docker.io/rancher/mirrored-pause:3.6', 'instance': 'augusto-almondes', 'interface': 'eth0', 'job': 'kubernetes-cadvisor', 'kubernetes_io_arch': 'amd64', 'kubernetes_io_hostname': 'augusto-almondes', 'kubernetes_io_os': 'linux', 'name': '36634f28d8d5262f3c40800bd8233f19285c32bdf1c30883fc9d08ad552c5fcc', 'namespace': 'spring-petclinic', 'node_kubernetes_io_instance_type': 'k3s', 'pod': 'visits-service-859d489b98-qpm6m'}",343337344,same_network,3,300
2026-07-24T22:00:34.609954+00:00,2026-07-24T22:00:34.773000+00:00,container_network_transmit_bytes_total,,notebook-vivy,"{'__name__': 'container_network_transmit_bytes_total', 'beta_kubernetes_io_arch': 'amd64', 'beta_kubernetes_io_instance_type': 'k3s', 'beta_kubernetes_io_os': 'linux', 'id': '/kubepods.slice/kubepods-besteffort.slice/kubepods-besteffort-pod818aa63c_0637_4d0f_bd16_9785508f386f.slice/cri-containerd-257fc1a313926de0c88bf51147ec32916a10686b887e16d8bb4ca05843baf589.scope', 'image': 'docker.io/rancher/mirrored-pause:3.6', 'instance': 'notebook-vivy', 'interface': 'eth0', 'job': 'kubernetes-cadvisor', 'kubernetes_io_arch': 'amd64', 'kubernetes_io_hostname': 'notebook-vivy', 'kubernetes_io_os': 'linux', 'name': '257fc1a313926de0c88bf51147ec32916a10686b887e16d8bb4ca05843baf589', 'namespace': 'spring-petclinic', 'node_kubernetes_io_instance_type': 'k3s', 'node_role_kubernetes_io_control_plane': 'true', 'pod': 'config-server-799b6bb84c-g2tr5'}",42,same_network,3,300
2026-07-24T22:00:34.609954+00:00,2026-07-24T22:00:34.773000+00:00,container_network_transmit_bytes_total,,macbookair-vivy,"{'__name__': 'container_network_transmit_bytes_total', 'beta_kubernetes_io_arch': 'amd64', 'beta_kubernetes_io_instance_type': 'k3s', 'beta_kubernetes_io_os': 'linux', 'id': '/kubepods.slice/kubepods-besteffort.slice/kubepods-besteffort-podbb8e7e86_67b2_4503_b6ea_265ba0e9fc0c.slice/cri-containerd-41001c13718012a62944ab802abddb11401442e875bc7d1cf10aa9c870850224.scope', 'image': 'docker.io/rancher/mirrored-pause:3.6', 'instance': 'macbookair-vivy', 'interface': 'eth0', 'job': 'kubernetes-cadvisor', 'kubernetes_io_arch': 'amd64', 'kubernetes_io_hostname': 'macbookair-vivy', 'kubernetes_io_os': 'linux', 'name': '41001c13718012a62944ab802abddb11401442e875bc7d1cf10aa9c870850224', 'namespace': 'spring-petclinic', 'node_kubernetes_io_instance_type': 'k3s', 'pod': 'mysql-7dcf5984bc-22j65', 'role': 'database'}",11982237672,same_network,3,300
2026-07-24T22:00:34.609954+00:00,2026-07-24T22:00:34.773000+00:00,container_network_transmit_bytes_total,,notebook-vivy,"{'__name__': 'container_network_transmit_bytes_total', 'beta_kubernetes_io_arch': 'amd64', 'beta_kubernetes_io_instance_type': 'k3s', 'beta_kubernetes_io_os': 'linux', 'id': '/kubepods.slice/kubepods-besteffort.slice/kubepods-besteffort-podceb031e9_6468_4f4b_80a0_24260acd6e8a.slice/cri-containerd-40053313449c00a55736ce939108bea56e6a102b12b42e1a31bd001b2cb943bb.scope', 'image': 'docker.io/rancher/mirrored-pause:3.6', 'instance': 'notebook-vivy', 'interface': 'eth0', 'job': 'kubernetes-cadvisor', 'kubernetes_io_arch': 'amd64', 'kubernetes_io_hostname': 'notebook-vivy', 'kubernetes_io_os': 'linux', 'name': '40053313449c00a55736ce939108bea56e6a102b12b42e1a31bd001b2cb943bb', 'namespace': 'spring-petclinic', 'node_kubernetes_io_instance_type': 'k3s', 'node_role_kubernetes_io_control_plane': 'true', 'pod': 'discovery-server-6694f65985-cr2kx'}",42,same_network,3,300
2026-07-24T22:00:34.609954+00:00,2026-07-24T22:00:34.773000+00:00,container_network_transmit_bytes_total,customers-service,augusto-almondes,"{'__name__': 'container_network_transmit_bytes_total', 'beta_kubernetes_io_arch': 'amd64', 'beta_kubernetes_io_instance_type': 'k3s', 'beta_kubernetes_io_os': 'linux', 'id': '/kubepods.slice/kubepods-besteffort.slice/kubepods-besteffort-pode37399aa_5830_4643_8b7d_68f55d86f0b1.slice/cri-containerd-e7e17f8994d91ad485dcadb505533c11157a9c4ea3fe4f1d557d045c51189815.scope', 'image': 'docker.io/rancher/mirrored-pause:3.6', 'instance': 'augusto-almondes', 'interface': 'eth0', 'job': 'kubernetes-cadvisor', 'kubernetes_io_arch': 'amd64', 'kubernetes_io_hostname': 'augusto-almondes', 'kubernetes_io_os': 'linux', 'name': 'e7e17f8994d91ad485dcadb505533c11157a9c4ea3fe4f1d557d045c51189815', 'namespace': 'spring-petclinic', 'node_kubernetes_io_instance_type': 'k3s', 'pod': 'customers-service-754bdcc448-vqzd7'}",3667068918,same_network,3,300
2026-07-24T22:00:34.609954+00:00,2026-07-24T22:00:34.773000+00:00,container_network_transmit_bytes_total,vets-service,augusto-almondes,"{'__name__': 'container_network_transmit_bytes_total', 'beta_kubernetes_io_arch': 'amd64', 'beta_kubernetes_io_instance_type': 'k3s', 'beta_kubernetes_io_os': 'linux', 'id': '/kubepods.slice/kubepods-besteffort.slice/kubepods-besteffort-pode8be662b_d64d_4461_b18e_e524621757f2.slice/cri-containerd-1858b7a840027f969d237d1c10d7ecc22ef5e38a29d202d5760513652eb60797.scope', 'image': 'docker.io/rancher/mirrored-pause:3.6', 'instance': 'augusto-almondes', 'interface': 'eth0', 'job': 'kubernetes-cadvisor', 'kubernetes_io_arch': 'amd64', 'kubernetes_io_hostname': 'augusto-almondes', 'kubernetes_io_os': 'linux', 'name': '1858b7a840027f969d237d1c10d7ecc22ef5e38a29d202d5760513652eb60797', 'namespace': 'spring-petclinic', 'node_kubernetes_io_instance_type': 'k3s', 'pod': 'vets-service-68cc5897b6-cj224'}",1594788854,same_network,3,300
2026-07-24T22:00:34.609954+00:00,2026-07-24T22:00:34.773000+00:00,container_network_transmit_bytes_total,api-gateway,notebook-vivy,"{'__name__': 'container_network_transmit_bytes_total', 'beta_kubernetes_io_arch': 'amd64', 'beta_kubernetes_io_instance_type': 'k3s', 'beta_kubernetes_io_os': 'linux', 'id': '/kubepods.slice/kubepods-burstable.slice/kubepods-burstable-pod0938bf77_f775_4395_8d68_3f3e730442fa.slice/cri-containerd-a6fd5250d3bfc2badbe10894f62c473ef988a39eb319025e754de23b80c1ab4c.scope', 'image': 'docker.io/rancher/mirrored-pause:3.6', 'instance': 'notebook-vivy', 'interface': 'eth0', 'job': 'kubernetes-cadvisor', 'kubernetes_io_arch': 'amd64', 'kubernetes_io_hostname': 'notebook-vivy', 'kubernetes_io_os': 'linux', 'name': 'a6fd5250d3bfc2badbe10894f62c473ef988a39eb319025e754de23b80c1ab4c', 'namespace': 'spring-petclinic', 'node_kubernetes_io_instance_type': 'k3s', 'node_role_kubernetes_io_control_plane': 'true', 'pod': 'api-gateway-78f775b647-m4zpr'}",6162433324,same_network,3,300
2026-07-24T22:00:34.609954+00:00,2026-07-24T22:00:34.773000+00:00,container_network_transmit_bytes_total,,notebook-vivy,"{'__name__': 'container_network_transmit_bytes_total', 'beta_kubernetes_io_arch': 'amd64', 'beta_kubernetes_io_instance_type': 'k3s', 'beta_kubernetes_io_os': 'linux', 'id': '/kubepods.slice/kubepods-burstable.slice/kubepods-burstable-pod09c597ef_7768_4ae9_a0f5_1a6a4d12429f.slice/cri-containerd-71a203b5d7433062735bda847d7d37feb6bf4a60472b7731f6d1b0fe96211934.scope', 'image': 'docker.io/rancher/mirrored-pause:3.6', 'instance': 'notebook-vivy', 'interface': 'eth0', 'job': 'kubernetes-cadvisor', 'kubernetes_io_arch': 'amd64', 'kubernetes_io_hostname': 'notebook-vivy', 'kubernetes_io_os': 'linux', 'name': '71a203b5d7433062735bda847d7d37feb6bf4a60472b7731f6d1b0fe96211934', 'namespace': 'spring-petclinic', 'node_kubernetes_io_instance_type': 'k3s', 'node_role_kubernetes_io_control_plane': 'true', 'pod': 'zipkin-76d97d46df-4kcr9'}",659327785,same_network,3,300
2026-07-24T22:00:34.609954+00:00,2026-07-24T22:00:34.773000+00:00,container_network_transmit_bytes_total,,augusto-almondes,"{'__name__': 'container_network_transmit_bytes_total', 'beta_kubernetes_io_arch': 'amd64', 'beta_kubernetes_io_instance_type': 'k3s', 'beta_kubernetes_io_os': 'linux', 'id': '/kubepods.slice/kubepods-burstable.slice/kubepods-burstable-pod1f46dbde_909b_4d3f_b97d_2a39953c86a7.slice/cri-containerd-ba8d023b76c7725ee06abbed55f557de3ff14db60b35b51171c3b1a89ccf72e2.scope', 'image': 'docker.io/rancher/mirrored-pause:3.6', 'instance': 'augusto-almondes', 'interface': 'eth0', 'job': 'kubernetes-cadvisor', 'kubernetes_io_arch': 'amd64', 'kubernetes_io_hostname': 'augusto-almondes', 'kubernetes_io_os': 'linux', 'name': 'ba8d023b76c7725ee06abbed55f557de3ff14db60b35b51171c3b1a89ccf72e2', 'namespace': 'spring-petclinic', 'node_kubernetes_io_instance_type': 'k3s', 'pod': 'promtail-f6prj'}",295074627,same_network,3,300
2026-07-24T22:00:34.609954+00:00,2026-07-24T22:00:34.773000+00:00,container_network_transmit_bytes_total,,notebook-vivy,"{'__name__': 'container_network_transmit_bytes_total', 'beta_kubernetes_io_arch': 'amd64', 'beta_kubernetes_io_instance_type': 'k3s', 'beta_kubernetes_io_os': 'linux', 'id': '/kubepods.slice/kubepods-burstable.slice/kubepods-burstable-pod4150c254_a41f_4f8b_8f98_d26a0c6ac7e0.slice/cri-containerd-5a7cfa41636ef4b9b6979fd30de1bffc1033fc4d1a59062a0d942b86307ef87a.scope', 'image': 'docker.io/rancher/mirrored-pause:3.6', 'instance': 'notebook-vivy', 'interface': 'eth0', 'job': 'kubernetes-cadvisor', 'kubernetes_io_arch': 'amd64', 'kubernetes_io_hostname': 'notebook-vivy', 'kubernetes_io_os': 'linux', 'name': '5a7cfa41636ef4b9b6979fd30de1bffc1033fc4d1a59062a0d942b86307ef87a', 'namespace': 'spring-petclinic', 'node_kubernetes_io_instance_type': 'k3s', 'node_role_kubernetes_io_control_plane': 'true', 'pod': 'loki-84cd674d9f-5jbmr'}",338275426,same_network,3,300
2026-07-24T22:00:34.609954+00:00,2026-07-24T22:00:34.773000+00:00,container_network_transmit_bytes_total,api-gateway,augusto-almondes,"{'__name__': 'container_network_transmit_bytes_total', 'beta_kubernetes_io_arch': 'amd64', 'beta_kubernetes_io_instance_type': 'k3s', 'beta_kubernetes_io_os': 'linux', 'id': '/kubepods.slice/kubepods-burstable.slice/kubepods-burstable-pod8329aa55_845e_49e6_bc48_19166a540b8f.slice/cri-containerd-faae04884b29c370b3bb7fec91e75dac682e34a15f8a391ce4220d76bdf21c1c.scope', 'image': 'docker.io/rancher/mirrored-pause:3.6', 'instance': 'augusto-almondes', 'interface': 'eth0', 'job': 'kubernetes-cadvisor', 'kubernetes_io_arch': 'amd64', 'kubernetes_io_hostname': 'augusto-almondes', 'kubernetes_io_os': 'linux', 'name': 'faae04884b29c370b3bb7fec91e75dac682e34a15f8a391ce4220d76bdf21c1c', 'namespace': 'spring-petclinic', 'node_kubernetes_io_instance_type': 'k3s', 'pod': 'api-gateway-78f775b647-cs4l5'}",63119,same_network,3,300
2026-07-24T22:00:34.609954+00:00,2026-07-24T22:00:34.773000+00:00,container_network_transmit_bytes_total,,macbookair-vivy,"{'__name__': 'container_network_transmit_bytes_total', 'beta_kubernetes_io_arch': 'amd64', 'beta_kubernetes_io_instance_type': 'k3s', 'beta_kubernetes_io_os': 'linux', 'id': '/kubepods.slice/kubepods-burstable.slice/kubepods-burstable-pod83bca641_4313_46eb_880d_ed7d9b73c3b4.slice/cri-containerd-fa71dc8ca33ab1aaee8733e1064f6c903582a47168f208c39fa0d84958e0adf6.scope', 'image': 'docker.io/rancher/mirrored-pause:3.6', 'instance': 'macbookair-vivy', 'interface': 'eth0', 'job': 'kubernetes-cadvisor', 'kubernetes_io_arch': 'amd64', 'kubernetes_io_hostname': 'macbookair-vivy', 'kubernetes_io_os': 'linux', 'name': 'fa71dc8ca33ab1aaee8733e1064f6c903582a47168f208c39fa0d84958e0adf6', 'namespace': 'spring-petclinic', 'node_kubernetes_io_instance_type': 'k3s', 'pod': 'promtail-6th4p', 'role': 'database'}",556705,same_network,3,300
2026-07-24T22:00:34.609954+00:00,2026-07-24T22:00:34.773000+00:00,container_network_transmit_bytes_total,,notebook-vivy,"{'__name__': 'container_network_transmit_bytes_total', 'beta_kubernetes_io_arch': 'amd64', 'beta_kubernetes_io_instance_type': 'k3s', 'beta_kubernetes_io_os': 'linux', 'id': '/kubepods.slice/kubepods-burstable.slice/kubepods-burstable-podb25714d0_13cb_4579_b8b1_7a8606f015ca.slice/cri-containerd-42cc5d6d1ba003bd2b36c4cfe046d938102ebaf4057c03c2ebe008cb716d2ac8.scope', 'image': 'docker.io/rancher/mirrored-pause:3.6', 'instance': 'notebook-vivy', 'interface': 'eth0', 'job': 'kubernetes-cadvisor', 'kubernetes_io_arch': 'amd64', 'kubernetes_io_hostname': 'notebook-vivy', 'kubernetes_io_os': 'linux', 'name': '42cc5d6d1ba003bd2b36c4cfe046d938102ebaf4057c03c2ebe008cb716d2ac8', 'namespace': 'spring-petclinic', 'node_kubernetes_io_instance_type': 'k3s', 'node_role_kubernetes_io_control_plane': 'true', 'pod': 'promtail-rsjq4'}",300090825,same_network,3,300
2026-07-24T22:00:34.609954+00:00,2026-07-24T22:00:34.777000+00:00,executor_active_threads,customers-service,10.42.0.186:8080,"{'__name__': 'executor_active_threads', 'instance': '10.42.0.186:8080', 'job': 'spring-petclinic', 'name': 'applicationTaskExecutor'}",0,same_network,3,300
2026-07-24T22:00:34.609954+00:00,2026-07-24T22:00:34.777000+00:00,executor_active_threads,api-gateway,10.42.0.187:8080,"{'__name__': 'executor_active_threads', 'instance': '10.42.0.187:8080', 'job': 'spring-petclinic', 'name': 'applicationTaskExecutor'}",0,same_network,3,300
2026-07-24T22:00:34.609954+00:00,2026-07-24T22:00:34.777000+00:00,executor_active_threads,visits-service,10.42.1.122:8080,"{'__name__': 'executor_active_threads', 'instance': '10.42.1.122:8080', 'job': 'spring-petclinic', 'name': 'applicationTaskExecutor'}",0,same_network,3,300
2026-07-24T22:00:34.609954+00:00,2026-07-24T22:00:34.777000+00:00,executor_active_threads,vets-service,10.42.1.123:8080,"{'__name__': 'executor_active_threads', 'instance': '10.42.1.123:8080', 'job': 'spring-petclinic', 'name': 'applicationTaskExecutor'}",0,same_network,3,300
2026-07-24T22:00:34.609954+00:00,2026-07-24T22:00:34.777000+00:00,executor_active_threads,vets-service,10.42.1.124:8080,"{'__name__': 'executor_active_threads', 'instance': '10.42.1.124:8080', 'job': 'spring-petclinic', 'name': 'applicationTaskExecutor'}",0,same_network,3,300
2026-07-24T22:00:34.609954+00:00,2026-07-24T22:00:34.777000+00:00,executor_active_threads,visits-service,10.42.1.125:8080,"{'__name__': 'executor_active_threads', 'instance': '10.42.1.125:8080', 'job': 'spring-petclinic', 'name': 'applicationTaskExecutor'}",0,same_network,3,300
2026-07-24T22:00:34.609954+00:00,2026-07-24T22:00:34.777000+00:00,executor_active_threads,customers-service,10.42.1.126:8080,"{'__name__': 'executor_active_threads', 'instance': '10.42.1.126:8080', 'job': 'spring-petclinic', 'name': 'applicationTaskExecutor'}",0,same_network,3,300
2026-07-24T22:00:34.609954+00:00,2026-07-24T22:00:34.777000+00:00,executor_active_threads,api-gateway,10.42.1.129:8080,"{'__name__': 'executor_active_threads', 'instance': '10.42.1.129:8080', 'job': 'spring-petclinic', 'name': 'applicationTaskExecutor'}",0,same_network,3,300
2026-07-24T22:00:34.609954+00:00,2026-07-24T22:00:34.780000+00:00,executor_completed_tasks_total,customers-service,10.42.0.186:8080,"{'__name__': 'executor_completed_tasks_total', 'instance': '10.42.0.186:8080', 'job': 'spring-petclinic', 'name': 'applicationTaskExecutor'}",0,same_network,3,300
2026-07-24T22:00:34.609954+00:00,2026-07-24T22:00:34.780000+00:00,executor_completed_tasks_total,api-gateway,10.42.0.187:8080,"{'__name__': 'executor_completed_tasks_total', 'instance': '10.42.0.187:8080', 'job': 'spring-petclinic', 'name': 'applicationTaskExecutor'}",0,same_network,3,300
2026-07-24T22:00:34.609954+00:00,2026-07-24T22:00:34.780000+00:00,executor_completed_tasks_total,visits-service,10.42.1.122:8080,"{'__name__': 'executor_completed_tasks_total', 'instance': '10.42.1.122:8080', 'job': 'spring-petclinic', 'name': 'applicationTaskExecutor'}",0,same_network,3,300
2026-07-24T22:00:34.609954+00:00,2026-07-24T22:00:34.780000+00:00,executor_completed_tasks_total,vets-service,10.42.1.123:8080,"{'__name__': 'executor_completed_tasks_total', 'instance': '10.42.1.123:8080', 'job': 'spring-petclinic', 'name': 'applicationTaskExecutor'}",0,same_network,3,300
2026-07-24T22:00:34.609954+00:00,2026-07-24T22:00:34.780000+00:00,executor_completed_tasks_total,vets-service,10.42.1.124:8080,"{'__name__': 'executor_completed_tasks_total', 'instance': '10.42.1.124:8080', 'job': 'spring-petclinic', 'name': 'applicationTaskExecutor'}",0,same_network,3,300
2026-07-24T22:00:34.609954+00:00,2026-07-24T22:00:34.780000+00:00,executor_completed_tasks_total,visits-service,10.42.1.125:8080,"{'__name__': 'executor_completed_tasks_total', 'instance': '10.42.1.125:8080', 'job': 'spring-petclinic', 'name': 'applicationTaskExecutor'}",0,same_network,3,300
2026-07-24T22:00:34.609954+00:00,2026-07-24T22:00:34.780000+00:00,executor_completed_tasks_total,customers-service,10.42.1.126:8080,"{'__name__': 'executor_completed_tasks_total', 'instance': '10.42.1.126:8080', 'job': 'spring-petclinic', 'name': 'applicationTaskExecutor'}",0,same_network,3,300
2026-07-24T22:00:34.609954+00:00,2026-07-24T22:00:34.780000+00:00,executor_completed_tasks_total,api-gateway,10.42.1.129:8080,"{'__name__': 'executor_completed_tasks_total', 'instance': '10.42.1.129:8080', 'job': 'spring-petclinic', 'name': 'applicationTaskExecutor'}",0,same_network,3,300
2026-07-24T22:00:34.609954+00:00,2026-07-24T22:00:34.783000+00:00,executor_pool_core_threads,customers-service,10.42.0.186:8080,"{'__name__': 'executor_pool_core_threads', 'instance': '10.42.0.186:8080', 'job': 'spring-petclinic', 'name': 'applicationTaskExecutor'}",8,same_network,3,300
2026-07-24T22:00:34.609954+00:00,2026-07-24T22:00:34.783000+00:00,executor_pool_core_threads,api-gateway,10.42.0.187:8080,"{'__name__': 'executor_pool_core_threads', 'instance': '10.42.0.187:8080', 'job': 'spring-petclinic', 'name': 'applicationTaskExecutor'}",8,same_network,3,300
2026-07-24T22:00:34.609954+00:00,2026-07-24T22:00:34.783000+00:00,executor_pool_core_threads,visits-service,10.42.1.122:8080,"{'__name__': 'executor_pool_core_threads', 'instance': '10.42.1.122:8080', 'job': 'spring-petclinic', 'name': 'applicationTaskExecutor'}",8,same_network,3,300
2026-07-24T22:00:34.609954+00:00,2026-07-24T22:00:34.783000+00:00,executor_pool_core_threads,vets-service,10.42.1.123:8080,"{'__name__': 'executor_pool_core_threads', 'instance': '10.42.1.123:8080', 'job': 'spring-petclinic', 'name': 'applicationTaskExecutor'}",8,same_network,3,300
2026-07-24T22:00:34.609954+00:00,2026-07-24T22:00:34.783000+00:00,executor_pool_core_threads,vets-service,10.42.1.124:8080,"{'__name__': 'executor_pool_core_threads', 'instance': '10.42.1.124:8080', 'job': 'spring-petclinic', 'name': 'applicationTaskExecutor'}",8,same_network,3,300
2026-07-24T22:00:34.609954+00:00,2026-07-24T22:00:34.783000+00:00,executor_pool_core_threads,visits-service,10.42.1.125:8080,"{'__name__': 'executor_pool_core_threads', 'instance': '10.42.1.125:8080', 'job': 'spring-petclinic', 'name': 'applicationTaskExecutor'}",8,same_network,3,300
2026-07-24T22:00:34.609954+00:00,2026-07-24T22:00:34.783000+00:00,executor_pool_core_threads,customers-service,10.42.1.126:8080,"{'__name__': 'executor_pool_core_threads', 'instance': '10.42.1.126:8080', 'job': 'spring-petclinic', 'name': 'applicationTaskExecutor'}",8,same_network,3,300
2026-07-24T22:00:34.609954+00:00,2026-07-24T22:00:34.783000+00:00,executor_pool_core_threads,api-gateway,10.42.1.129:8080,"{'__name__': 'executor_pool_core_threads', 'instance': '10.42.1.129:8080', 'job': 'spring-petclinic', 'name': 'applicationTaskExecutor'}",8,same_network,3,300
2026-07-24T22:00:34.609954+00:00,2026-07-24T22:00:34.786000+00:00,executor_pool_max_threads,customers-service,10.42.0.186:8080,"{'__name__': 'executor_pool_max_threads', 'instance': '10.42.0.186:8080', 'job': 'spring-petclinic', 'name': 'applicationTaskExecutor'}",2147483647,same_network,3,300
2026-07-24T22:00:34.609954+00:00,2026-07-24T22:00:34.786000+00:00,executor_pool_max_threads,api-gateway,10.42.0.187:8080,"{'__name__': 'executor_pool_max_threads', 'instance': '10.42.0.187:8080', 'job': 'spring-petclinic', 'name': 'applicationTaskExecutor'}",2147483647,same_network,3,300
2026-07-24T22:00:34.609954+00:00,2026-07-24T22:00:34.786000+00:00,executor_pool_max_threads,visits-service,10.42.1.122:8080,"{'__name__': 'executor_pool_max_threads', 'instance': '10.42.1.122:8080', 'job': 'spring-petclinic', 'name': 'applicationTaskExecutor'}",2147483647,same_network,3,300
2026-07-24T22:00:34.609954+00:00,2026-07-24T22:00:34.786000+00:00,executor_pool_max_threads,vets-service,10.42.1.123:8080,"{'__name__': 'executor_pool_max_threads', 'instance': '10.42.1.123:8080', 'job': 'spring-petclinic', 'name': 'applicationTaskExecutor'}",2147483647,same_network,3,300
2026-07-24T22:00:34.609954+00:00,2026-07-24T22:00:34.786000+00:00,executor_pool_max_threads,vets-service,10.42.1.124:8080,"{'__name__': 'executor_pool_max_threads', 'instance': '10.42.1.124:8080', 'job': 'spring-petclinic', 'name': 'applicationTaskExecutor'}",2147483647,same_network,3,300
2026-07-24T22:00:34.609954+00:00,2026-07-24T22:00:34.786000+00:00,executor_pool_max_threads,visits-service,10.42.1.125:8080,"{'__name__': 'executor_pool_max_threads', 'instance': '10.42.1.125:8080', 'job': 'spring-petclinic', 'name': 'applicationTaskExecutor'}",2147483647,same_network,3,300
2026-07-24T22:00:34.609954+00:00,2026-07-24T22:00:34.786000+00:00,executor_pool_max_threads,customers-service,10.42.1.126:8080,"{'__name__': 'executor_pool_max_threads', 'instance': '10.42.1.126:8080', 'job': 'spring-petclinic', 'name': 'applicationTaskExecutor'}",2147483647,same_network,3,300
2026-07-24T22:00:34.609954+00:00,2026-07-24T22:00:34.786000+00:00,executor_pool_max_threads,api-gateway,10.42.1.129:8080,"{'__name__': 'executor_pool_max_threads', 'instance': '10.42.1.129:8080', 'job': 'spring-petclinic', 'name': 'applicationTaskExecutor'}",2147483647,same_network,3,300
2026-07-24T22:00:34.609954+00:00,2026-07-24T22:00:34.790000+00:00,executor_pool_size_threads,customers-service,10.42.0.186:8080,"{'__name__': 'executor_pool_size_threads', 'instance': '10.42.0.186:8080', 'job': 'spring-petclinic', 'name': 'applicationTaskExecutor'}",0,same_network,3,300
2026-07-24T22:00:34.609954+00:00,2026-07-24T22:00:34.790000+00:00,executor_pool_size_threads,api-gateway,10.42.0.187:8080,"{'__name__': 'executor_pool_size_threads', 'instance': '10.42.0.187:8080', 'job': 'spring-petclinic', 'name': 'applicationTaskExecutor'}",0,same_network,3,300
2026-07-24T22:00:34.609954+00:00,2026-07-24T22:00:34.790000+00:00,executor_pool_size_threads,visits-service,10.42.1.122:8080,"{'__name__': 'executor_pool_size_threads', 'instance': '10.42.1.122:8080', 'job': 'spring-petclinic', 'name': 'applicationTaskExecutor'}",0,same_network,3,300
2026-07-24T22:00:34.609954+00:00,2026-07-24T22:00:34.790000+00:00,executor_pool_size_threads,vets-service,10.42.1.123:8080,"{'__name__': 'executor_pool_size_threads', 'instance': '10.42.1.123:8080', 'job': 'spring-petclinic', 'name': 'applicationTaskExecutor'}",0,same_network,3,300
2026-07-24T22:00:34.609954+00:00,2026-07-24T22:00:34.790000+00:00,executor_pool_size_threads,vets-service,10.42.1.124:8080,"{'__name__': 'executor_pool_size_threads', 'instance': '10.42.1.124:8080', 'job': 'spring-petclinic', 'name': 'applicationTaskExecutor'}",0,same_network,3,300
2026-07-24T22:00:34.609954+00:00,2026-07-24T22:00:34.790000+00:00,executor_pool_size_threads,visits-service,10.42.1.125:8080,"{'__name__': 'executor_pool_size_threads', 'instance': '10.42.1.125:8080', 'job': 'spring-petclinic', 'name': 'applicationTaskExecutor'}",0,same_network,3,300
2026-07-24T22:00:34.609954+00:00,2026-07-24T22:00:34.790000+00:00,executor_pool_size_threads,customers-service,10.42.1.126:8080,"{'__name__': 'executor_pool_size_threads', 'instance': '10.42.1.126:8080', 'job': 'spring-petclinic', 'name': 'applicationTaskExecutor'}",0,same_network,3,300
2026-07-24T22:00:34.609954+00:00,2026-07-24T22:00:34.790000+00:00,executor_pool_size_threads,api-gateway,10.42.1.129:8080,"{'__name__': 'executor_pool_size_threads', 'instance': '10.42.1.129:8080', 'job': 'spring-petclinic', 'name': 'applicationTaskExecutor'}",0,same_network,3,300
2026-07-24T22:00:34.609954+00:00,2026-07-24T22:00:34.794000+00:00,executor_queue_remaining_tasks,customers-service,10.42.0.186:8080,"{'__name__': 'executor_queue_remaining_tasks', 'instance': '10.42.0.186:8080', 'job': 'spring-petclinic', 'name': 'applicationTaskExecutor'}",2147483647,same_network,3,300
2026-07-24T22:00:34.609954+00:00,2026-07-24T22:00:34.794000+00:00,executor_queue_remaining_tasks,api-gateway,10.42.0.187:8080,"{'__name__': 'executor_queue_remaining_tasks', 'instance': '10.42.0.187:8080', 'job': 'spring-petclinic', 'name': 'applicationTaskExecutor'}",2147483647,same_network,3,300
2026-07-24T22:00:34.609954+00:00,2026-07-24T22:00:34.794000+00:00,executor_queue_remaining_tasks,visits-service,10.42.1.122:8080,"{'__name__': 'executor_queue_remaining_tasks', 'instance': '10.42.1.122:8080', 'job': 'spring-petclinic', 'name': 'applicationTaskExecutor'}",2147483647,same_network,3,300
2026-07-24T22:00:34.609954+00:00,2026-07-24T22:00:34.794000+00:00,executor_queue_remaining_tasks,vets-service,10.42.1.123:8080,"{'__name__': 'executor_queue_remaining_tasks', 'instance': '10.42.1.123:8080', 'job': 'spring-petclinic', 'name': 'applicationTaskExecutor'}",2147483647,same_network,3,300
2026-07-24T22:00:34.609954+00:00,2026-07-24T22:00:34.794000+00:00,executor_queue_remaining_tasks,vets-service,10.42.1.124:8080,"{'__name__': 'executor_queue_remaining_tasks', 'instance': '10.42.1.124:8080', 'job': 'spring-petclinic', 'name': 'applicationTaskExecutor'}",2147483647,same_network,3,300
2026-07-24T22:00:34.609954+00:00,2026-07-24T22:00:34.794000+00:00,executor_queue_remaining_tasks,visits-service,10.42.1.125:8080,"{'__name__': 'executor_queue_remaining_tasks', 'instance': '10.42.1.125:8080', 'job': 'spring-petclinic', 'name': 'applicationTaskExecutor'}",2147483647,same_network,3,300
2026-07-24T22:00:34.609954+00:00,2026-07-24T22:00:34.794000+00:00,executor_queue_remaining_tasks,customers-service,10.42.1.126:8080,"{'__name__': 'executor_queue_remaining_tasks', 'instance': '10.42.1.126:8080', 'job': 'spring-petclinic', 'name': 'applicationTaskExecutor'}",2147483647,same_network,3,300
2026-07-24T22:00:34.609954+00:00,2026-07-24T22:00:34.794000+00:00,executor_queue_remaining_tasks,api-gateway,10.42.1.129:8080,"{'__name__': 'executor_queue_remaining_tasks', 'instance': '10.42.1.129:8080', 'job': 'spring-petclinic', 'name': 'applicationTaskExecutor'}",2147483647,same_network,3,300
2026-07-24T22:00:34.609954+00:00,2026-07-24T22:00:34.797000+00:00,executor_queued_tasks,customers-service,10.42.0.186:8080,"{'__name__': 'executor_queued_tasks', 'instance': '10.42.0.186:8080', 'job': 'spring-petclinic', 'name': 'applicationTaskExecutor'}",0,same_network,3,300
2026-07-24T22:00:34.609954+00:00,2026-07-24T22:00:34.797000+00:00,executor_queued_tasks,api-gateway,10.42.0.187:8080,"{'__name__': 'executor_queued_tasks', 'instance': '10.42.0.187:8080', 'job': 'spring-petclinic', 'name': 'applicationTaskExecutor'}",0,same_network,3,300
2026-07-24T22:00:34.609954+00:00,2026-07-24T22:00:34.797000+00:00,executor_queued_tasks,visits-service,10.42.1.122:8080,"{'__name__': 'executor_queued_tasks', 'instance': '10.42.1.122:8080', 'job': 'spring-petclinic', 'name': 'applicationTaskExecutor'}",0,same_network,3,300
2026-07-24T22:00:34.609954+00:00,2026-07-24T22:00:34.797000+00:00,executor_queued_tasks,vets-service,10.42.1.123:8080,"{'__name__': 'executor_queued_tasks', 'instance': '10.42.1.123:8080', 'job': 'spring-petclinic', 'name': 'applicationTaskExecutor'}",0,same_network,3,300
2026-07-24T22:00:34.609954+00:00,2026-07-24T22:00:34.797000+00:00,executor_queued_tasks,vets-service,10.42.1.124:8080,"{'__name__': 'executor_queued_tasks', 'instance': '10.42.1.124:8080', 'job': 'spring-petclinic', 'name': 'applicationTaskExecutor'}",0,same_network,3,300
2026-07-24T22:00:34.609954+00:00,2026-07-24T22:00:34.797000+00:00,executor_queued_tasks,visits-service,10.42.1.125:8080,"{'__name__': 'executor_queued_tasks', 'instance': '10.42.1.125:8080', 'job': 'spring-petclinic', 'name': 'applicationTaskExecutor'}",0,same_network,3,300
2026-07-24T22:00:34.609954+00:00,2026-07-24T22:00:34.797000+00:00,executor_queued_tasks,customers-service,10.42.1.126:8080,"{'__name__': 'executor_queued_tasks', 'instance': '10.42.1.126:8080', 'job': 'spring-petclinic', 'name': 'applicationTaskExecutor'}",0,same_network,3,300
2026-07-24T22:00:34.609954+00:00,2026-07-24T22:00:34.797000+00:00,executor_queued_tasks,api-gateway,10.42.1.129:8080,"{'__name__': 'executor_queued_tasks', 'instance': '10.42.1.129:8080', 'job': 'spring-petclinic', 'name': 'applicationTaskExecutor'}",0,same_network,3,300
2026-07-24T22:00:34.609954+00:00,2026-07-24T22:00:34.800000+00:00,jvm_threads_daemon_threads,customers-service,10.42.0.186:8080,"{'__name__': 'jvm_threads_daemon_threads', 'instance': '10.42.0.186:8080', 'job': 'spring-petclinic'}",220,same_network,3,300
2026-07-24T22:00:34.609954+00:00,2026-07-24T22:00:34.800000+00:00,jvm_threads_daemon_threads,api-gateway,10.42.0.187:8080,"{'__name__': 'jvm_threads_daemon_threads', 'instance': '10.42.0.187:8080', 'job': 'spring-petclinic'}",31,same_network,3,300
2026-07-24T22:00:34.609954+00:00,2026-07-24T22:00:34.800000+00:00,jvm_threads_daemon_threads,visits-service,10.42.1.122:8080,"{'__name__': 'jvm_threads_daemon_threads', 'instance': '10.42.1.122:8080', 'job': 'spring-petclinic'}",37,same_network,3,300
2026-07-24T22:00:34.609954+00:00,2026-07-24T22:00:34.800000+00:00,jvm_threads_daemon_threads,vets-service,10.42.1.123:8080,"{'__name__': 'jvm_threads_daemon_threads', 'instance': '10.42.1.123:8080', 'job': 'spring-petclinic'}",104,same_network,3,300
2026-07-24T22:00:34.609954+00:00,2026-07-24T22:00:34.800000+00:00,jvm_threads_daemon_threads,vets-service,10.42.1.124:8080,"{'__name__': 'jvm_threads_daemon_threads', 'instance': '10.42.1.124:8080', 'job': 'spring-petclinic'}",38,same_network,3,300
2026-07-24T22:00:34.609954+00:00,2026-07-24T22:00:34.800000+00:00,jvm_threads_daemon_threads,visits-service,10.42.1.125:8080,"{'__name__': 'jvm_threads_daemon_threads', 'instance': '10.42.1.125:8080', 'job': 'spring-petclinic'}",31,same_network,3,300
2026-07-24T22:00:34.609954+00:00,2026-07-24T22:00:34.800000+00:00,jvm_threads_daemon_threads,customers-service,10.42.1.126:8080,"{'__name__': 'jvm_threads_daemon_threads', 'instance': '10.42.1.126:8080', 'job': 'spring-petclinic'}",203,same_network,3,300
2026-07-24T22:00:34.609954+00:00,2026-07-24T22:00:34.800000+00:00,jvm_threads_daemon_threads,api-gateway,10.42.1.129:8080,"{'__name__': 'jvm_threads_daemon_threads', 'instance': '10.42.1.129:8080', 'job': 'spring-petclinic'}",24,same_network,3,300
2026-07-24T22:00:34.609954+00:00,2026-07-24T22:00:34.804000+00:00,jvm_threads_live_threads,customers-service,10.42.0.186:8080,"{'__name__': 'jvm_threads_live_threads', 'instance': '10.42.0.186:8080', 'job': 'spring-petclinic'}",229,same_network,3,300
2026-07-24T22:00:34.609954+00:00,2026-07-24T22:00:34.804000+00:00,jvm_threads_live_threads,api-gateway,10.42.0.187:8080,"{'__name__': 'jvm_threads_live_threads', 'instance': '10.42.0.187:8080', 'job': 'spring-petclinic'}",38,same_network,3,300
2026-07-24T22:00:34.609954+00:00,2026-07-24T22:00:34.804000+00:00,jvm_threads_live_threads,visits-service,10.42.1.122:8080,"{'__name__': 'jvm_threads_live_threads', 'instance': '10.42.1.122:8080', 'job': 'spring-petclinic'}",46,same_network,3,300
2026-07-24T22:00:34.609954+00:00,2026-07-24T22:00:34.804000+00:00,jvm_threads_live_threads,vets-service,10.42.1.123:8080,"{'__name__': 'jvm_threads_live_threads', 'instance': '10.42.1.123:8080', 'job': 'spring-petclinic'}",113,same_network,3,300
2026-07-24T22:00:34.609954+00:00,2026-07-24T22:00:34.804000+00:00,jvm_threads_live_threads,vets-service,10.42.1.124:8080,"{'__name__': 'jvm_threads_live_threads', 'instance': '10.42.1.124:8080', 'job': 'spring-petclinic'}",47,same_network,3,300
2026-07-24T22:00:34.609954+00:00,2026-07-24T22:00:34.804000+00:00,jvm_threads_live_threads,visits-service,10.42.1.125:8080,"{'__name__': 'jvm_threads_live_threads', 'instance': '10.42.1.125:8080', 'job': 'spring-petclinic'}",40,same_network,3,300
2026-07-24T22:00:34.609954+00:00,2026-07-24T22:00:34.804000+00:00,jvm_threads_live_threads,customers-service,10.42.1.126:8080,"{'__name__': 'jvm_threads_live_threads', 'instance': '10.42.1.126:8080', 'job': 'spring-petclinic'}",212,same_network,3,300
2026-07-24T22:00:34.609954+00:00,2026-07-24T22:00:34.804000+00:00,jvm_threads_live_threads,api-gateway,10.42.1.129:8080,"{'__name__': 'jvm_threads_live_threads', 'instance': '10.42.1.129:8080', 'job': 'spring-petclinic'}",33,same_network,3,300
2026-07-24T22:00:34.609954+00:00,2026-07-24T22:00:34.809000+00:00,jvm_threads_peak_threads,customers-service,10.42.0.186:8080,"{'__name__': 'jvm_threads_peak_threads', 'instance': '10.42.0.186:8080', 'job': 'spring-petclinic'}",232,same_network,3,300
2026-07-24T22:00:34.609954+00:00,2026-07-24T22:00:34.809000+00:00,jvm_threads_peak_threads,api-gateway,10.42.0.187:8080,"{'__name__': 'jvm_threads_peak_threads', 'instance': '10.42.0.187:8080', 'job': 'spring-petclinic'}",61,same_network,3,300
2026-07-24T22:00:34.609954+00:00,2026-07-24T22:00:34.809000+00:00,jvm_threads_peak_threads,visits-service,10.42.1.122:8080,"{'__name__': 'jvm_threads_peak_threads', 'instance': '10.42.1.122:8080', 'job': 'spring-petclinic'}",133,same_network,3,300
2026-07-24T22:00:34.609954+00:00,2026-07-24T22:00:34.809000+00:00,jvm_threads_peak_threads,vets-service,10.42.1.123:8080,"{'__name__': 'jvm_threads_peak_threads', 'instance': '10.42.1.123:8080', 'job': 'spring-petclinic'}",223,same_network,3,300
2026-07-24T22:00:34.609954+00:00,2026-07-24T22:00:34.809000+00:00,jvm_threads_peak_threads,vets-service,10.42.1.124:8080,"{'__name__': 'jvm_threads_peak_threads', 'instance': '10.42.1.124:8080', 'job': 'spring-petclinic'}",219,same_network,3,300
2026-07-24T22:00:34.609954+00:00,2026-07-24T22:00:34.809000+00:00,jvm_threads_peak_threads,visits-service,10.42.1.125:8080,"{'__name__': 'jvm_threads_peak_threads', 'instance': '10.42.1.125:8080', 'job': 'spring-petclinic'}",113,same_network,3,300
2026-07-24T22:00:34.609954+00:00,2026-07-24T22:00:34.809000+00:00,jvm_threads_peak_threads,customers-service,10.42.1.126:8080,"{'__name__': 'jvm_threads_peak_threads', 'instance': '10.42.1.126:8080', 'job': 'spring-petclinic'}",235,same_network,3,300
2026-07-24T22:00:34.609954+00:00,2026-07-24T22:00:34.809000+00:00,jvm_threads_peak_threads,api-gateway,10.42.1.129:8080,"{'__name__': 'jvm_threads_peak_threads', 'instance': '10.42.1.129:8080', 'job': 'spring-petclinic'}",33,same_network,3,300
2026-07-24T22:00:34.609954+00:00,2026-07-24T22:00:34.813000+00:00,jvm_threads_states_threads,customers-service,10.42.0.186:8080,"{'__name__': 'jvm_threads_states_threads', 'instance': '10.42.0.186:8080', 'job': 'spring-petclinic', 'state': 'blocked'}",0,same_network,3,300
2026-07-24T22:00:34.609954+00:00,2026-07-24T22:00:34.813000+00:00,jvm_threads_states_threads,customers-service,10.42.0.186:8080,"{'__name__': 'jvm_threads_states_threads', 'instance': '10.42.0.186:8080', 'job': 'spring-petclinic', 'state': 'new'}",0,same_network,3,300
2026-07-24T22:00:34.609954+00:00,2026-07-24T22:00:34.813000+00:00,jvm_threads_states_threads,customers-service,10.42.0.186:8080,"{'__name__': 'jvm_threads_states_threads', 'instance': '10.42.0.186:8080', 'job': 'spring-petclinic', 'state': 'runnable'}",8,same_network,3,300
2026-07-24T22:00:34.609954+00:00,2026-07-24T22:00:34.813000+00:00,jvm_threads_states_threads,customers-service,10.42.0.186:8080,"{'__name__': 'jvm_threads_states_threads', 'instance': '10.42.0.186:8080', 'job': 'spring-petclinic', 'state': 'terminated'}",0,same_network,3,300
2026-07-24T22:00:34.609954+00:00,2026-07-24T22:00:34.813000+00:00,jvm_threads_states_threads,customers-service,10.42.0.186:8080,"{'__name__': 'jvm_threads_states_threads', 'instance': '10.42.0.186:8080', 'job': 'spring-petclinic', 'state': 'timed-waiting'}",207,same_network,3,300
2026-07-24T22:00:34.609954+00:00,2026-07-24T22:00:34.813000+00:00,jvm_threads_states_threads,customers-service,10.42.0.186:8080,"{'__name__': 'jvm_threads_states_threads', 'instance': '10.42.0.186:8080', 'job': 'spring-petclinic', 'state': 'waiting'}",14,same_network,3,300
2026-07-24T22:00:34.609954+00:00,2026-07-24T22:00:34.813000+00:00,jvm_threads_states_threads,api-gateway,10.42.0.187:8080,"{'__name__': 'jvm_threads_states_threads', 'instance': '10.42.0.187:8080', 'job': 'spring-petclinic', 'state': 'blocked'}",0,same_network,3,300
2026-07-24T22:00:34.609954+00:00,2026-07-24T22:00:34.813000+00:00,jvm_threads_states_threads,api-gateway,10.42.0.187:8080,"{'__name__': 'jvm_threads_states_threads', 'instance': '10.42.0.187:8080', 'job': 'spring-petclinic', 'state': 'new'}",0,same_network,3,300
2026-07-24T22:00:34.609954+00:00,2026-07-24T22:00:34.813000+00:00,jvm_threads_states_threads,api-gateway,10.42.0.187:8080,"{'__name__': 'jvm_threads_states_threads', 'instance': '10.42.0.187:8080', 'job': 'spring-petclinic', 'state': 'runnable'}",14,same_network,3,300
2026-07-24T22:00:34.609954+00:00,2026-07-24T22:00:34.813000+00:00,jvm_threads_states_threads,api-gateway,10.42.0.187:8080,"{'__name__': 'jvm_threads_states_threads', 'instance': '10.42.0.187:8080', 'job': 'spring-petclinic', 'state': 'terminated'}",0,same_network,3,300
2026-07-24T22:00:34.609954+00:00,2026-07-24T22:00:34.813000+00:00,jvm_threads_states_threads,api-gateway,10.42.0.187:8080,"{'__name__': 'jvm_threads_states_threads', 'instance': '10.42.0.187:8080', 'job': 'spring-petclinic', 'state': 'timed-waiting'}",5,same_network,3,300
2026-07-24T22:00:34.609954+00:00,2026-07-24T22:00:34.813000+00:00,jvm_threads_states_threads,api-gateway,10.42.0.187:8080,"{'__name__': 'jvm_threads_states_threads', 'instance': '10.42.0.187:8080', 'job': 'spring-petclinic', 'state': 'waiting'}",19,same_network,3,300
2026-07-24T22:00:34.609954+00:00,2026-07-24T22:00:34.813000+00:00,jvm_threads_states_threads,visits-service,10.42.1.122:8080,"{'__name__': 'jvm_threads_states_threads', 'instance': '10.42.1.122:8080', 'job': 'spring-petclinic', 'state': 'blocked'}",0,same_network,3,300
2026-07-24T22:00:34.609954+00:00,2026-07-24T22:00:34.813000+00:00,jvm_threads_states_threads,visits-service,10.42.1.122:8080,"{'__name__': 'jvm_threads_states_threads', 'instance': '10.42.1.122:8080', 'job': 'spring-petclinic', 'state': 'new'}",0,same_network,3,300
2026-07-24T22:00:34.609954+00:00,2026-07-24T22:00:34.813000+00:00,jvm_threads_states_threads,visits-service,10.42.1.122:8080,"{'__name__': 'jvm_threads_states_threads', 'instance': '10.42.1.122:8080', 'job': 'spring-petclinic', 'state': 'runnable'}",8,same_network,3,300
2026-07-24T22:00:34.609954+00:00,2026-07-24T22:00:34.813000+00:00,jvm_threads_states_threads,visits-service,10.42.1.122:8080,"{'__name__': 'jvm_threads_states_threads', 'instance': '10.42.1.122:8080', 'job': 'spring-petclinic', 'state': 'terminated'}",0,same_network,3,300
2026-07-24T22:00:34.609954+00:00,2026-07-24T22:00:34.813000+00:00,jvm_threads_states_threads,visits-service,10.42.1.122:8080,"{'__name__': 'jvm_threads_states_threads', 'instance': '10.42.1.122:8080', 'job': 'spring-petclinic', 'state': 'timed-waiting'}",24,same_network,3,300
2026-07-24T22:00:34.609954+00:00,2026-07-24T22:00:34.813000+00:00,jvm_threads_states_threads,visits-service,10.42.1.122:8080,"{'__name__': 'jvm_threads_states_threads', 'instance': '10.42.1.122:8080', 'job': 'spring-petclinic', 'state': 'waiting'}",14,same_network,3,300
2026-07-24T22:00:34.609954+00:00,2026-07-24T22:00:34.813000+00:00,jvm_threads_states_threads,vets-service,10.42.1.123:8080,"{'__name__': 'jvm_threads_states_threads', 'instance': '10.42.1.123:8080', 'job': 'spring-petclinic', 'state': 'blocked'}",0,same_network,3,300
2026-07-24T22:00:34.609954+00:00,2026-07-24T22:00:34.813000+00:00,jvm_threads_states_threads,vets-service,10.42.1.123:8080,"{'__name__': 'jvm_threads_states_threads', 'instance': '10.42.1.123:8080', 'job': 'spring-petclinic', 'state': 'new'}",0,same_network,3,300
2026-07-24T22:00:34.609954+00:00,2026-07-24T22:00:34.813000+00:00,jvm_threads_states_threads,vets-service,10.42.1.123:8080,"{'__name__': 'jvm_threads_states_threads', 'instance': '10.42.1.123:8080', 'job': 'spring-petclinic', 'state': 'runnable'}",8,same_network,3,300
2026-07-24T22:00:34.609954+00:00,2026-07-24T22:00:34.813000+00:00,jvm_threads_states_threads,vets-service,10.42.1.123:8080,"{'__name__': 'jvm_threads_states_threads', 'instance': '10.42.1.123:8080', 'job': 'spring-petclinic', 'state': 'terminated'}",0,same_network,3,300
2026-07-24T22:00:34.609954+00:00,2026-07-24T22:00:34.813000+00:00,jvm_threads_states_threads,vets-service,10.42.1.123:8080,"{'__name__': 'jvm_threads_states_threads', 'instance': '10.42.1.123:8080', 'job': 'spring-petclinic', 'state': 'timed-waiting'}",91,same_network,3,300
2026-07-24T22:00:34.609954+00:00,2026-07-24T22:00:34.813000+00:00,jvm_threads_states_threads,vets-service,10.42.1.123:8080,"{'__name__': 'jvm_threads_states_threads', 'instance': '10.42.1.123:8080', 'job': 'spring-petclinic', 'state': 'waiting'}",14,same_network,3,300
2026-07-24T22:00:34.609954+00:00,2026-07-24T22:00:34.813000+00:00,jvm_threads_states_threads,vets-service,10.42.1.124:8080,"{'__name__': 'jvm_threads_states_threads', 'instance': '10.42.1.124:8080', 'job': 'spring-petclinic', 'state': 'blocked'}",0,same_network,3,300
2026-07-24T22:00:34.609954+00:00,2026-07-24T22:00:34.813000+00:00,jvm_threads_states_threads,vets-service,10.42.1.124:8080,"{'__name__': 'jvm_threads_states_threads', 'instance': '10.42.1.124:8080', 'job': 'spring-petclinic', 'state': 'new'}",0,same_network,3,300
2026-07-24T22:00:34.609954+00:00,2026-07-24T22:00:34.813000+00:00,jvm_threads_states_threads,vets-service,10.42.1.124:8080,"{'__name__': 'jvm_threads_states_threads', 'instance': '10.42.1.124:8080', 'job': 'spring-petclinic', 'state': 'runnable'}",8,same_network,3,300
2026-07-24T22:00:34.609954+00:00,2026-07-24T22:00:34.813000+00:00,jvm_threads_states_threads,vets-service,10.42.1.124:8080,"{'__name__': 'jvm_threads_states_threads', 'instance': '10.42.1.124:8080', 'job': 'spring-petclinic', 'state': 'terminated'}",0,same_network,3,300
2026-07-24T22:00:34.609954+00:00,2026-07-24T22:00:34.813000+00:00,jvm_threads_states_threads,vets-service,10.42.1.124:8080,"{'__name__': 'jvm_threads_states_threads', 'instance': '10.42.1.124:8080', 'job': 'spring-petclinic', 'state': 'timed-waiting'}",25,same_network,3,300
2026-07-24T22:00:34.609954+00:00,2026-07-24T22:00:34.813000+00:00,jvm_threads_states_threads,vets-service,10.42.1.124:8080,"{'__name__': 'jvm_threads_states_threads', 'instance': '10.42.1.124:8080', 'job': 'spring-petclinic', 'state': 'waiting'}",14,same_network,3,300
2026-07-24T22:00:34.609954+00:00,2026-07-24T22:00:34.813000+00:00,jvm_threads_states_threads,visits-service,10.42.1.125:8080,"{'__name__': 'jvm_threads_states_threads', 'instance': '10.42.1.125:8080', 'job': 'spring-petclinic', 'state': 'blocked'}",0,same_network,3,300
2026-07-24T22:00:34.609954+00:00,2026-07-24T22:00:34.813000+00:00,jvm_threads_states_threads,visits-service,10.42.1.125:8080,"{'__name__': 'jvm_threads_states_threads', 'instance': '10.42.1.125:8080', 'job': 'spring-petclinic', 'state': 'new'}",0,same_network,3,300
2026-07-24T22:00:34.609954+00:00,2026-07-24T22:00:34.813000+00:00,jvm_threads_states_threads,visits-service,10.42.1.125:8080,"{'__name__': 'jvm_threads_states_threads', 'instance': '10.42.1.125:8080', 'job': 'spring-petclinic', 'state': 'runnable'}",8,same_network,3,300
2026-07-24T22:00:34.609954+00:00,2026-07-24T22:00:34.813000+00:00,jvm_threads_states_threads,visits-service,10.42.1.125:8080,"{'__name__': 'jvm_threads_states_threads', 'instance': '10.42.1.125:8080', 'job': 'spring-petclinic', 'state': 'terminated'}",0,same_network,3,300
2026-07-24T22:00:34.609954+00:00,2026-07-24T22:00:34.813000+00:00,jvm_threads_states_threads,visits-service,10.42.1.125:8080,"{'__name__': 'jvm_threads_states_threads', 'instance': '10.42.1.125:8080', 'job': 'spring-petclinic', 'state': 'timed-waiting'}",18,same_network,3,300
2026-07-24T22:00:34.609954+00:00,2026-07-24T22:00:34.813000+00:00,jvm_threads_states_threads,visits-service,10.42.1.125:8080,"{'__name__': 'jvm_threads_states_threads', 'instance': '10.42.1.125:8080', 'job': 'spring-petclinic', 'state': 'waiting'}",14,same_network,3,300
2026-07-24T22:00:34.609954+00:00,2026-07-24T22:00:34.813000+00:00,jvm_threads_states_threads,customers-service,10.42.1.126:8080,"{'__name__': 'jvm_threads_states_threads', 'instance': '10.42.1.126:8080', 'job': 'spring-petclinic', 'state': 'blocked'}",0,same_network,3,300
2026-07-24T22:00:34.609954+00:00,2026-07-24T22:00:34.813000+00:00,jvm_threads_states_threads,customers-service,10.42.1.126:8080,"{'__name__': 'jvm_threads_states_threads', 'instance': '10.42.1.126:8080', 'job': 'spring-petclinic', 'state': 'new'}",0,same_network,3,300
2026-07-24T22:00:34.609954+00:00,2026-07-24T22:00:34.813000+00:00,jvm_threads_states_threads,customers-service,10.42.1.126:8080,"{'__name__': 'jvm_threads_states_threads', 'instance': '10.42.1.126:8080', 'job': 'spring-petclinic', 'state': 'runnable'}",8,same_network,3,300
2026-07-24T22:00:34.609954+00:00,2026-07-24T22:00:34.813000+00:00,jvm_threads_states_threads,customers-service,10.42.1.126:8080,"{'__name__': 'jvm_threads_states_threads', 'instance': '10.42.1.126:8080', 'job': 'spring-petclinic', 'state': 'terminated'}",0,same_network,3,300
2026-07-24T22:00:34.609954+00:00,2026-07-24T22:00:34.813000+00:00,jvm_threads_states_threads,customers-service,10.42.1.126:8080,"{'__name__': 'jvm_threads_states_threads', 'instance': '10.42.1.126:8080', 'job': 'spring-petclinic', 'state': 'timed-waiting'}",190,same_network,3,300
2026-07-24T22:00:34.609954+00:00,2026-07-24T22:00:34.813000+00:00,jvm_threads_states_threads,customers-service,10.42.1.126:8080,"{'__name__': 'jvm_threads_states_threads', 'instance': '10.42.1.126:8080', 'job': 'spring-petclinic', 'state': 'waiting'}",14,same_network,3,300
2026-07-24T22:00:34.609954+00:00,2026-07-24T22:00:34.813000+00:00,jvm_threads_states_threads,api-gateway,10.42.1.129:8080,"{'__name__': 'jvm_threads_states_threads', 'instance': '10.42.1.129:8080', 'job': 'spring-petclinic', 'state': 'blocked'}",0,same_network,3,300
2026-07-24T22:00:34.609954+00:00,2026-07-24T22:00:34.813000+00:00,jvm_threads_states_threads,api-gateway,10.42.1.129:8080,"{'__name__': 'jvm_threads_states_threads', 'instance': '10.42.1.129:8080', 'job': 'spring-petclinic', 'state': 'new'}",0,same_network,3,300
2026-07-24T22:00:34.609954+00:00,2026-07-24T22:00:34.813000+00:00,jvm_threads_states_threads,api-gateway,10.42.1.129:8080,"{'__name__': 'jvm_threads_states_threads', 'instance': '10.42.1.129:8080', 'job': 'spring-petclinic', 'state': 'runnable'}",13,same_network,3,300
2026-07-24T22:00:34.609954+00:00,2026-07-24T22:00:34.813000+00:00,jvm_threads_states_threads,api-gateway,10.42.1.129:8080,"{'__name__': 'jvm_threads_states_threads', 'instance': '10.42.1.129:8080', 'job': 'spring-petclinic', 'state': 'terminated'}",0,same_network,3,300
2026-07-24T22:00:34.609954+00:00,2026-07-24T22:00:34.813000+00:00,jvm_threads_states_threads,api-gateway,10.42.1.129:8080,"{'__name__': 'jvm_threads_states_threads', 'instance': '10.42.1.129:8080', 'job': 'spring-petclinic', 'state': 'timed-waiting'}",6,same_network,3,300
2026-07-24T22:00:34.609954+00:00,2026-07-24T22:00:34.813000+00:00,jvm_threads_states_threads,api-gateway,10.42.1.129:8080,"{'__name__': 'jvm_threads_states_threads', 'instance': '10.42.1.129:8080', 'job': 'spring-petclinic', 'state': 'waiting'}",14,same_network,3,300
2026-07-24T22:00:34.609954+00:00,2026-07-24T22:00:34.817000+00:00,logback_events_total,customers-service,10.42.0.186:8080,"{'__name__': 'logback_events_total', 'instance': '10.42.0.186:8080', 'job': 'spring-petclinic', 'level': 'debug'}",1188841,same_network,3,300
2026-07-24T22:00:34.609954+00:00,2026-07-24T22:00:34.817000+00:00,logback_events_total,customers-service,10.42.0.186:8080,"{'__name__': 'logback_events_total', 'instance': '10.42.0.186:8080', 'job': 'spring-petclinic', 'level': 'error'}",27,same_network,3,300
2026-07-24T22:00:34.609954+00:00,2026-07-24T22:00:34.817000+00:00,logback_events_total,customers-service,10.42.0.186:8080,"{'__name__': 'logback_events_total', 'instance': '10.42.0.186:8080', 'job': 'spring-petclinic', 'level': 'info'}",39,same_network,3,300
2026-07-24T22:00:34.609954+00:00,2026-07-24T22:00:34.817000+00:00,logback_events_total,customers-service,10.42.0.186:8080,"{'__name__': 'logback_events_total', 'instance': '10.42.0.186:8080', 'job': 'spring-petclinic', 'level': 'trace'}",0,same_network,3,300
2026-07-24T22:00:34.609954+00:00,2026-07-24T22:00:34.817000+00:00,logback_events_total,customers-service,10.42.0.186:8080,"{'__name__': 'logback_events_total', 'instance': '10.42.0.186:8080', 'job': 'spring-petclinic', 'level': 'warn'}",29,same_network,3,300
2026-07-24T22:00:34.609954+00:00,2026-07-24T22:00:34.817000+00:00,logback_events_total,api-gateway,10.42.0.187:8080,"{'__name__': 'logback_events_total', 'instance': '10.42.0.187:8080', 'job': 'spring-petclinic', 'level': 'debug'}",0,same_network,3,300
2026-07-24T22:00:34.609954+00:00,2026-07-24T22:00:34.817000+00:00,logback_events_total,api-gateway,10.42.0.187:8080,"{'__name__': 'logback_events_total', 'instance': '10.42.0.187:8080', 'job': 'spring-petclinic', 'level': 'error'}",51,same_network,3,300
2026-07-24T22:00:34.609954+00:00,2026-07-24T22:00:34.817000+00:00,logback_events_total,api-gateway,10.42.0.187:8080,"{'__name__': 'logback_events_total', 'instance': '10.42.0.187:8080', 'job': 'spring-petclinic', 'level': 'info'}",32,same_network,3,300
2026-07-24T22:00:34.609954+00:00,2026-07-24T22:00:34.817000+00:00,logback_events_total,api-gateway,10.42.0.187:8080,"{'__name__': 'logback_events_total', 'instance': '10.42.0.187:8080', 'job': 'spring-petclinic', 'level': 'trace'}",0,same_network,3,300
2026-07-24T22:00:34.609954+00:00,2026-07-24T22:00:34.817000+00:00,logback_events_total,api-gateway,10.42.0.187:8080,"{'__name__': 'logback_events_total', 'instance': '10.42.0.187:8080', 'job': 'spring-petclinic', 'level': 'warn'}",9,same_network,3,300
2026-07-24T22:00:34.609954+00:00,2026-07-24T22:00:34.817000+00:00,logback_events_total,visits-service,10.42.1.122:8080,"{'__name__': 'logback_events_total', 'instance': '10.42.1.122:8080', 'job': 'spring-petclinic', 'level': 'debug'}",587519,same_network,3,300
2026-07-24T22:00:34.609954+00:00,2026-07-24T22:00:34.817000+00:00,logback_events_total,visits-service,10.42.1.122:8080,"{'__name__': 'logback_events_total', 'instance': '10.42.1.122:8080', 'job': 'spring-petclinic', 'level': 'error'}",317,same_network,3,300
2026-07-24T22:00:34.609954+00:00,2026-07-24T22:00:34.817000+00:00,logback_events_total,visits-service,10.42.1.122:8080,"{'__name__': 'logback_events_total', 'instance': '10.42.1.122:8080', 'job': 'spring-petclinic', 'level': 'info'}",367,same_network,3,300
2026-07-24T22:00:34.609954+00:00,2026-07-24T22:00:34.817000+00:00,logback_events_total,visits-service,10.42.1.122:8080,"{'__name__': 'logback_events_total', 'instance': '10.42.1.122:8080', 'job': 'spring-petclinic', 'level': 'trace'}",0,same_network,3,300
2026-07-24T22:00:34.609954+00:00,2026-07-24T22:00:34.817000+00:00,logback_events_total,visits-service,10.42.1.122:8080,"{'__name__': 'logback_events_total', 'instance': '10.42.1.122:8080', 'job': 'spring-petclinic', 'level': 'warn'}",16,same_network,3,300
2026-07-24T22:00:34.609954+00:00,2026-07-24T22:00:34.817000+00:00,logback_events_total,vets-service,10.42.1.123:8080,"{'__name__': 'logback_events_total', 'instance': '10.42.1.123:8080', 'job': 'spring-petclinic', 'level': 'debug'}",573537,same_network,3,300
2026-07-24T22:00:34.609954+00:00,2026-07-24T22:00:34.817000+00:00,logback_events_total,vets-service,10.42.1.123:8080,"{'__name__': 'logback_events_total', 'instance': '10.42.1.123:8080', 'job': 'spring-petclinic', 'level': 'error'}",317,same_network,3,300
2026-07-24T22:00:34.609954+00:00,2026-07-24T22:00:34.817000+00:00,logback_events_total,vets-service,10.42.1.123:8080,"{'__name__': 'logback_events_total', 'instance': '10.42.1.123:8080', 'job': 'spring-petclinic', 'level': 'info'}",367,same_network,3,300
2026-07-24T22:00:34.609954+00:00,2026-07-24T22:00:34.817000+00:00,logback_events_total,vets-service,10.42.1.123:8080,"{'__name__': 'logback_events_total', 'instance': '10.42.1.123:8080', 'job': 'spring-petclinic', 'level': 'trace'}",0,same_network,3,300
2026-07-24T22:00:34.609954+00:00,2026-07-24T22:00:34.817000+00:00,logback_events_total,vets-service,10.42.1.123:8080,"{'__name__': 'logback_events_total', 'instance': '10.42.1.123:8080', 'job': 'spring-petclinic', 'level': 'warn'}",15,same_network,3,300
2026-07-24T22:00:34.609954+00:00,2026-07-24T22:00:34.817000+00:00,logback_events_total,vets-service,10.42.1.124:8080,"{'__name__': 'logback_events_total', 'instance': '10.42.1.124:8080', 'job': 'spring-petclinic', 'level': 'debug'}",587507,same_network,3,300
2026-07-24T22:00:34.609954+00:00,2026-07-24T22:00:34.817000+00:00,logback_events_total,vets-service,10.42.1.124:8080,"{'__name__': 'logback_events_total', 'instance': '10.42.1.124:8080', 'job': 'spring-petclinic', 'level': 'error'}",316,same_network,3,300
2026-07-24T22:00:34.609954+00:00,2026-07-24T22:00:34.817000+00:00,logback_events_total,vets-service,10.42.1.124:8080,"{'__name__': 'logback_events_total', 'instance': '10.42.1.124:8080', 'job': 'spring-petclinic', 'level': 'info'}",366,same_network,3,300
2026-07-24T22:00:34.609954+00:00,2026-07-24T22:00:34.817000+00:00,logback_events_total,vets-service,10.42.1.124:8080,"{'__name__': 'logback_events_total', 'instance': '10.42.1.124:8080', 'job': 'spring-petclinic', 'level': 'trace'}",0,same_network,3,300
2026-07-24T22:00:34.609954+00:00,2026-07-24T22:00:34.817000+00:00,logback_events_total,vets-service,10.42.1.124:8080,"{'__name__': 'logback_events_total', 'instance': '10.42.1.124:8080', 'job': 'spring-petclinic', 'level': 'warn'}",15,same_network,3,300
2026-07-24T22:00:34.609954+00:00,2026-07-24T22:00:34.817000+00:00,logback_events_total,visits-service,10.42.1.125:8080,"{'__name__': 'logback_events_total', 'instance': '10.42.1.125:8080', 'job': 'spring-petclinic', 'level': 'debug'}",575563,same_network,3,300
2026-07-24T22:00:34.609954+00:00,2026-07-24T22:00:34.817000+00:00,logback_events_total,visits-service,10.42.1.125:8080,"{'__name__': 'logback_events_total', 'instance': '10.42.1.125:8080', 'job': 'spring-petclinic', 'level': 'error'}",315,same_network,3,300
2026-07-24T22:00:34.609954+00:00,2026-07-24T22:00:34.817000+00:00,logback_events_total,visits-service,10.42.1.125:8080,"{'__name__': 'logback_events_total', 'instance': '10.42.1.125:8080', 'job': 'spring-petclinic', 'level': 'info'}",365,same_network,3,300
2026-07-24T22:00:34.609954+00:00,2026-07-24T22:00:34.817000+00:00,logback_events_total,visits-service,10.42.1.125:8080,"{'__name__': 'logback_events_total', 'instance': '10.42.1.125:8080', 'job': 'spring-petclinic', 'level': 'trace'}",0,same_network,3,300
2026-07-24T22:00:34.609954+00:00,2026-07-24T22:00:34.817000+00:00,logback_events_total,visits-service,10.42.1.125:8080,"{'__name__': 'logback_events_total', 'instance': '10.42.1.125:8080', 'job': 'spring-petclinic', 'level': 'warn'}",15,same_network,3,300
2026-07-24T22:00:34.609954+00:00,2026-07-24T22:00:34.817000+00:00,logback_events_total,customers-service,10.42.1.126:8080,"{'__name__': 'logback_events_total', 'instance': '10.42.1.126:8080', 'job': 'spring-petclinic', 'level': 'debug'}",1142649,same_network,3,300
2026-07-24T22:00:34.609954+00:00,2026-07-24T22:00:34.817000+00:00,logback_events_total,customers-service,10.42.1.126:8080,"{'__name__': 'logback_events_total', 'instance': '10.42.1.126:8080', 'job': 'spring-petclinic', 'level': 'error'}",316,same_network,3,300
2026-07-24T22:00:34.609954+00:00,2026-07-24T22:00:34.817000+00:00,logback_events_total,customers-service,10.42.1.126:8080,"{'__name__': 'logback_events_total', 'instance': '10.42.1.126:8080', 'job': 'spring-petclinic', 'level': 'info'}",366,same_network,3,300
2026-07-24T22:00:34.609954+00:00,2026-07-24T22:00:34.817000+00:00,logback_events_total,customers-service,10.42.1.126:8080,"{'__name__': 'logback_events_total', 'instance': '10.42.1.126:8080', 'job': 'spring-petclinic', 'level': 'trace'}",0,same_network,3,300
2026-07-24T22:00:34.609954+00:00,2026-07-24T22:00:34.817000+00:00,logback_events_total,customers-service,10.42.1.126:8080,"{'__name__': 'logback_events_total', 'instance': '10.42.1.126:8080', 'job': 'spring-petclinic', 'level': 'warn'}",15,same_network,3,300
2026-07-24T22:00:34.609954+00:00,2026-07-24T22:00:34.817000+00:00,logback_events_total,api-gateway,10.42.1.129:8080,"{'__name__': 'logback_events_total', 'instance': '10.42.1.129:8080', 'job': 'spring-petclinic', 'level': 'debug'}",0,same_network,3,300
2026-07-24T22:00:34.609954+00:00,2026-07-24T22:00:34.817000+00:00,logback_events_total,api-gateway,10.42.1.129:8080,"{'__name__': 'logback_events_total', 'instance': '10.42.1.129:8080', 'job': 'spring-petclinic', 'level': 'error'}",0,same_network,3,300
2026-07-24T22:00:34.609954+00:00,2026-07-24T22:00:34.817000+00:00,logback_events_total,api-gateway,10.42.1.129:8080,"{'__name__': 'logback_events_total', 'instance': '10.42.1.129:8080', 'job': 'spring-petclinic', 'level': 'info'}",32,same_network,3,300
2026-07-24T22:00:34.609954+00:00,2026-07-24T22:00:34.817000+00:00,logback_events_total,api-gateway,10.42.1.129:8080,"{'__name__': 'logback_events_total', 'instance': '10.42.1.129:8080', 'job': 'spring-petclinic', 'level': 'trace'}",0,same_network,3,300
2026-07-24T22:00:34.609954+00:00,2026-07-24T22:00:34.817000+00:00,logback_events_total,api-gateway,10.42.1.129:8080,"{'__name__': 'logback_events_total', 'instance': '10.42.1.129:8080', 'job': 'spring-petclinic', 'level': 'warn'}",6,same_network,3,300
2026-07-24T22:00:34.609954+00:00,2026-07-24T22:00:34.822000+00:00,process_files_open_files,customers-service,10.42.0.186:8080,"{'__name__': 'process_files_open_files', 'instance': '10.42.0.186:8080', 'job': 'spring-petclinic'}",217,same_network,3,300
2026-07-24T22:00:34.609954+00:00,2026-07-24T22:00:34.822000+00:00,process_files_open_files,api-gateway,10.42.0.187:8080,"{'__name__': 'process_files_open_files', 'instance': '10.42.0.187:8080', 'job': 'spring-petclinic'}",45,same_network,3,300
2026-07-24T22:00:34.609954+00:00,2026-07-24T22:00:34.822000+00:00,process_files_open_files,visits-service,10.42.1.122:8080,"{'__name__': 'process_files_open_files', 'instance': '10.42.1.122:8080', 'job': 'spring-petclinic'}",25,same_network,3,300
2026-07-24T22:00:34.609954+00:00,2026-07-24T22:00:34.822000+00:00,process_files_open_files,vets-service,10.42.1.123:8080,"{'__name__': 'process_files_open_files', 'instance': '10.42.1.123:8080', 'job': 'spring-petclinic'}",104,same_network,3,300
2026-07-24T22:00:34.609954+00:00,2026-07-24T22:00:34.822000+00:00,process_files_open_files,vets-service,10.42.1.124:8080,"{'__name__': 'process_files_open_files', 'instance': '10.42.1.124:8080', 'job': 'spring-petclinic'}",25,same_network,3,300
2026-07-24T22:00:34.609954+00:00,2026-07-24T22:00:34.822000+00:00,process_files_open_files,visits-service,10.42.1.125:8080,"{'__name__': 'process_files_open_files', 'instance': '10.42.1.125:8080', 'job': 'spring-petclinic'}",31,same_network,3,300
2026-07-24T22:00:34.609954+00:00,2026-07-24T22:00:34.822000+00:00,process_files_open_files,customers-service,10.42.1.126:8080,"{'__name__': 'process_files_open_files', 'instance': '10.42.1.126:8080', 'job': 'spring-petclinic'}",201,same_network,3,300
2026-07-24T22:00:34.609954+00:00,2026-07-24T22:00:34.822000+00:00,process_files_open_files,api-gateway,10.42.1.129:8080,"{'__name__': 'process_files_open_files', 'instance': '10.42.1.129:8080', 'job': 'spring-petclinic'}",38,same_network,3,300
2026-07-24T22:00:34.609954+00:00,2026-07-24T22:00:34.825000+00:00,up,customers-service,10.42.0.186:8080,"{'__name__': 'up', 'instance': '10.42.0.186:8080', 'job': 'spring-petclinic'}",1,same_network,3,300
2026-07-24T22:00:34.609954+00:00,2026-07-24T22:00:34.825000+00:00,up,api-gateway,10.42.0.187:8080,"{'__name__': 'up', 'instance': '10.42.0.187:8080', 'job': 'spring-petclinic'}",1,same_network,3,300
2026-07-24T22:00:34.609954+00:00,2026-07-24T22:00:34.825000+00:00,up,visits-service,10.42.1.122:8080,"{'__name__': 'up', 'instance': '10.42.1.122:8080', 'job': 'spring-petclinic'}",1,same_network,3,300
2026-07-24T22:00:34.609954+00:00,2026-07-24T22:00:34.825000+00:00,up,vets-service,10.42.1.123:8080,"{'__name__': 'up', 'instance': '10.42.1.123:8080', 'job': 'spring-petclinic'}",1,same_network,3,300
2026-07-24T22:00:34.609954+00:00,2026-07-24T22:00:34.825000+00:00,up,vets-service,10.42.1.124:8080,"{'__name__': 'up', 'instance': '10.42.1.124:8080', 'job': 'spring-petclinic'}",1,same_network,3,300
2026-07-24T22:00:34.609954+00:00,2026-07-24T22:00:34.825000+00:00,up,visits-service,10.42.1.125:8080,"{'__name__': 'up', 'instance': '10.42.1.125:8080', 'job': 'spring-petclinic'}",1,same_network,3,300
2026-07-24T22:00:34.609954+00:00,2026-07-24T22:00:34.825000+00:00,up,customers-service,10.42.1.126:8080,"{'__name__': 'up', 'instance': '10.42.1.126:8080', 'job': 'spring-petclinic'}",1,same_network,3,300
2026-07-24T22:00:34.609954+00:00,2026-07-24T22:00:34.825000+00:00,up,api-gateway,10.42.1.129:8080,"{'__name__': 'up', 'instance': '10.42.1.129:8080', 'job': 'spring-petclinic'}",1,same_network,3,300
2026-07-24T22:00:34.609954+00:00,2026-07-24T22:00:34.828000+00:00,zipkin_reporter_messages_bytes_total,customers-service,10.42.0.186:8080,"{'__name__': 'zipkin_reporter_messages_bytes_total', 'instance': '10.42.0.186:8080', 'job': 'spring-petclinic'}",594830954,same_network,3,300
2026-07-24T22:00:34.609954+00:00,2026-07-24T22:00:34.828000+00:00,zipkin_reporter_messages_bytes_total,api-gateway,10.42.0.187:8080,"{'__name__': 'zipkin_reporter_messages_bytes_total', 'instance': '10.42.0.187:8080', 'job': 'spring-petclinic'}",1350908237,same_network,3,300
2026-07-24T22:00:34.609954+00:00,2026-07-24T22:00:34.828000+00:00,zipkin_reporter_messages_bytes_total,visits-service,10.42.1.122:8080,"{'__name__': 'zipkin_reporter_messages_bytes_total', 'instance': '10.42.1.122:8080', 'job': 'spring-petclinic'}",134847116,same_network,3,300
2026-07-24T22:00:34.609954+00:00,2026-07-24T22:00:34.828000+00:00,zipkin_reporter_messages_bytes_total,vets-service,10.42.1.123:8080,"{'__name__': 'zipkin_reporter_messages_bytes_total', 'instance': '10.42.1.123:8080', 'job': 'spring-petclinic'}",282271468,same_network,3,300
2026-07-24T22:00:34.609954+00:00,2026-07-24T22:00:34.828000+00:00,zipkin_reporter_messages_bytes_total,vets-service,10.42.1.124:8080,"{'__name__': 'zipkin_reporter_messages_bytes_total', 'instance': '10.42.1.124:8080', 'job': 'spring-petclinic'}",289237618,same_network,3,300
2026-07-24T22:00:34.609954+00:00,2026-07-24T22:00:34.828000+00:00,zipkin_reporter_messages_bytes_total,visits-service,10.42.1.125:8080,"{'__name__': 'zipkin_reporter_messages_bytes_total', 'instance': '10.42.1.125:8080', 'job': 'spring-petclinic'}",132094874,same_network,3,300
2026-07-24T22:00:34.609954+00:00,2026-07-24T22:00:34.828000+00:00,zipkin_reporter_messages_bytes_total,customers-service,10.42.1.126:8080,"{'__name__': 'zipkin_reporter_messages_bytes_total', 'instance': '10.42.1.126:8080', 'job': 'spring-petclinic'}",571195644,same_network,3,300
2026-07-24T22:00:34.609954+00:00,2026-07-24T22:00:34.828000+00:00,zipkin_reporter_messages_bytes_total,api-gateway,10.42.1.129:8080,"{'__name__': 'zipkin_reporter_messages_bytes_total', 'instance': '10.42.1.129:8080', 'job': 'spring-petclinic'}",0,same_network,3,300
2026-07-24T22:00:34.609954+00:00,2026-07-24T22:00:34.831000+00:00,zipkin_reporter_messages_dropped_total,customers-service,10.42.0.186:8080,"{'__name__': 'zipkin_reporter_messages_dropped_total', 'cause': 'ResourceAccessException', 'instance': '10.42.0.186:8080', 'job': 'spring-petclinic'}",81,same_network,3,300
2026-07-24T22:00:34.609954+00:00,2026-07-24T22:00:34.831000+00:00,zipkin_reporter_messages_dropped_total,api-gateway,10.42.0.187:8080,"{'__name__': 'zipkin_reporter_messages_dropped_total', 'cause': 'ResourceAccessException', 'instance': '10.42.0.187:8080', 'job': 'spring-petclinic'}",96,same_network,3,300
2026-07-24T22:00:34.609954+00:00,2026-07-24T22:00:34.831000+00:00,zipkin_reporter_messages_dropped_total,visits-service,10.42.1.122:8080,"{'__name__': 'zipkin_reporter_messages_dropped_total', 'cause': 'ResourceAccessException', 'instance': '10.42.1.122:8080', 'job': 'spring-petclinic'}",95,same_network,3,300
2026-07-24T22:00:34.609954+00:00,2026-07-24T22:00:34.831000+00:00,zipkin_reporter_messages_dropped_total,vets-service,10.42.1.123:8080,"{'__name__': 'zipkin_reporter_messages_dropped_total', 'cause': 'ResourceAccessException', 'instance': '10.42.1.123:8080', 'job': 'spring-petclinic'}",94,same_network,3,300
2026-07-24T22:00:34.609954+00:00,2026-07-24T22:00:34.831000+00:00,zipkin_reporter_messages_dropped_total,vets-service,10.42.1.124:8080,"{'__name__': 'zipkin_reporter_messages_dropped_total', 'cause': 'ResourceAccessException', 'instance': '10.42.1.124:8080', 'job': 'spring-petclinic'}",88,same_network,3,300
2026-07-24T22:00:34.609954+00:00,2026-07-24T22:00:34.831000+00:00,zipkin_reporter_messages_dropped_total,visits-service,10.42.1.125:8080,"{'__name__': 'zipkin_reporter_messages_dropped_total', 'cause': 'ResourceAccessException', 'instance': '10.42.1.125:8080', 'job': 'spring-petclinic'}",91,same_network,3,300
2026-07-24T22:00:34.609954+00:00,2026-07-24T22:00:34.831000+00:00,zipkin_reporter_messages_dropped_total,customers-service,10.42.1.126:8080,"{'__name__': 'zipkin_reporter_messages_dropped_total', 'cause': 'ResourceAccessException', 'instance': '10.42.1.126:8080', 'job': 'spring-petclinic'}",97,same_network,3,300
2026-07-24T22:00:34.609954+00:00,2026-07-24T22:00:34.835000+00:00,zipkin_reporter_messages_total,customers-service,10.42.0.186:8080,"{'__name__': 'zipkin_reporter_messages_total', 'instance': '10.42.0.186:8080', 'job': 'spring-petclinic'}",9484,same_network,3,300
2026-07-24T22:00:34.609954+00:00,2026-07-24T22:00:34.835000+00:00,zipkin_reporter_messages_total,api-gateway,10.42.0.187:8080,"{'__name__': 'zipkin_reporter_messages_total', 'instance': '10.42.0.187:8080', 'job': 'spring-petclinic'}",9480,same_network,3,300
2026-07-24T22:00:34.609954+00:00,2026-07-24T22:00:34.835000+00:00,zipkin_reporter_messages_total,visits-service,10.42.1.122:8080,"{'__name__': 'zipkin_reporter_messages_total', 'instance': '10.42.1.122:8080', 'job': 'spring-petclinic'}",9652,same_network,3,300
2026-07-24T22:00:34.609954+00:00,2026-07-24T22:00:34.835000+00:00,zipkin_reporter_messages_total,vets-service,10.42.1.123:8080,"{'__name__': 'zipkin_reporter_messages_total', 'instance': '10.42.1.123:8080', 'job': 'spring-petclinic'}",9690,same_network,3,300
2026-07-24T22:00:34.609954+00:00,2026-07-24T22:00:34.835000+00:00,zipkin_reporter_messages_total,vets-service,10.42.1.124:8080,"{'__name__': 'zipkin_reporter_messages_total', 'instance': '10.42.1.124:8080', 'job': 'spring-petclinic'}",9689,same_network,3,300
2026-07-24T22:00:34.609954+00:00,2026-07-24T22:00:34.835000+00:00,zipkin_reporter_messages_total,visits-service,10.42.1.125:8080,"{'__name__': 'zipkin_reporter_messages_total', 'instance': '10.42.1.125:8080', 'job': 'spring-petclinic'}",9511,same_network,3,300
2026-07-24T22:00:34.609954+00:00,2026-07-24T22:00:34.835000+00:00,zipkin_reporter_messages_total,customers-service,10.42.1.126:8080,"{'__name__': 'zipkin_reporter_messages_total', 'instance': '10.42.1.126:8080', 'job': 'spring-petclinic'}",9615,same_network,3,300
2026-07-24T22:00:34.609954+00:00,2026-07-24T22:00:34.835000+00:00,zipkin_reporter_messages_total,api-gateway,10.42.1.129:8080,"{'__name__': 'zipkin_reporter_messages_total', 'instance': '10.42.1.129:8080', 'job': 'spring-petclinic'}",0,same_network,3,300
2026-07-24T22:00:34.609954+00:00,2026-07-24T22:00:34.838000+00:00,zipkin_reporter_queue_bytes,customers-service,10.42.0.186:8080,"{'__name__': 'zipkin_reporter_queue_bytes', 'instance': '10.42.0.186:8080', 'job': 'spring-petclinic'}",0,same_network,3,300
2026-07-24T22:00:34.609954+00:00,2026-07-24T22:00:34.838000+00:00,zipkin_reporter_queue_bytes,api-gateway,10.42.0.187:8080,"{'__name__': 'zipkin_reporter_queue_bytes', 'instance': '10.42.0.187:8080', 'job': 'spring-petclinic'}",0,same_network,3,300
2026-07-24T22:00:34.609954+00:00,2026-07-24T22:00:34.838000+00:00,zipkin_reporter_queue_bytes,visits-service,10.42.1.122:8080,"{'__name__': 'zipkin_reporter_queue_bytes', 'instance': '10.42.1.122:8080', 'job': 'spring-petclinic'}",0,same_network,3,300
2026-07-24T22:00:34.609954+00:00,2026-07-24T22:00:34.838000+00:00,zipkin_reporter_queue_bytes,vets-service,10.42.1.123:8080,"{'__name__': 'zipkin_reporter_queue_bytes', 'instance': '10.42.1.123:8080', 'job': 'spring-petclinic'}",0,same_network,3,300
2026-07-24T22:00:34.609954+00:00,2026-07-24T22:00:34.838000+00:00,zipkin_reporter_queue_bytes,vets-service,10.42.1.124:8080,"{'__name__': 'zipkin_reporter_queue_bytes', 'instance': '10.42.1.124:8080', 'job': 'spring-petclinic'}",0,same_network,3,300
2026-07-24T22:00:34.609954+00:00,2026-07-24T22:00:34.838000+00:00,zipkin_reporter_queue_bytes,visits-service,10.42.1.125:8080,"{'__name__': 'zipkin_reporter_queue_bytes', 'instance': '10.42.1.125:8080', 'job': 'spring-petclinic'}",0,same_network,3,300
2026-07-24T22:00:34.609954+00:00,2026-07-24T22:00:34.838000+00:00,zipkin_reporter_queue_bytes,customers-service,10.42.1.126:8080,"{'__name__': 'zipkin_reporter_queue_bytes', 'instance': '10.42.1.126:8080', 'job': 'spring-petclinic'}",0,same_network,3,300
2026-07-24T22:00:34.609954+00:00,2026-07-24T22:00:34.838000+00:00,zipkin_reporter_queue_bytes,api-gateway,10.42.1.129:8080,"{'__name__': 'zipkin_reporter_queue_bytes', 'instance': '10.42.1.129:8080', 'job': 'spring-petclinic'}",0,same_network,3,300
2026-07-24T22:00:34.609954+00:00,2026-07-24T22:00:34.841000+00:00,zipkin_reporter_queue_spans,customers-service,10.42.0.186:8080,"{'__name__': 'zipkin_reporter_queue_spans', 'instance': '10.42.0.186:8080', 'job': 'spring-petclinic'}",0,same_network,3,300
2026-07-24T22:00:34.609954+00:00,2026-07-24T22:00:34.841000+00:00,zipkin_reporter_queue_spans,api-gateway,10.42.0.187:8080,"{'__name__': 'zipkin_reporter_queue_spans', 'instance': '10.42.0.187:8080', 'job': 'spring-petclinic'}",0,same_network,3,300
2026-07-24T22:00:34.609954+00:00,2026-07-24T22:00:34.841000+00:00,zipkin_reporter_queue_spans,visits-service,10.42.1.122:8080,"{'__name__': 'zipkin_reporter_queue_spans', 'instance': '10.42.1.122:8080', 'job': 'spring-petclinic'}",0,same_network,3,300
2026-07-24T22:00:34.609954+00:00,2026-07-24T22:00:34.841000+00:00,zipkin_reporter_queue_spans,vets-service,10.42.1.123:8080,"{'__name__': 'zipkin_reporter_queue_spans', 'instance': '10.42.1.123:8080', 'job': 'spring-petclinic'}",0,same_network,3,300
2026-07-24T22:00:34.609954+00:00,2026-07-24T22:00:34.841000+00:00,zipkin_reporter_queue_spans,vets-service,10.42.1.124:8080,"{'__name__': 'zipkin_reporter_queue_spans', 'instance': '10.42.1.124:8080', 'job': 'spring-petclinic'}",0,same_network,3,300
2026-07-24T22:00:34.609954+00:00,2026-07-24T22:00:34.841000+00:00,zipkin_reporter_queue_spans,visits-service,10.42.1.125:8080,"{'__name__': 'zipkin_reporter_queue_spans', 'instance': '10.42.1.125:8080', 'job': 'spring-petclinic'}",0,same_network,3,300
2026-07-24T22:00:34.609954+00:00,2026-07-24T22:00:34.841000+00:00,zipkin_reporter_queue_spans,customers-service,10.42.1.126:8080,"{'__name__': 'zipkin_reporter_queue_spans', 'instance': '10.42.1.126:8080', 'job': 'spring-petclinic'}",0,same_network,3,300
2026-07-24T22:00:34.609954+00:00,2026-07-24T22:00:34.841000+00:00,zipkin_reporter_queue_spans,api-gateway,10.42.1.129:8080,"{'__name__': 'zipkin_reporter_queue_spans', 'instance': '10.42.1.129:8080', 'job': 'spring-petclinic'}",0,same_network,3,300
2026-07-24T22:00:34.609954+00:00,2026-07-24T22:00:34.844000+00:00,zipkin_reporter_spans_bytes_total,customers-service,10.42.0.186:8080,"{'__name__': 'zipkin_reporter_spans_bytes_total', 'instance': '10.42.0.186:8080', 'job': 'spring-petclinic'}",593637310,same_network,3,300
2026-07-24T22:00:34.609954+00:00,2026-07-24T22:00:34.844000+00:00,zipkin_reporter_spans_bytes_total,api-gateway,10.42.0.187:8080,"{'__name__': 'zipkin_reporter_spans_bytes_total', 'instance': '10.42.0.187:8080', 'job': 'spring-petclinic'}",1348629329,same_network,3,300
2026-07-24T22:00:34.609954+00:00,2026-07-24T22:00:34.844000+00:00,zipkin_reporter_spans_bytes_total,visits-service,10.42.1.122:8080,"{'__name__': 'zipkin_reporter_spans_bytes_total', 'instance': '10.42.1.122:8080', 'job': 'spring-petclinic'}",134546515,same_network,3,300
2026-07-24T22:00:34.609954+00:00,2026-07-24T22:00:34.844000+00:00,zipkin_reporter_spans_bytes_total,vets-service,10.42.1.123:8080,"{'__name__': 'zipkin_reporter_spans_bytes_total', 'instance': '10.42.1.123:8080', 'job': 'spring-petclinic'}",281693864,same_network,3,300
2026-07-24T22:00:34.609954+00:00,2026-07-24T22:00:34.844000+00:00,zipkin_reporter_spans_bytes_total,vets-service,10.42.1.124:8080,"{'__name__': 'zipkin_reporter_spans_bytes_total', 'instance': '10.42.1.124:8080', 'job': 'spring-petclinic'}",288646001,same_network,3,300
2026-07-24T22:00:34.609954+00:00,2026-07-24T22:00:34.844000+00:00,zipkin_reporter_spans_bytes_total,visits-service,10.42.1.125:8080,"{'__name__': 'zipkin_reporter_spans_bytes_total', 'instance': '10.42.1.125:8080', 'job': 'spring-petclinic'}",131800367,same_network,3,300
2026-07-24T22:00:34.609954+00:00,2026-07-24T22:00:34.844000+00:00,zipkin_reporter_spans_bytes_total,customers-service,10.42.1.126:8080,"{'__name__': 'zipkin_reporter_spans_bytes_total', 'instance': '10.42.1.126:8080', 'job': 'spring-petclinic'}",570048923,same_network,3,300
2026-07-24T22:00:34.609954+00:00,2026-07-24T22:00:34.844000+00:00,zipkin_reporter_spans_bytes_total,api-gateway,10.42.1.129:8080,"{'__name__': 'zipkin_reporter_spans_bytes_total', 'instance': '10.42.1.129:8080', 'job': 'spring-petclinic'}",0,same_network,3,300
2026-07-24T22:00:34.609954+00:00,2026-07-24T22:00:34.848000+00:00,zipkin_reporter_spans_dropped_total,customers-service,10.42.0.186:8080,"{'__name__': 'zipkin_reporter_spans_dropped_total', 'instance': '10.42.0.186:8080', 'job': 'spring-petclinic'}",12777,same_network,3,300
2026-07-24T22:00:34.609954+00:00,2026-07-24T22:00:34.848000+00:00,zipkin_reporter_spans_dropped_total,api-gateway,10.42.0.187:8080,"{'__name__': 'zipkin_reporter_spans_dropped_total', 'instance': '10.42.0.187:8080', 'job': 'spring-petclinic'}",64134,same_network,3,300
2026-07-24T22:00:34.609954+00:00,2026-07-24T22:00:34.848000+00:00,zipkin_reporter_spans_dropped_total,visits-service,10.42.1.122:8080,"{'__name__': 'zipkin_reporter_spans_dropped_total', 'instance': '10.42.1.122:8080', 'job': 'spring-petclinic'}",3374,same_network,3,300
2026-07-24T22:00:34.609954+00:00,2026-07-24T22:00:34.848000+00:00,zipkin_reporter_spans_dropped_total,vets-service,10.42.1.123:8080,"{'__name__': 'zipkin_reporter_spans_dropped_total', 'instance': '10.42.1.123:8080', 'job': 'spring-petclinic'}",6497,same_network,3,300
2026-07-24T22:00:34.609954+00:00,2026-07-24T22:00:34.848000+00:00,zipkin_reporter_spans_dropped_total,vets-service,10.42.1.124:8080,"{'__name__': 'zipkin_reporter_spans_dropped_total', 'instance': '10.42.1.124:8080', 'job': 'spring-petclinic'}",6570,same_network,3,300
2026-07-24T22:00:34.609954+00:00,2026-07-24T22:00:34.848000+00:00,zipkin_reporter_spans_dropped_total,visits-service,10.42.1.125:8080,"{'__name__': 'zipkin_reporter_spans_dropped_total', 'instance': '10.42.1.125:8080', 'job': 'spring-petclinic'}",3453,same_network,3,300
2026-07-24T22:00:34.609954+00:00,2026-07-24T22:00:34.848000+00:00,zipkin_reporter_spans_dropped_total,customers-service,10.42.1.126:8080,"{'__name__': 'zipkin_reporter_spans_dropped_total', 'instance': '10.42.1.126:8080', 'job': 'spring-petclinic'}",14592,same_network,3,300
2026-07-24T22:00:34.609954+00:00,2026-07-24T22:00:34.848000+00:00,zipkin_reporter_spans_dropped_total,api-gateway,10.42.1.129:8080,"{'__name__': 'zipkin_reporter_spans_dropped_total', 'instance': '10.42.1.129:8080', 'job': 'spring-petclinic'}",0,same_network,3,300
2026-07-24T22:00:34.609954+00:00,2026-07-24T22:00:34.852000+00:00,zipkin_reporter_spans_total,customers-service,10.42.0.186:8080,"{'__name__': 'zipkin_reporter_spans_total', 'instance': '10.42.0.186:8080', 'job': 'spring-petclinic'}",1184160,same_network,3,300
2026-07-24T22:00:34.609954+00:00,2026-07-24T22:00:34.852000+00:00,zipkin_reporter_spans_total,api-gateway,10.42.0.187:8080,"{'__name__': 'zipkin_reporter_spans_total', 'instance': '10.42.0.187:8080', 'job': 'spring-petclinic'}",4534953,same_network,3,300
2026-07-24T22:00:34.609954+00:00,2026-07-24T22:00:34.852000+00:00,zipkin_reporter_spans_total,visits-service,10.42.1.122:8080,"{'__name__': 'zipkin_reporter_spans_total', 'instance': '10.42.1.122:8080', 'job': 'spring-petclinic'}",290949,same_network,3,300
2026-07-24T22:00:34.609954+00:00,2026-07-24T22:00:34.852000+00:00,zipkin_reporter_spans_total,vets-service,10.42.1.123:8080,"{'__name__': 'zipkin_reporter_spans_total', 'instance': '10.42.1.123:8080', 'job': 'spring-petclinic'}",567914,same_network,3,300
2026-07-24T22:00:34.609954+00:00,2026-07-24T22:00:34.852000+00:00,zipkin_reporter_spans_total,vets-service,10.42.1.124:8080,"{'__name__': 'zipkin_reporter_spans_total', 'instance': '10.42.1.124:8080', 'job': 'spring-petclinic'}",581928,same_network,3,300
2026-07-24T22:00:34.609954+00:00,2026-07-24T22:00:34.852000+00:00,zipkin_reporter_spans_total,visits-service,10.42.1.125:8080,"{'__name__': 'zipkin_reporter_spans_total', 'instance': '10.42.1.125:8080', 'job': 'spring-petclinic'}",284996,same_network,3,300
2026-07-24T22:00:34.609954+00:00,2026-07-24T22:00:34.852000+00:00,zipkin_reporter_spans_total,customers-service,10.42.1.126:8080,"{'__name__': 'zipkin_reporter_spans_total', 'instance': '10.42.1.126:8080', 'job': 'spring-petclinic'}",1137106,same_network,3,300
2026-07-24T22:00:34.609954+00:00,2026-07-24T22:00:34.852000+00:00,zipkin_reporter_spans_total,api-gateway,10.42.1.129:8080,"{'__name__': 'zipkin_reporter_spans_total', 'instance': '10.42.1.129:8080', 'job': 'spring-petclinic'}",0,same_network,3,300
2026-07-24T22:01:37.824438+00:00,2026-07-24T22:01:37.836000+00:00,process_cpu_usage,customers-service,10.42.0.186:8080,"{'__name__': 'process_cpu_usage', 'instance': '10.42.0.186:8080', 'job': 'spring-petclinic'}",0.06802663024923182,same_network,3,300
2026-07-24T22:01:37.824438+00:00,2026-07-24T22:01:37.836000+00:00,process_cpu_usage,api-gateway,10.42.0.187:8080,"{'__name__': 'process_cpu_usage', 'instance': '10.42.0.187:8080', 'job': 'spring-petclinic'}",0.13302167445813853,same_network,3,300
2026-07-24T22:01:37.824438+00:00,2026-07-24T22:01:37.836000+00:00,process_cpu_usage,visits-service,10.42.1.122:8080,"{'__name__': 'process_cpu_usage', 'instance': '10.42.1.122:8080', 'job': 'spring-petclinic'}",0.008754103486009067,same_network,3,300
2026-07-24T22:01:37.824438+00:00,2026-07-24T22:01:37.836000+00:00,process_cpu_usage,vets-service,10.42.1.123:8080,"{'__name__': 'process_cpu_usage', 'instance': '10.42.1.123:8080', 'job': 'spring-petclinic'}",0.03456383729132377,same_network,3,300
2026-07-24T22:01:37.824438+00:00,2026-07-24T22:01:37.836000+00:00,process_cpu_usage,vets-service,10.42.1.124:8080,"{'__name__': 'process_cpu_usage', 'instance': '10.42.1.124:8080', 'job': 'spring-petclinic'}",0.020165419456478928,same_network,3,300
2026-07-24T22:01:37.824438+00:00,2026-07-24T22:01:37.836000+00:00,process_cpu_usage,visits-service,10.42.1.125:8080,"{'__name__': 'process_cpu_usage', 'instance': '10.42.1.125:8080', 'job': 'spring-petclinic'}",0.013359375,same_network,3,300
2026-07-24T22:01:37.824438+00:00,2026-07-24T22:01:37.836000+00:00,process_cpu_usage,customers-service,10.42.1.126:8080,"{'__name__': 'process_cpu_usage', 'instance': '10.42.1.126:8080', 'job': 'spring-petclinic'}",0.040519399249061325,same_network,3,300
2026-07-24T22:01:37.824438+00:00,2026-07-24T22:01:37.836000+00:00,process_cpu_usage,api-gateway,10.42.1.129:8080,"{'__name__': 'process_cpu_usage', 'instance': '10.42.1.129:8080', 'job': 'spring-petclinic'}",0.0050920485703094395,same_network,3,300
2026-07-24T22:01:37.824438+00:00,2026-07-24T22:01:37.840000+00:00,system_cpu_usage,customers-service,10.42.0.186:8080,"{'__name__': 'system_cpu_usage', 'instance': '10.42.0.186:8080', 'job': 'spring-petclinic'}",0.06796003926925047,same_network,3,300
2026-07-24T22:01:37.824438+00:00,2026-07-24T22:01:37.840000+00:00,system_cpu_usage,api-gateway,10.42.0.187:8080,"{'__name__': 'system_cpu_usage', 'instance': '10.42.0.187:8080', 'job': 'spring-petclinic'}",0.13308668083297917,same_network,3,300
2026-07-24T22:01:37.824438+00:00,2026-07-24T22:01:37.840000+00:00,system_cpu_usage,visits-service,10.42.1.122:8080,"{'__name__': 'system_cpu_usage', 'instance': '10.42.1.122:8080', 'job': 'spring-petclinic'}",0.00871722604345787,same_network,3,300
2026-07-24T22:01:37.824438+00:00,2026-07-24T22:01:37.840000+00:00,system_cpu_usage,vets-service,10.42.1.123:8080,"{'__name__': 'system_cpu_usage', 'instance': '10.42.1.123:8080', 'job': 'spring-petclinic'}",0.03467519633200094,same_network,3,300
2026-07-24T22:01:37.824438+00:00,2026-07-24T22:01:37.840000+00:00,system_cpu_usage,vets-service,10.42.1.124:8080,"{'__name__': 'system_cpu_usage', 'instance': '10.42.1.124:8080', 'job': 'spring-petclinic'}",0.02026068042211372,same_network,3,300
2026-07-24T22:01:37.824438+00:00,2026-07-24T22:01:37.840000+00:00,system_cpu_usage,visits-service,10.42.1.125:8080,"{'__name__': 'system_cpu_usage', 'instance': '10.42.1.125:8080', 'job': 'spring-petclinic'}",0.013429498515856897,same_network,3,300
2026-07-24T22:01:37.824438+00:00,2026-07-24T22:01:37.840000+00:00,system_cpu_usage,customers-service,10.42.1.126:8080,"{'__name__': 'system_cpu_usage', 'instance': '10.42.1.126:8080', 'job': 'spring-petclinic'}",0.04047819475948377,same_network,3,300
2026-07-24T22:01:37.824438+00:00,2026-07-24T22:01:37.840000+00:00,system_cpu_usage,api-gateway,10.42.1.129:8080,"{'__name__': 'system_cpu_usage', 'instance': '10.42.1.129:8080', 'job': 'spring-petclinic'}",0.005096371327849588,same_network,3,300
2026-07-24T22:01:37.824438+00:00,2026-07-24T22:01:37.847000+00:00,process_uptime_seconds,customers-service,10.42.0.186:8080,"{'__name__': 'process_uptime_seconds', 'instance': '10.42.0.186:8080', 'job': 'spring-petclinic'}",12883.163,same_network,3,300
2026-07-24T22:01:37.824438+00:00,2026-07-24T22:01:37.847000+00:00,process_uptime_seconds,api-gateway,10.42.0.187:8080,"{'__name__': 'process_uptime_seconds', 'instance': '10.42.0.187:8080', 'job': 'spring-petclinic'}",12894.049,same_network,3,300
2026-07-24T22:01:37.824438+00:00,2026-07-24T22:01:37.847000+00:00,process_uptime_seconds,visits-service,10.42.1.122:8080,"{'__name__': 'process_uptime_seconds', 'instance': '10.42.1.122:8080', 'job': 'spring-petclinic'}",17047.197,same_network,3,300
2026-07-24T22:01:37.824438+00:00,2026-07-24T22:01:37.847000+00:00,process_uptime_seconds,vets-service,10.42.1.123:8080,"{'__name__': 'process_uptime_seconds', 'instance': '10.42.1.123:8080', 'job': 'spring-petclinic'}",17048.497,same_network,3,300
2026-07-24T22:01:37.824438+00:00,2026-07-24T22:01:37.847000+00:00,process_uptime_seconds,vets-service,10.42.1.124:8080,"{'__name__': 'process_uptime_seconds', 'instance': '10.42.1.124:8080', 'job': 'spring-petclinic'}",16931.685,same_network,3,300
2026-07-24T22:01:37.824438+00:00,2026-07-24T22:01:37.847000+00:00,process_uptime_seconds,visits-service,10.42.1.125:8080,"{'__name__': 'process_uptime_seconds', 'instance': '10.42.1.125:8080', 'job': 'spring-petclinic'}",16906.592,same_network,3,300
2026-07-24T22:01:37.824438+00:00,2026-07-24T22:01:37.847000+00:00,process_uptime_seconds,customers-service,10.42.1.126:8080,"{'__name__': 'process_uptime_seconds', 'instance': '10.42.1.126:8080', 'job': 'spring-petclinic'}",16849.927,same_network,3,300
2026-07-24T22:01:37.824438+00:00,2026-07-24T22:01:37.847000+00:00,process_uptime_seconds,api-gateway,10.42.1.129:8080,"{'__name__': 'process_uptime_seconds', 'instance': '10.42.1.129:8080', 'job': 'spring-petclinic'}",163.566,same_network,3,300
2026-07-24T22:01:37.824438+00:00,2026-07-24T22:01:37.850000+00:00,system_load_average_1m,customers-service,10.42.0.186:8080,"{'__name__': 'system_load_average_1m', 'instance': '10.42.0.186:8080', 'job': 'spring-petclinic'}",3.2802734375,same_network,3,300
2026-07-24T22:01:37.824438+00:00,2026-07-24T22:01:37.850000+00:00,system_load_average_1m,api-gateway,10.42.0.187:8080,"{'__name__': 'system_load_average_1m', 'instance': '10.42.0.187:8080', 'job': 'spring-petclinic'}",3.31689453125,same_network,3,300
2026-07-24T22:01:37.824438+00:00,2026-07-24T22:01:37.850000+00:00,system_load_average_1m,visits-service,10.42.1.122:8080,"{'__name__': 'system_load_average_1m', 'instance': '10.42.1.122:8080', 'job': 'spring-petclinic'}",2.5048828125,same_network,3,300
2026-07-24T22:01:37.824438+00:00,2026-07-24T22:01:37.850000+00:00,system_load_average_1m,vets-service,10.42.1.123:8080,"{'__name__': 'system_load_average_1m', 'instance': '10.42.1.123:8080', 'job': 'spring-petclinic'}",2.5048828125,same_network,3,300
2026-07-24T22:01:37.824438+00:00,2026-07-24T22:01:37.850000+00:00,system_load_average_1m,vets-service,10.42.1.124:8080,"{'__name__': 'system_load_average_1m', 'instance': '10.42.1.124:8080', 'job': 'spring-petclinic'}",3.3310546875,same_network,3,300
2026-07-24T22:01:37.824438+00:00,2026-07-24T22:01:37.850000+00:00,system_load_average_1m,visits-service,10.42.1.125:8080,"{'__name__': 'system_load_average_1m', 'instance': '10.42.1.125:8080', 'job': 'spring-petclinic'}",2.37451171875,same_network,3,300
2026-07-24T22:01:37.824438+00:00,2026-07-24T22:01:37.850000+00:00,system_load_average_1m,customers-service,10.42.1.126:8080,"{'__name__': 'system_load_average_1m', 'instance': '10.42.1.126:8080', 'job': 'spring-petclinic'}",2.37451171875,same_network,3,300
2026-07-24T22:01:37.824438+00:00,2026-07-24T22:01:37.850000+00:00,system_load_average_1m,api-gateway,10.42.1.129:8080,"{'__name__': 'system_load_average_1m', 'instance': '10.42.1.129:8080', 'job': 'spring-petclinic'}",3.3310546875,same_network,3,300
2026-07-24T22:01:37.824438+00:00,2026-07-24T22:01:37.855000+00:00,jvm_memory_used_bytes,api-gateway,10.42.0.187:8080,"{'__name__': 'jvm_memory_used_bytes', 'area': 'heap', 'id': 'Eden Space', 'instance': '10.42.0.187:8080', 'job': 'spring-petclinic'}",28852824,same_network,3,300
2026-07-24T22:01:37.824438+00:00,2026-07-24T22:01:37.855000+00:00,jvm_memory_used_bytes,api-gateway,10.42.1.129:8080,"{'__name__': 'jvm_memory_used_bytes', 'area': 'heap', 'id': 'Eden Space', 'instance': '10.42.1.129:8080', 'job': 'spring-petclinic'}",28728832,same_network,3,300
2026-07-24T22:01:37.824438+00:00,2026-07-24T22:01:37.855000+00:00,jvm_memory_used_bytes,customers-service,10.42.0.186:8080,"{'__name__': 'jvm_memory_used_bytes', 'area': 'heap', 'id': 'G1 Eden Space', 'instance': '10.42.0.186:8080', 'job': 'spring-petclinic'}",41943040,same_network,3,300
2026-07-24T22:01:37.824438+00:00,2026-07-24T22:01:37.855000+00:00,jvm_memory_used_bytes,visits-service,10.42.1.122:8080,"{'__name__': 'jvm_memory_used_bytes', 'area': 'heap', 'id': 'G1 Eden Space', 'instance': '10.42.1.122:8080', 'job': 'spring-petclinic'}",29360128,same_network,3,300
2026-07-24T22:01:37.824438+00:00,2026-07-24T22:01:37.855000+00:00,jvm_memory_used_bytes,vets-service,10.42.1.123:8080,"{'__name__': 'jvm_memory_used_bytes', 'area': 'heap', 'id': 'G1 Eden Space', 'instance': '10.42.1.123:8080', 'job': 'spring-petclinic'}",41943040,same_network,3,300
2026-07-24T22:01:37.824438+00:00,2026-07-24T22:01:37.855000+00:00,jvm_memory_used_bytes,vets-service,10.42.1.124:8080,"{'__name__': 'jvm_memory_used_bytes', 'area': 'heap', 'id': 'G1 Eden Space', 'instance': '10.42.1.124:8080', 'job': 'spring-petclinic'}",37748736,same_network,3,300
2026-07-24T22:01:37.824438+00:00,2026-07-24T22:01:37.855000+00:00,jvm_memory_used_bytes,visits-service,10.42.1.125:8080,"{'__name__': 'jvm_memory_used_bytes', 'area': 'heap', 'id': 'G1 Eden Space', 'instance': '10.42.1.125:8080', 'job': 'spring-petclinic'}",104857600,same_network,3,300
2026-07-24T22:01:37.824438+00:00,2026-07-24T22:01:37.855000+00:00,jvm_memory_used_bytes,customers-service,10.42.1.126:8080,"{'__name__': 'jvm_memory_used_bytes', 'area': 'heap', 'id': 'G1 Eden Space', 'instance': '10.42.1.126:8080', 'job': 'spring-petclinic'}",67108864,same_network,3,300
2026-07-24T22:01:37.824438+00:00,2026-07-24T22:01:37.855000+00:00,jvm_memory_used_bytes,customers-service,10.42.0.186:8080,"{'__name__': 'jvm_memory_used_bytes', 'area': 'heap', 'id': 'G1 Old Gen', 'instance': '10.42.0.186:8080', 'job': 'spring-petclinic'}",166739456,same_network,3,300
2026-07-24T22:01:37.824438+00:00,2026-07-24T22:01:37.855000+00:00,jvm_memory_used_bytes,visits-service,10.42.1.122:8080,"{'__name__': 'jvm_memory_used_bytes', 'area': 'heap', 'id': 'G1 Old Gen', 'instance': '10.42.1.122:8080', 'job': 'spring-petclinic'}",70224896,same_network,3,300
2026-07-24T22:01:37.824438+00:00,2026-07-24T22:01:37.855000+00:00,jvm_memory_used_bytes,vets-service,10.42.1.123:8080,"{'__name__': 'jvm_memory_used_bytes', 'area': 'heap', 'id': 'G1 Old Gen', 'instance': '10.42.1.123:8080', 'job': 'spring-petclinic'}",95375360,same_network,3,300
2026-07-24T22:01:37.824438+00:00,2026-07-24T22:01:37.855000+00:00,jvm_memory_used_bytes,vets-service,10.42.1.124:8080,"{'__name__': 'jvm_memory_used_bytes', 'area': 'heap', 'id': 'G1 Old Gen', 'instance': '10.42.1.124:8080', 'job': 'spring-petclinic'}",115471872,same_network,3,300
2026-07-24T22:01:37.824438+00:00,2026-07-24T22:01:37.855000+00:00,jvm_memory_used_bytes,visits-service,10.42.1.125:8080,"{'__name__': 'jvm_memory_used_bytes', 'area': 'heap', 'id': 'G1 Old Gen', 'instance': '10.42.1.125:8080', 'job': 'spring-petclinic'}",86800384,same_network,3,300
2026-07-24T22:01:37.824438+00:00,2026-07-24T22:01:37.855000+00:00,jvm_memory_used_bytes,customers-service,10.42.1.126:8080,"{'__name__': 'jvm_memory_used_bytes', 'area': 'heap', 'id': 'G1 Old Gen', 'instance': '10.42.1.126:8080', 'job': 'spring-petclinic'}",114787328,same_network,3,300
2026-07-24T22:01:37.824438+00:00,2026-07-24T22:01:37.855000+00:00,jvm_memory_used_bytes,customers-service,10.42.0.186:8080,"{'__name__': 'jvm_memory_used_bytes', 'area': 'heap', 'id': 'G1 Survivor Space', 'instance': '10.42.0.186:8080', 'job': 'spring-petclinic'}",7203752,same_network,3,300
2026-07-24T22:01:37.824438+00:00,2026-07-24T22:01:37.855000+00:00,jvm_memory_used_bytes,visits-service,10.42.1.122:8080,"{'__name__': 'jvm_memory_used_bytes', 'area': 'heap', 'id': 'G1 Survivor Space', 'instance': '10.42.1.122:8080', 'job': 'spring-petclinic'}",13542264,same_network,3,300
2026-07-24T22:01:37.824438+00:00,2026-07-24T22:01:37.855000+00:00,jvm_memory_used_bytes,vets-service,10.42.1.123:8080,"{'__name__': 'jvm_memory_used_bytes', 'area': 'heap', 'id': 'G1 Survivor Space', 'instance': '10.42.1.123:8080', 'job': 'spring-petclinic'}",7643104,same_network,3,300
2026-07-24T22:01:37.824438+00:00,2026-07-24T22:01:37.855000+00:00,jvm_memory_used_bytes,vets-service,10.42.1.124:8080,"{'__name__': 'jvm_memory_used_bytes', 'area': 'heap', 'id': 'G1 Survivor Space', 'instance': '10.42.1.124:8080', 'job': 'spring-petclinic'}",7000144,same_network,3,300
2026-07-24T22:01:37.824438+00:00,2026-07-24T22:01:37.855000+00:00,jvm_memory_used_bytes,visits-service,10.42.1.125:8080,"{'__name__': 'jvm_memory_used_bytes', 'area': 'heap', 'id': 'G1 Survivor Space', 'instance': '10.42.1.125:8080', 'job': 'spring-petclinic'}",7590784,same_network,3,300
2026-07-24T22:01:37.824438+00:00,2026-07-24T22:01:37.855000+00:00,jvm_memory_used_bytes,customers-service,10.42.1.126:8080,"{'__name__': 'jvm_memory_used_bytes', 'area': 'heap', 'id': 'G1 Survivor Space', 'instance': '10.42.1.126:8080', 'job': 'spring-petclinic'}",7586800,same_network,3,300
2026-07-24T22:01:37.824438+00:00,2026-07-24T22:01:37.855000+00:00,jvm_memory_used_bytes,api-gateway,10.42.0.187:8080,"{'__name__': 'jvm_memory_used_bytes', 'area': 'heap', 'id': 'Survivor Space', 'instance': '10.42.0.187:8080', 'job': 'spring-petclinic'}",4797888,same_network,3,300
2026-07-24T22:01:37.824438+00:00,2026-07-24T22:01:37.855000+00:00,jvm_memory_used_bytes,api-gateway,10.42.1.129:8080,"{'__name__': 'jvm_memory_used_bytes', 'area': 'heap', 'id': 'Survivor Space', 'instance': '10.42.1.129:8080', 'job': 'spring-petclinic'}",2652152,same_network,3,300
2026-07-24T22:01:37.824438+00:00,2026-07-24T22:01:37.855000+00:00,jvm_memory_used_bytes,api-gateway,10.42.0.187:8080,"{'__name__': 'jvm_memory_used_bytes', 'area': 'heap', 'id': 'Tenured Gen', 'instance': '10.42.0.187:8080', 'job': 'spring-petclinic'}",153031864,same_network,3,300
2026-07-24T22:01:37.824438+00:00,2026-07-24T22:01:37.855000+00:00,jvm_memory_used_bytes,api-gateway,10.42.1.129:8080,"{'__name__': 'jvm_memory_used_bytes', 'area': 'heap', 'id': 'Tenured Gen', 'instance': '10.42.1.129:8080', 'job': 'spring-petclinic'}",67516496,same_network,3,300
2026-07-24T22:01:37.824438+00:00,2026-07-24T22:01:37.855000+00:00,jvm_memory_used_bytes,customers-service,10.42.0.186:8080,"{'__name__': 'jvm_memory_used_bytes', 'area': 'nonheap', 'id': ""CodeHeap 'non-nmethods'"", 'instance': '10.42.0.186:8080', 'job': 'spring-petclinic'}",1417344,same_network,3,300
2026-07-24T22:01:37.824438+00:00,2026-07-24T22:01:37.855000+00:00,jvm_memory_used_bytes,api-gateway,10.42.0.187:8080,"{'__name__': 'jvm_memory_used_bytes', 'area': 'nonheap', 'id': ""CodeHeap 'non-nmethods'"", 'instance': '10.42.0.187:8080', 'job': 'spring-petclinic'}",1391744,same_network,3,300
2026-07-24T22:01:37.824438+00:00,2026-07-24T22:01:37.855000+00:00,jvm_memory_used_bytes,visits-service,10.42.1.122:8080,"{'__name__': 'jvm_memory_used_bytes', 'area': 'nonheap', 'id': ""CodeHeap 'non-nmethods'"", 'instance': '10.42.1.122:8080', 'job': 'spring-petclinic'}",1408384,same_network,3,300
2026-07-24T22:01:37.824438+00:00,2026-07-24T22:01:37.855000+00:00,jvm_memory_used_bytes,vets-service,10.42.1.123:8080,"{'__name__': 'jvm_memory_used_bytes', 'area': 'nonheap', 'id': ""CodeHeap 'non-nmethods'"", 'instance': '10.42.1.123:8080', 'job': 'spring-petclinic'}",1421312,same_network,3,300
2026-07-24T22:01:37.824438+00:00,2026-07-24T22:01:37.855000+00:00,jvm_memory_used_bytes,vets-service,10.42.1.124:8080,"{'__name__': 'jvm_memory_used_bytes', 'area': 'nonheap', 'id': ""CodeHeap 'non-nmethods'"", 'instance': '10.42.1.124:8080', 'job': 'spring-petclinic'}",1421184,same_network,3,300
2026-07-24T22:01:37.824438+00:00,2026-07-24T22:01:37.855000+00:00,jvm_memory_used_bytes,visits-service,10.42.1.125:8080,"{'__name__': 'jvm_memory_used_bytes', 'area': 'nonheap', 'id': ""CodeHeap 'non-nmethods'"", 'instance': '10.42.1.125:8080', 'job': 'spring-petclinic'}",1406592,same_network,3,300
2026-07-24T22:01:37.824438+00:00,2026-07-24T22:01:37.855000+00:00,jvm_memory_used_bytes,customers-service,10.42.1.126:8080,"{'__name__': 'jvm_memory_used_bytes', 'area': 'nonheap', 'id': ""CodeHeap 'non-nmethods'"", 'instance': '10.42.1.126:8080', 'job': 'spring-petclinic'}",1419136,same_network,3,300
2026-07-24T22:01:37.824438+00:00,2026-07-24T22:01:37.855000+00:00,jvm_memory_used_bytes,api-gateway,10.42.1.129:8080,"{'__name__': 'jvm_memory_used_bytes', 'area': 'nonheap', 'id': ""CodeHeap 'non-nmethods'"", 'instance': '10.42.1.129:8080', 'job': 'spring-petclinic'}",1378048,same_network,3,300
2026-07-24T22:01:37.824438+00:00,2026-07-24T22:01:37.855000+00:00,jvm_memory_used_bytes,customers-service,10.42.0.186:8080,"{'__name__': 'jvm_memory_used_bytes', 'area': 'nonheap', 'id': ""CodeHeap 'non-profiled nmethods'"", 'instance': '10.42.0.186:8080', 'job': 'spring-petclinic'}",20714880,same_network,3,300
2026-07-24T22:01:37.824438+00:00,2026-07-24T22:01:37.855000+00:00,jvm_memory_used_bytes,api-gateway,10.42.0.187:8080,"{'__name__': 'jvm_memory_used_bytes', 'area': 'nonheap', 'id': ""CodeHeap 'non-profiled nmethods'"", 'instance': '10.42.0.187:8080', 'job': 'spring-petclinic'}",18124544,same_network,3,300
2026-07-24T22:01:37.824438+00:00,2026-07-24T22:01:37.855000+00:00,jvm_memory_used_bytes,visits-service,10.42.1.122:8080,"{'__name__': 'jvm_memory_used_bytes', 'area': 'nonheap', 'id': ""CodeHeap 'non-profiled nmethods'"", 'instance': '10.42.1.122:8080', 'job': 'spring-petclinic'}",17432064,same_network,3,300
2026-07-24T22:01:37.824438+00:00,2026-07-24T22:01:37.855000+00:00,jvm_memory_used_bytes,vets-service,10.42.1.123:8080,"{'__name__': 'jvm_memory_used_bytes', 'area': 'nonheap', 'id': ""CodeHeap 'non-profiled nmethods'"", 'instance': '10.42.1.123:8080', 'job': 'spring-petclinic'}",18939136,same_network,3,300
2026-07-24T22:01:37.824438+00:00,2026-07-24T22:01:37.855000+00:00,jvm_memory_used_bytes,vets-service,10.42.1.124:8080,"{'__name__': 'jvm_memory_used_bytes', 'area': 'nonheap', 'id': ""CodeHeap 'non-profiled nmethods'"", 'instance': '10.42.1.124:8080', 'job': 'spring-petclinic'}",19853056,same_network,3,300
2026-07-24T22:01:37.824438+00:00,2026-07-24T22:01:37.855000+00:00,jvm_memory_used_bytes,visits-service,10.42.1.125:8080,"{'__name__': 'jvm_memory_used_bytes', 'area': 'nonheap', 'id': ""CodeHeap 'non-profiled nmethods'"", 'instance': '10.42.1.125:8080', 'job': 'spring-petclinic'}",16989056,same_network,3,300
2026-07-24T22:01:37.824438+00:00,2026-07-24T22:01:37.855000+00:00,jvm_memory_used_bytes,customers-service,10.42.1.126:8080,"{'__name__': 'jvm_memory_used_bytes', 'area': 'nonheap', 'id': ""CodeHeap 'non-profiled nmethods'"", 'instance': '10.42.1.126:8080', 'job': 'spring-petclinic'}",20619264,same_network,3,300
2026-07-24T22:01:37.824438+00:00,2026-07-24T22:01:37.855000+00:00,jvm_memory_used_bytes,api-gateway,10.42.1.129:8080,"{'__name__': 'jvm_memory_used_bytes', 'area': 'nonheap', 'id': ""CodeHeap 'non-profiled nmethods'"", 'instance': '10.42.1.129:8080', 'job': 'spring-petclinic'}",6031360,same_network,3,300
2026-07-24T22:01:37.824438+00:00,2026-07-24T22:01:37.855000+00:00,jvm_memory_used_bytes,customers-service,10.42.0.186:8080,"{'__name__': 'jvm_memory_used_bytes', 'area': 'nonheap', 'id': ""CodeHeap 'profiled nmethods'"", 'instance': '10.42.0.186:8080', 'job': 'spring-petclinic'}",23041408,same_network,3,300
2026-07-24T22:01:37.824438+00:00,2026-07-24T22:01:37.855000+00:00,jvm_memory_used_bytes,api-gateway,10.42.0.187:8080,"{'__name__': 'jvm_memory_used_bytes', 'area': 'nonheap', 'id': ""CodeHeap 'profiled nmethods'"", 'instance': '10.42.0.187:8080', 'job': 'spring-petclinic'}",23368320,same_network,3,300
2026-07-24T22:01:37.824438+00:00,2026-07-24T22:01:37.855000+00:00,jvm_memory_used_bytes,visits-service,10.42.1.122:8080,"{'__name__': 'jvm_memory_used_bytes', 'area': 'nonheap', 'id': ""CodeHeap 'profiled nmethods'"", 'instance': '10.42.1.122:8080', 'job': 'spring-petclinic'}",22237312,same_network,3,300
2026-07-24T22:01:37.824438+00:00,2026-07-24T22:01:37.855000+00:00,jvm_memory_used_bytes,vets-service,10.42.1.123:8080,"{'__name__': 'jvm_memory_used_bytes', 'area': 'nonheap', 'id': ""CodeHeap 'profiled nmethods'"", 'instance': '10.42.1.123:8080', 'job': 'spring-petclinic'}",24147840,same_network,3,300
2026-07-24T22:01:37.824438+00:00,2026-07-24T22:01:37.855000+00:00,jvm_memory_used_bytes,vets-service,10.42.1.124:8080,"{'__name__': 'jvm_memory_used_bytes', 'area': 'nonheap', 'id': ""CodeHeap 'profiled nmethods'"", 'instance': '10.42.1.124:8080', 'job': 'spring-petclinic'}",24001280,same_network,3,300
2026-07-24T22:01:37.824438+00:00,2026-07-24T22:01:37.855000+00:00,jvm_memory_used_bytes,visits-service,10.42.1.125:8080,"{'__name__': 'jvm_memory_used_bytes', 'area': 'nonheap', 'id': ""CodeHeap 'profiled nmethods'"", 'instance': '10.42.1.125:8080', 'job': 'spring-petclinic'}",21662848,same_network,3,300
2026-07-24T22:01:37.824438+00:00,2026-07-24T22:01:37.855000+00:00,jvm_memory_used_bytes,customers-service,10.42.1.126:8080,"{'__name__': 'jvm_memory_used_bytes', 'area': 'nonheap', 'id': ""CodeHeap 'profiled nmethods'"", 'instance': '10.42.1.126:8080', 'job': 'spring-petclinic'}",25184128,same_network,3,300
2026-07-24T22:01:37.824438+00:00,2026-07-24T22:01:37.855000+00:00,jvm_memory_used_bytes,api-gateway,10.42.1.129:8080,"{'__name__': 'jvm_memory_used_bytes', 'area': 'nonheap', 'id': ""CodeHeap 'profiled nmethods'"", 'instance': '10.42.1.129:8080', 'job': 'spring-petclinic'}",14178560,same_network,3,300
2026-07-24T22:01:37.824438+00:00,2026-07-24T22:01:37.855000+00:00,jvm_memory_used_bytes,customers-service,10.42.0.186:8080,"{'__name__': 'jvm_memory_used_bytes', 'area': 'nonheap', 'id': 'Compressed Class Space', 'instance': '10.42.0.186:8080', 'job': 'spring-petclinic'}",11546560,same_network,3,300
2026-07-24T22:01:37.824438+00:00,2026-07-24T22:01:37.855000+00:00,jvm_memory_used_bytes,api-gateway,10.42.0.187:8080,"{'__name__': 'jvm_memory_used_bytes', 'area': 'nonheap', 'id': 'Compressed Class Space', 'instance': '10.42.0.187:8080', 'job': 'spring-petclinic'}",9088144,same_network,3,300
2026-07-24T22:01:37.824438+00:00,2026-07-24T22:01:37.855000+00:00,jvm_memory_used_bytes,visits-service,10.42.1.122:8080,"{'__name__': 'jvm_memory_used_bytes', 'area': 'nonheap', 'id': 'Compressed Class Space', 'instance': '10.42.1.122:8080', 'job': 'spring-petclinic'}",11336592,same_network,3,300
2026-07-24T22:01:37.824438+00:00,2026-07-24T22:01:37.855000+00:00,jvm_memory_used_bytes,vets-service,10.42.1.123:8080,"{'__name__': 'jvm_memory_used_bytes', 'area': 'nonheap', 'id': 'Compressed Class Space', 'instance': '10.42.1.123:8080', 'job': 'spring-petclinic'}",11433560,same_network,3,300
2026-07-24T22:01:37.824438+00:00,2026-07-24T22:01:37.855000+00:00,jvm_memory_used_bytes,vets-service,10.42.1.124:8080,"{'__name__': 'jvm_memory_used_bytes', 'area': 'nonheap', 'id': 'Compressed Class Space', 'instance': '10.42.1.124:8080', 'job': 'spring-petclinic'}",11416720,same_network,3,300
2026-07-24T22:01:37.824438+00:00,2026-07-24T22:01:37.855000+00:00,jvm_memory_used_bytes,visits-service,10.42.1.125:8080,"{'__name__': 'jvm_memory_used_bytes', 'area': 'nonheap', 'id': 'Compressed Class Space', 'instance': '10.42.1.125:8080', 'job': 'spring-petclinic'}",11356112,same_network,3,300
2026-07-24T22:01:37.824438+00:00,2026-07-24T22:01:37.855000+00:00,jvm_memory_used_bytes,customers-service,10.42.1.126:8080,"{'__name__': 'jvm_memory_used_bytes', 'area': 'nonheap', 'id': 'Compressed Class Space', 'instance': '10.42.1.126:8080', 'job': 'spring-petclinic'}",11512648,same_network,3,300
2026-07-24T22:01:37.824438+00:00,2026-07-24T22:01:37.855000+00:00,jvm_memory_used_bytes,api-gateway,10.42.1.129:8080,"{'__name__': 'jvm_memory_used_bytes', 'area': 'nonheap', 'id': 'Compressed Class Space', 'instance': '10.42.1.129:8080', 'job': 'spring-petclinic'}",8673936,same_network,3,300
2026-07-24T22:01:37.824438+00:00,2026-07-24T22:01:37.855000+00:00,jvm_memory_used_bytes,customers-service,10.42.0.186:8080,"{'__name__': 'jvm_memory_used_bytes', 'area': 'nonheap', 'id': 'Metaspace', 'instance': '10.42.0.186:8080', 'job': 'spring-petclinic'}",90993552,same_network,3,300
2026-07-24T22:01:37.824438+00:00,2026-07-24T22:01:37.855000+00:00,jvm_memory_used_bytes,api-gateway,10.42.0.187:8080,"{'__name__': 'jvm_memory_used_bytes', 'area': 'nonheap', 'id': 'Metaspace', 'instance': '10.42.0.187:8080', 'job': 'spring-petclinic'}",73691528,same_network,3,300
2026-07-24T22:01:37.824438+00:00,2026-07-24T22:01:37.855000+00:00,jvm_memory_used_bytes,visits-service,10.42.1.122:8080,"{'__name__': 'jvm_memory_used_bytes', 'area': 'nonheap', 'id': 'Metaspace', 'instance': '10.42.1.122:8080', 'job': 'spring-petclinic'}",89032072,same_network,3,300
2026-07-24T22:01:37.824438+00:00,2026-07-24T22:01:37.855000+00:00,jvm_memory_used_bytes,vets-service,10.42.1.123:8080,"{'__name__': 'jvm_memory_used_bytes', 'area': 'nonheap', 'id': 'Metaspace', 'instance': '10.42.1.123:8080', 'job': 'spring-petclinic'}",90167336,same_network,3,300
2026-07-24T22:01:37.824438+00:00,2026-07-24T22:01:37.855000+00:00,jvm_memory_used_bytes,vets-service,10.42.1.124:8080,"{'__name__': 'jvm_memory_used_bytes', 'area': 'nonheap', 'id': 'Metaspace', 'instance': '10.42.1.124:8080', 'job': 'spring-petclinic'}",90354696,same_network,3,300
2026-07-24T22:01:37.824438+00:00,2026-07-24T22:01:37.855000+00:00,jvm_memory_used_bytes,visits-service,10.42.1.125:8080,"{'__name__': 'jvm_memory_used_bytes', 'area': 'nonheap', 'id': 'Metaspace', 'instance': '10.42.1.125:8080', 'job': 'spring-petclinic'}",89089504,same_network,3,300
2026-07-24T22:01:37.824438+00:00,2026-07-24T22:01:37.855000+00:00,jvm_memory_used_bytes,customers-service,10.42.1.126:8080,"{'__name__': 'jvm_memory_used_bytes', 'area': 'nonheap', 'id': 'Metaspace', 'instance': '10.42.1.126:8080', 'job': 'spring-petclinic'}",90809168,same_network,3,300
2026-07-24T22:01:37.824438+00:00,2026-07-24T22:01:37.855000+00:00,jvm_memory_used_bytes,api-gateway,10.42.1.129:8080,"{'__name__': 'jvm_memory_used_bytes', 'area': 'nonheap', 'id': 'Metaspace', 'instance': '10.42.1.129:8080', 'job': 'spring-petclinic'}",66326176,same_network,3,300
2026-07-24T22:01:37.824438+00:00,2026-07-24T22:01:37.864000+00:00,jvm_memory_committed_bytes,api-gateway,10.42.0.187:8080,"{'__name__': 'jvm_memory_committed_bytes', 'area': 'heap', 'id': 'Eden Space', 'instance': '10.42.0.187:8080', 'job': 'spring-petclinic'}",71630848,same_network,3,300
2026-07-24T22:01:37.824438+00:00,2026-07-24T22:01:37.864000+00:00,jvm_memory_committed_bytes,api-gateway,10.42.1.129:8080,"{'__name__': 'jvm_memory_committed_bytes', 'area': 'heap', 'id': 'Eden Space', 'instance': '10.42.1.129:8080', 'job': 'spring-petclinic'}",35520512,same_network,3,300
2026-07-24T22:01:37.824438+00:00,2026-07-24T22:01:37.864000+00:00,jvm_memory_committed_bytes,customers-service,10.42.0.186:8080,"{'__name__': 'jvm_memory_committed_bytes', 'area': 'heap', 'id': 'G1 Eden Space', 'instance': '10.42.0.186:8080', 'job': 'spring-petclinic'}",234881024,same_network,3,300
2026-07-24T22:01:37.824438+00:00,2026-07-24T22:01:37.864000+00:00,jvm_memory_committed_bytes,visits-service,10.42.1.122:8080,"{'__name__': 'jvm_memory_committed_bytes', 'area': 'heap', 'id': 'G1 Eden Space', 'instance': '10.42.1.122:8080', 'job': 'spring-petclinic'}",230686720,same_network,3,300
2026-07-24T22:01:37.824438+00:00,2026-07-24T22:01:37.864000+00:00,jvm_memory_committed_bytes,vets-service,10.42.1.123:8080,"{'__name__': 'jvm_memory_committed_bytes', 'area': 'heap', 'id': 'G1 Eden Space', 'instance': '10.42.1.123:8080', 'job': 'spring-petclinic'}",293601280,same_network,3,300
2026-07-24T22:01:37.824438+00:00,2026-07-24T22:01:37.864000+00:00,jvm_memory_committed_bytes,vets-service,10.42.1.124:8080,"{'__name__': 'jvm_memory_committed_bytes', 'area': 'heap', 'id': 'G1 Eden Space', 'instance': '10.42.1.124:8080', 'job': 'spring-petclinic'}",134217728,same_network,3,300
2026-07-24T22:01:37.824438+00:00,2026-07-24T22:01:37.864000+00:00,jvm_memory_committed_bytes,visits-service,10.42.1.125:8080,"{'__name__': 'jvm_memory_committed_bytes', 'area': 'heap', 'id': 'G1 Eden Space', 'instance': '10.42.1.125:8080', 'job': 'spring-petclinic'}",121634816,same_network,3,300
2026-07-24T22:01:37.824438+00:00,2026-07-24T22:01:37.864000+00:00,jvm_memory_committed_bytes,customers-service,10.42.1.126:8080,"{'__name__': 'jvm_memory_committed_bytes', 'area': 'heap', 'id': 'G1 Eden Space', 'instance': '10.42.1.126:8080', 'job': 'spring-petclinic'}",377487360,same_network,3,300
2026-07-24T22:01:37.824438+00:00,2026-07-24T22:01:37.864000+00:00,jvm_memory_committed_bytes,customers-service,10.42.0.186:8080,"{'__name__': 'jvm_memory_committed_bytes', 'area': 'heap', 'id': 'G1 Old Gen', 'instance': '10.42.0.186:8080', 'job': 'spring-petclinic'}",213909504,same_network,3,300
2026-07-24T22:01:37.824438+00:00,2026-07-24T22:01:37.864000+00:00,jvm_memory_committed_bytes,visits-service,10.42.1.122:8080,"{'__name__': 'jvm_memory_committed_bytes', 'area': 'heap', 'id': 'G1 Old Gen', 'instance': '10.42.1.122:8080', 'job': 'spring-petclinic'}",146800640,same_network,3,300
2026-07-24T22:01:37.824438+00:00,2026-07-24T22:01:37.864000+00:00,jvm_memory_committed_bytes,vets-service,10.42.1.123:8080,"{'__name__': 'jvm_memory_committed_bytes', 'area': 'heap', 'id': 'G1 Old Gen', 'instance': '10.42.1.123:8080', 'job': 'spring-petclinic'}",176160768,same_network,3,300
2026-07-24T22:01:37.824438+00:00,2026-07-24T22:01:37.864000+00:00,jvm_memory_committed_bytes,vets-service,10.42.1.124:8080,"{'__name__': 'jvm_memory_committed_bytes', 'area': 'heap', 'id': 'G1 Old Gen', 'instance': '10.42.1.124:8080', 'job': 'spring-petclinic'}",159383552,same_network,3,300
2026-07-24T22:01:37.824438+00:00,2026-07-24T22:01:37.864000+00:00,jvm_memory_committed_bytes,visits-service,10.42.1.125:8080,"{'__name__': 'jvm_memory_committed_bytes', 'area': 'heap', 'id': 'G1 Old Gen', 'instance': '10.42.1.125:8080', 'job': 'spring-petclinic'}",121634816,same_network,3,300
2026-07-24T22:01:37.824438+00:00,2026-07-24T22:01:37.864000+00:00,jvm_memory_committed_bytes,customers-service,10.42.1.126:8080,"{'__name__': 'jvm_memory_committed_bytes', 'area': 'heap', 'id': 'G1 Old Gen', 'instance': '10.42.1.126:8080', 'job': 'spring-petclinic'}",222298112,same_network,3,300
2026-07-24T22:01:37.824438+00:00,2026-07-24T22:01:37.864000+00:00,jvm_memory_committed_bytes,customers-service,10.42.0.186:8080,"{'__name__': 'jvm_memory_committed_bytes', 'area': 'heap', 'id': 'G1 Survivor Space', 'instance': '10.42.0.186:8080', 'job': 'spring-petclinic'}",8388608,same_network,3,300
2026-07-24T22:01:37.824438+00:00,2026-07-24T22:01:37.864000+00:00,jvm_memory_committed_bytes,visits-service,10.42.1.122:8080,"{'__name__': 'jvm_memory_committed_bytes', 'area': 'heap', 'id': 'G1 Survivor Space', 'instance': '10.42.1.122:8080', 'job': 'spring-petclinic'}",16777216,same_network,3,300
2026-07-24T22:01:37.824438+00:00,2026-07-24T22:01:37.864000+00:00,jvm_memory_committed_bytes,vets-service,10.42.1.123:8080,"{'__name__': 'jvm_memory_committed_bytes', 'area': 'heap', 'id': 'G1 Survivor Space', 'instance': '10.42.1.123:8080', 'job': 'spring-petclinic'}",8388608,same_network,3,300
2026-07-24T22:01:37.824438+00:00,2026-07-24T22:01:37.864000+00:00,jvm_memory_committed_bytes,vets-service,10.42.1.124:8080,"{'__name__': 'jvm_memory_committed_bytes', 'area': 'heap', 'id': 'G1 Survivor Space', 'instance': '10.42.1.124:8080', 'job': 'spring-petclinic'}",8388608,same_network,3,300
2026-07-24T22:01:37.824438+00:00,2026-07-24T22:01:37.864000+00:00,jvm_memory_committed_bytes,visits-service,10.42.1.125:8080,"{'__name__': 'jvm_memory_committed_bytes', 'area': 'heap', 'id': 'G1 Survivor Space', 'instance': '10.42.1.125:8080', 'job': 'spring-petclinic'}",8388608,same_network,3,300
2026-07-24T22:01:37.824438+00:00,2026-07-24T22:01:37.864000+00:00,jvm_memory_committed_bytes,customers-service,10.42.1.126:8080,"{'__name__': 'jvm_memory_committed_bytes', 'area': 'heap', 'id': 'G1 Survivor Space', 'instance': '10.42.1.126:8080', 'job': 'spring-petclinic'}",8388608,same_network,3,300
2026-07-24T22:01:37.824438+00:00,2026-07-24T22:01:37.864000+00:00,jvm_memory_committed_bytes,api-gateway,10.42.0.187:8080,"{'__name__': 'jvm_memory_committed_bytes', 'area': 'heap', 'id': 'Survivor Space', 'instance': '10.42.0.187:8080', 'job': 'spring-petclinic'}",8912896,same_network,3,300
2026-07-24T22:01:37.824438+00:00,2026-07-24T22:01:37.864000+00:00,jvm_memory_committed_bytes,api-gateway,10.42.1.129:8080,"{'__name__': 'jvm_memory_committed_bytes', 'area': 'heap', 'id': 'Survivor Space', 'instance': '10.42.1.129:8080', 'job': 'spring-petclinic'}",4390912,same_network,3,300
2026-07-24T22:01:37.824438+00:00,2026-07-24T22:01:37.864000+00:00,jvm_memory_committed_bytes,api-gateway,10.42.0.187:8080,"{'__name__': 'jvm_memory_committed_bytes', 'area': 'heap', 'id': 'Tenured Gen', 'instance': '10.42.0.187:8080', 'job': 'spring-petclinic'}",178978816,same_network,3,300
2026-07-24T22:01:37.824438+00:00,2026-07-24T22:01:37.864000+00:00,jvm_memory_committed_bytes,api-gateway,10.42.1.129:8080,"{'__name__': 'jvm_memory_committed_bytes', 'area': 'heap', 'id': 'Tenured Gen', 'instance': '10.42.1.129:8080', 'job': 'spring-petclinic'}",88530944,same_network,3,300
2026-07-24T22:01:37.824438+00:00,2026-07-24T22:01:37.864000+00:00,jvm_memory_committed_bytes,customers-service,10.42.0.186:8080,"{'__name__': 'jvm_memory_committed_bytes', 'area': 'nonheap', 'id': ""CodeHeap 'non-nmethods'"", 'instance': '10.42.0.186:8080', 'job': 'spring-petclinic'}",2555904,same_network,3,300
2026-07-24T22:01:37.824438+00:00,2026-07-24T22:01:37.864000+00:00,jvm_memory_committed_bytes,api-gateway,10.42.0.187:8080,"{'__name__': 'jvm_memory_committed_bytes', 'area': 'nonheap', 'id': ""CodeHeap 'non-nmethods'"", 'instance': '10.42.0.187:8080', 'job': 'spring-petclinic'}",2555904,same_network,3,300
2026-07-24T22:01:37.824438+00:00,2026-07-24T22:01:37.864000+00:00,jvm_memory_committed_bytes,visits-service,10.42.1.122:8080,"{'__name__': 'jvm_memory_committed_bytes', 'area': 'nonheap', 'id': ""CodeHeap 'non-nmethods'"", 'instance': '10.42.1.122:8080', 'job': 'spring-petclinic'}",2555904,same_network,3,300
2026-07-24T22:01:37.824438+00:00,2026-07-24T22:01:37.864000+00:00,jvm_memory_committed_bytes,vets-service,10.42.1.123:8080,"{'__name__': 'jvm_memory_committed_bytes', 'area': 'nonheap', 'id': ""CodeHeap 'non-nmethods'"", 'instance': '10.42.1.123:8080', 'job': 'spring-petclinic'}",2555904,same_network,3,300
2026-07-24T22:01:37.824438+00:00,2026-07-24T22:01:37.864000+00:00,jvm_memory_committed_bytes,vets-service,10.42.1.124:8080,"{'__name__': 'jvm_memory_committed_bytes', 'area': 'nonheap', 'id': ""CodeHeap 'non-nmethods'"", 'instance': '10.42.1.124:8080', 'job': 'spring-petclinic'}",2555904,same_network,3,300
2026-07-24T22:01:37.824438+00:00,2026-07-24T22:01:37.864000+00:00,jvm_memory_committed_bytes,visits-service,10.42.1.125:8080,"{'__name__': 'jvm_memory_committed_bytes', 'area': 'nonheap', 'id': ""CodeHeap 'non-nmethods'"", 'instance': '10.42.1.125:8080', 'job': 'spring-petclinic'}",2555904,same_network,3,300
2026-07-24T22:01:37.824438+00:00,2026-07-24T22:01:37.864000+00:00,jvm_memory_committed_bytes,customers-service,10.42.1.126:8080,"{'__name__': 'jvm_memory_committed_bytes', 'area': 'nonheap', 'id': ""CodeHeap 'non-nmethods'"", 'instance': '10.42.1.126:8080', 'job': 'spring-petclinic'}",2555904,same_network,3,300
2026-07-24T22:01:37.824438+00:00,2026-07-24T22:01:37.864000+00:00,jvm_memory_committed_bytes,api-gateway,10.42.1.129:8080,"{'__name__': 'jvm_memory_committed_bytes', 'area': 'nonheap', 'id': ""CodeHeap 'non-nmethods'"", 'instance': '10.42.1.129:8080', 'job': 'spring-petclinic'}",2555904,same_network,3,300
2026-07-24T22:01:37.824438+00:00,2026-07-24T22:01:37.864000+00:00,jvm_memory_committed_bytes,customers-service,10.42.0.186:8080,"{'__name__': 'jvm_memory_committed_bytes', 'area': 'nonheap', 'id': ""CodeHeap 'non-profiled nmethods'"", 'instance': '10.42.0.186:8080', 'job': 'spring-petclinic'}",21561344,same_network,3,300
2026-07-24T22:01:37.824438+00:00,2026-07-24T22:01:37.864000+00:00,jvm_memory_committed_bytes,api-gateway,10.42.0.187:8080,"{'__name__': 'jvm_memory_committed_bytes', 'area': 'nonheap', 'id': ""CodeHeap 'non-profiled nmethods'"", 'instance': '10.42.0.187:8080', 'job': 'spring-petclinic'}",18808832,same_network,3,300
2026-07-24T22:01:37.824438+00:00,2026-07-24T22:01:37.864000+00:00,jvm_memory_committed_bytes,visits-service,10.42.1.122:8080,"{'__name__': 'jvm_memory_committed_bytes', 'area': 'nonheap', 'id': ""CodeHeap 'non-profiled nmethods'"", 'instance': '10.42.1.122:8080', 'job': 'spring-petclinic'}",17432576,same_network,3,300
2026-07-24T22:01:37.824438+00:00,2026-07-24T22:01:37.864000+00:00,jvm_memory_committed_bytes,vets-service,10.42.1.123:8080,"{'__name__': 'jvm_memory_committed_bytes', 'area': 'nonheap', 'id': ""CodeHeap 'non-profiled nmethods'"", 'instance': '10.42.1.123:8080', 'job': 'spring-petclinic'}",18939904,same_network,3,300
2026-07-24T22:01:37.824438+00:00,2026-07-24T22:01:37.864000+00:00,jvm_memory_committed_bytes,vets-service,10.42.1.124:8080,"{'__name__': 'jvm_memory_committed_bytes', 'area': 'nonheap', 'id': ""CodeHeap 'non-profiled nmethods'"", 'instance': '10.42.1.124:8080', 'job': 'spring-petclinic'}",19857408,same_network,3,300
2026-07-24T22:01:37.824438+00:00,2026-07-24T22:01:37.864000+00:00,jvm_memory_committed_bytes,visits-service,10.42.1.125:8080,"{'__name__': 'jvm_memory_committed_bytes', 'area': 'nonheap', 'id': ""CodeHeap 'non-profiled nmethods'"", 'instance': '10.42.1.125:8080', 'job': 'spring-petclinic'}",17039360,same_network,3,300
2026-07-24T22:01:37.824438+00:00,2026-07-24T22:01:37.864000+00:00,jvm_memory_committed_bytes,customers-service,10.42.1.126:8080,"{'__name__': 'jvm_memory_committed_bytes', 'area': 'nonheap', 'id': ""CodeHeap 'non-profiled nmethods'"", 'instance': '10.42.1.126:8080', 'job': 'spring-petclinic'}",20643840,same_network,3,300
2026-07-24T22:01:37.824438+00:00,2026-07-24T22:01:37.864000+00:00,jvm_memory_committed_bytes,api-gateway,10.42.1.129:8080,"{'__name__': 'jvm_memory_committed_bytes', 'area': 'nonheap', 'id': ""CodeHeap 'non-profiled nmethods'"", 'instance': '10.42.1.129:8080', 'job': 'spring-petclinic'}",6619136,same_network,3,300
2026-07-24T22:01:37.824438+00:00,2026-07-24T22:01:37.864000+00:00,jvm_memory_committed_bytes,customers-service,10.42.0.186:8080,"{'__name__': 'jvm_memory_committed_bytes', 'area': 'nonheap', 'id': ""CodeHeap 'profiled nmethods'"", 'instance': '10.42.0.186:8080', 'job': 'spring-petclinic'}",25493504,same_network,3,300
2026-07-24T22:01:37.824438+00:00,2026-07-24T22:01:37.864000+00:00,jvm_memory_committed_bytes,api-gateway,10.42.0.187:8080,"{'__name__': 'jvm_memory_committed_bytes', 'area': 'nonheap', 'id': ""CodeHeap 'profiled nmethods'"", 'instance': '10.42.0.187:8080', 'job': 'spring-petclinic'}",24313856,same_network,3,300
2026-07-24T22:01:37.824438+00:00,2026-07-24T22:01:37.864000+00:00,jvm_memory_committed_bytes,visits-service,10.42.1.122:8080,"{'__name__': 'jvm_memory_committed_bytes', 'area': 'nonheap', 'id': ""CodeHeap 'profiled nmethods'"", 'instance': '10.42.1.122:8080', 'job': 'spring-petclinic'}",24313856,same_network,3,300
2026-07-24T22:01:37.824438+00:00,2026-07-24T22:01:37.864000+00:00,jvm_memory_committed_bytes,vets-service,10.42.1.123:8080,"{'__name__': 'jvm_memory_committed_bytes', 'area': 'nonheap', 'id': ""CodeHeap 'profiled nmethods'"", 'instance': '10.42.1.123:8080', 'job': 'spring-petclinic'}",26214400,same_network,3,300
2026-07-24T22:01:37.824438+00:00,2026-07-24T22:01:37.864000+00:00,jvm_memory_committed_bytes,vets-service,10.42.1.124:8080,"{'__name__': 'jvm_memory_committed_bytes', 'area': 'nonheap', 'id': ""CodeHeap 'profiled nmethods'"", 'instance': '10.42.1.124:8080', 'job': 'spring-petclinic'}",26542080,same_network,3,300
2026-07-24T22:01:37.824438+00:00,2026-07-24T22:01:37.864000+00:00,jvm_memory_committed_bytes,visits-service,10.42.1.125:8080,"{'__name__': 'jvm_memory_committed_bytes', 'area': 'nonheap', 'id': ""CodeHeap 'profiled nmethods'"", 'instance': '10.42.1.125:8080', 'job': 'spring-petclinic'}",24182784,same_network,3,300
2026-07-24T22:01:37.824438+00:00,2026-07-24T22:01:37.864000+00:00,jvm_memory_committed_bytes,customers-service,10.42.1.126:8080,"{'__name__': 'jvm_memory_committed_bytes', 'area': 'nonheap', 'id': ""CodeHeap 'profiled nmethods'"", 'instance': '10.42.1.126:8080', 'job': 'spring-petclinic'}",26279936,same_network,3,300
2026-07-24T22:01:37.824438+00:00,2026-07-24T22:01:37.864000+00:00,jvm_memory_committed_bytes,api-gateway,10.42.1.129:8080,"{'__name__': 'jvm_memory_committed_bytes', 'area': 'nonheap', 'id': ""CodeHeap 'profiled nmethods'"", 'instance': '10.42.1.129:8080', 'job': 'spring-petclinic'}",14811136,same_network,3,300
2026-07-24T22:01:37.824438+00:00,2026-07-24T22:01:37.864000+00:00,jvm_memory_committed_bytes,customers-service,10.42.0.186:8080,"{'__name__': 'jvm_memory_committed_bytes', 'area': 'nonheap', 'id': 'Compressed Class Space', 'instance': '10.42.0.186:8080', 'job': 'spring-petclinic'}",11796480,same_network,3,300
2026-07-24T22:01:37.824438+00:00,2026-07-24T22:01:37.864000+00:00,jvm_memory_committed_bytes,api-gateway,10.42.0.187:8080,"{'__name__': 'jvm_memory_committed_bytes', 'area': 'nonheap', 'id': 'Compressed Class Space', 'instance': '10.42.0.187:8080', 'job': 'spring-petclinic'}",9306112,same_network,3,300
2026-07-24T22:01:37.824438+00:00,2026-07-24T22:01:37.864000+00:00,jvm_memory_committed_bytes,visits-service,10.42.1.122:8080,"{'__name__': 'jvm_memory_committed_bytes', 'area': 'nonheap', 'id': 'Compressed Class Space', 'instance': '10.42.1.122:8080', 'job': 'spring-petclinic'}",11599872,same_network,3,300
2026-07-24T22:01:37.824438+00:00,2026-07-24T22:01:37.864000+00:00,jvm_memory_committed_bytes,vets-service,10.42.1.123:8080,"{'__name__': 'jvm_memory_committed_bytes', 'area': 'nonheap', 'id': 'Compressed Class Space', 'instance': '10.42.1.123:8080', 'job': 'spring-petclinic'}",11665408,same_network,3,300
2026-07-24T22:01:37.824438+00:00,2026-07-24T22:01:37.864000+00:00,jvm_memory_committed_bytes,vets-service,10.42.1.124:8080,"{'__name__': 'jvm_memory_committed_bytes', 'area': 'nonheap', 'id': 'Compressed Class Space', 'instance': '10.42.1.124:8080', 'job': 'spring-petclinic'}",11665408,same_network,3,300
2026-07-24T22:01:37.824438+00:00,2026-07-24T22:01:37.864000+00:00,jvm_memory_committed_bytes,visits-service,10.42.1.125:8080,"{'__name__': 'jvm_memory_committed_bytes', 'area': 'nonheap', 'id': 'Compressed Class Space', 'instance': '10.42.1.125:8080', 'job': 'spring-petclinic'}",11599872,same_network,3,300
2026-07-24T22:01:37.824438+00:00,2026-07-24T22:01:37.864000+00:00,jvm_memory_committed_bytes,customers-service,10.42.1.126:8080,"{'__name__': 'jvm_memory_committed_bytes', 'area': 'nonheap', 'id': 'Compressed Class Space', 'instance': '10.42.1.126:8080', 'job': 'spring-petclinic'}",11796480,same_network,3,300
2026-07-24T22:01:37.824438+00:00,2026-07-24T22:01:37.864000+00:00,jvm_memory_committed_bytes,api-gateway,10.42.1.129:8080,"{'__name__': 'jvm_memory_committed_bytes', 'area': 'nonheap', 'id': 'Compressed Class Space', 'instance': '10.42.1.129:8080', 'job': 'spring-petclinic'}",8978432,same_network,3,300
2026-07-24T22:01:37.824438+00:00,2026-07-24T22:01:37.864000+00:00,jvm_memory_committed_bytes,customers-service,10.42.0.186:8080,"{'__name__': 'jvm_memory_committed_bytes', 'area': 'nonheap', 'id': 'Metaspace', 'instance': '10.42.0.186:8080', 'job': 'spring-petclinic'}",91488256,same_network,3,300
2026-07-24T22:01:37.824438+00:00,2026-07-24T22:01:37.864000+00:00,jvm_memory_committed_bytes,api-gateway,10.42.0.187:8080,"{'__name__': 'jvm_memory_committed_bytes', 'area': 'nonheap', 'id': 'Metaspace', 'instance': '10.42.0.187:8080', 'job': 'spring-petclinic'}",74121216,same_network,3,300
2026-07-24T22:01:37.824438+00:00,2026-07-24T22:01:37.864000+00:00,jvm_memory_committed_bytes,visits-service,10.42.1.122:8080,"{'__name__': 'jvm_memory_committed_bytes', 'area': 'nonheap', 'id': 'Metaspace', 'instance': '10.42.1.122:8080', 'job': 'spring-petclinic'}",89522176,same_network,3,300
2026-07-24T22:01:37.824438+00:00,2026-07-24T22:01:37.864000+00:00,jvm_memory_committed_bytes,vets-service,10.42.1.123:8080,"{'__name__': 'jvm_memory_committed_bytes', 'area': 'nonheap', 'id': 'Metaspace', 'instance': '10.42.1.123:8080', 'job': 'spring-petclinic'}",90701824,same_network,3,300
2026-07-24T22:01:37.824438+00:00,2026-07-24T22:01:37.864000+00:00,jvm_memory_committed_bytes,vets-service,10.42.1.124:8080,"{'__name__': 'jvm_memory_committed_bytes', 'area': 'nonheap', 'id': 'Metaspace', 'instance': '10.42.1.124:8080', 'job': 'spring-petclinic'}",90898432,same_network,3,300
2026-07-24T22:01:37.824438+00:00,2026-07-24T22:01:37.864000+00:00,jvm_memory_committed_bytes,visits-service,10.42.1.125:8080,"{'__name__': 'jvm_memory_committed_bytes', 'area': 'nonheap', 'id': 'Metaspace', 'instance': '10.42.1.125:8080', 'job': 'spring-petclinic'}",89587712,same_network,3,300
2026-07-24T22:01:37.824438+00:00,2026-07-24T22:01:37.864000+00:00,jvm_memory_committed_bytes,customers-service,10.42.1.126:8080,"{'__name__': 'jvm_memory_committed_bytes', 'area': 'nonheap', 'id': 'Metaspace', 'instance': '10.42.1.126:8080', 'job': 'spring-petclinic'}",91422720,same_network,3,300
2026-07-24T22:01:37.824438+00:00,2026-07-24T22:01:37.864000+00:00,jvm_memory_committed_bytes,api-gateway,10.42.1.129:8080,"{'__name__': 'jvm_memory_committed_bytes', 'area': 'nonheap', 'id': 'Metaspace', 'instance': '10.42.1.129:8080', 'job': 'spring-petclinic'}",66912256,same_network,3,300
2026-07-24T22:01:37.824438+00:00,2026-07-24T22:01:37.876000+00:00,jvm_memory_max_bytes,api-gateway,10.42.0.187:8080,"{'__name__': 'jvm_memory_max_bytes', 'area': 'heap', 'id': 'Eden Space', 'instance': '10.42.0.187:8080', 'job': 'spring-petclinic'}",71630848,same_network,3,300
2026-07-24T22:01:37.824438+00:00,2026-07-24T22:01:37.876000+00:00,jvm_memory_max_bytes,api-gateway,10.42.1.129:8080,"{'__name__': 'jvm_memory_max_bytes', 'area': 'heap', 'id': 'Eden Space', 'instance': '10.42.1.129:8080', 'job': 'spring-petclinic'}",71630848,same_network,3,300
2026-07-24T22:01:37.824438+00:00,2026-07-24T22:01:37.876000+00:00,jvm_memory_max_bytes,customers-service,10.42.0.186:8080,"{'__name__': 'jvm_memory_max_bytes', 'area': 'heap', 'id': 'G1 Eden Space', 'instance': '10.42.0.186:8080', 'job': 'spring-petclinic'}",-1,same_network,3,300
2026-07-24T22:01:37.824438+00:00,2026-07-24T22:01:37.876000+00:00,jvm_memory_max_bytes,visits-service,10.42.1.122:8080,"{'__name__': 'jvm_memory_max_bytes', 'area': 'heap', 'id': 'G1 Eden Space', 'instance': '10.42.1.122:8080', 'job': 'spring-petclinic'}",-1,same_network,3,300
2026-07-24T22:01:37.824438+00:00,2026-07-24T22:01:37.876000+00:00,jvm_memory_max_bytes,vets-service,10.42.1.123:8080,"{'__name__': 'jvm_memory_max_bytes', 'area': 'heap', 'id': 'G1 Eden Space', 'instance': '10.42.1.123:8080', 'job': 'spring-petclinic'}",-1,same_network,3,300
2026-07-24T22:01:37.824438+00:00,2026-07-24T22:01:37.876000+00:00,jvm_memory_max_bytes,vets-service,10.42.1.124:8080,"{'__name__': 'jvm_memory_max_bytes', 'area': 'heap', 'id': 'G1 Eden Space', 'instance': '10.42.1.124:8080', 'job': 'spring-petclinic'}",-1,same_network,3,300
2026-07-24T22:01:37.824438+00:00,2026-07-24T22:01:37.876000+00:00,jvm_memory_max_bytes,visits-service,10.42.1.125:8080,"{'__name__': 'jvm_memory_max_bytes', 'area': 'heap', 'id': 'G1 Eden Space', 'instance': '10.42.1.125:8080', 'job': 'spring-petclinic'}",-1,same_network,3,300
2026-07-24T22:01:37.824438+00:00,2026-07-24T22:01:37.876000+00:00,jvm_memory_max_bytes,customers-service,10.42.1.126:8080,"{'__name__': 'jvm_memory_max_bytes', 'area': 'heap', 'id': 'G1 Eden Space', 'instance': '10.42.1.126:8080', 'job': 'spring-petclinic'}",-1,same_network,3,300
2026-07-24T22:01:37.824438+00:00,2026-07-24T22:01:37.876000+00:00,jvm_memory_max_bytes,customers-service,10.42.0.186:8080,"{'__name__': 'jvm_memory_max_bytes', 'area': 'heap', 'id': 'G1 Old Gen', 'instance': '10.42.0.186:8080', 'job': 'spring-petclinic'}",6249512960,same_network,3,300
2026-07-24T22:01:37.824438+00:00,2026-07-24T22:01:37.876000+00:00,jvm_memory_max_bytes,visits-service,10.42.1.122:8080,"{'__name__': 'jvm_memory_max_bytes', 'area': 'heap', 'id': 'G1 Old Gen', 'instance': '10.42.1.122:8080', 'job': 'spring-petclinic'}",6144655360,same_network,3,300
2026-07-24T22:01:37.824438+00:00,2026-07-24T22:01:37.876000+00:00,jvm_memory_max_bytes,vets-service,10.42.1.123:8080,"{'__name__': 'jvm_memory_max_bytes', 'area': 'heap', 'id': 'G1 Old Gen', 'instance': '10.42.1.123:8080', 'job': 'spring-petclinic'}",6144655360,same_network,3,300
2026-07-24T22:01:37.824438+00:00,2026-07-24T22:01:37.876000+00:00,jvm_memory_max_bytes,vets-service,10.42.1.124:8080,"{'__name__': 'jvm_memory_max_bytes', 'area': 'heap', 'id': 'G1 Old Gen', 'instance': '10.42.1.124:8080', 'job': 'spring-petclinic'}",6144655360,same_network,3,300
2026-07-24T22:01:37.824438+00:00,2026-07-24T22:01:37.876000+00:00,jvm_memory_max_bytes,visits-service,10.42.1.125:8080,"{'__name__': 'jvm_memory_max_bytes', 'area': 'heap', 'id': 'G1 Old Gen', 'instance': '10.42.1.125:8080', 'job': 'spring-petclinic'}",6144655360,same_network,3,300
2026-07-24T22:01:37.824438+00:00,2026-07-24T22:01:37.876000+00:00,jvm_memory_max_bytes,customers-service,10.42.1.126:8080,"{'__name__': 'jvm_memory_max_bytes', 'area': 'heap', 'id': 'G1 Old Gen', 'instance': '10.42.1.126:8080', 'job': 'spring-petclinic'}",6144655360,same_network,3,300
2026-07-24T22:01:37.824438+00:00,2026-07-24T22:01:37.876000+00:00,jvm_memory_max_bytes,customers-service,10.42.0.186:8080,"{'__name__': 'jvm_memory_max_bytes', 'area': 'heap', 'id': 'G1 Survivor Space', 'instance': '10.42.0.186:8080', 'job': 'spring-petclinic'}",-1,same_network,3,300
2026-07-24T22:01:37.824438+00:00,2026-07-24T22:01:37.876000+00:00,jvm_memory_max_bytes,visits-service,10.42.1.122:8080,"{'__name__': 'jvm_memory_max_bytes', 'area': 'heap', 'id': 'G1 Survivor Space', 'instance': '10.42.1.122:8080', 'job': 'spring-petclinic'}",-1,same_network,3,300
2026-07-24T22:01:37.824438+00:00,2026-07-24T22:01:37.876000+00:00,jvm_memory_max_bytes,vets-service,10.42.1.123:8080,"{'__name__': 'jvm_memory_max_bytes', 'area': 'heap', 'id': 'G1 Survivor Space', 'instance': '10.42.1.123:8080', 'job': 'spring-petclinic'}",-1,same_network,3,300
2026-07-24T22:01:37.824438+00:00,2026-07-24T22:01:37.876000+00:00,jvm_memory_max_bytes,vets-service,10.42.1.124:8080,"{'__name__': 'jvm_memory_max_bytes', 'area': 'heap', 'id': 'G1 Survivor Space', 'instance': '10.42.1.124:8080', 'job': 'spring-petclinic'}",-1,same_network,3,300
2026-07-24T22:01:37.824438+00:00,2026-07-24T22:01:37.876000+00:00,jvm_memory_max_bytes,visits-service,10.42.1.125:8080,"{'__name__': 'jvm_memory_max_bytes', 'area': 'heap', 'id': 'G1 Survivor Space', 'instance': '10.42.1.125:8080', 'job': 'spring-petclinic'}",-1,same_network,3,300
2026-07-24T22:01:37.824438+00:00,2026-07-24T22:01:37.876000+00:00,jvm_memory_max_bytes,customers-service,10.42.1.126:8080,"{'__name__': 'jvm_memory_max_bytes', 'area': 'heap', 'id': 'G1 Survivor Space', 'instance': '10.42.1.126:8080', 'job': 'spring-petclinic'}",-1,same_network,3,300
2026-07-24T22:01:37.824438+00:00,2026-07-24T22:01:37.876000+00:00,jvm_memory_max_bytes,api-gateway,10.42.0.187:8080,"{'__name__': 'jvm_memory_max_bytes', 'area': 'heap', 'id': 'Survivor Space', 'instance': '10.42.0.187:8080', 'job': 'spring-petclinic'}",8912896,same_network,3,300
2026-07-24T22:01:37.824438+00:00,2026-07-24T22:01:37.876000+00:00,jvm_memory_max_bytes,api-gateway,10.42.1.129:8080,"{'__name__': 'jvm_memory_max_bytes', 'area': 'heap', 'id': 'Survivor Space', 'instance': '10.42.1.129:8080', 'job': 'spring-petclinic'}",8912896,same_network,3,300
2026-07-24T22:01:37.824438+00:00,2026-07-24T22:01:37.876000+00:00,jvm_memory_max_bytes,api-gateway,10.42.0.187:8080,"{'__name__': 'jvm_memory_max_bytes', 'area': 'heap', 'id': 'Tenured Gen', 'instance': '10.42.0.187:8080', 'job': 'spring-petclinic'}",178978816,same_network,3,300
2026-07-24T22:01:37.824438+00:00,2026-07-24T22:01:37.876000+00:00,jvm_memory_max_bytes,api-gateway,10.42.1.129:8080,"{'__name__': 'jvm_memory_max_bytes', 'area': 'heap', 'id': 'Tenured Gen', 'instance': '10.42.1.129:8080', 'job': 'spring-petclinic'}",178978816,same_network,3,300
2026-07-24T22:01:37.824438+00:00,2026-07-24T22:01:37.876000+00:00,jvm_memory_max_bytes,customers-service,10.42.0.186:8080,"{'__name__': 'jvm_memory_max_bytes', 'area': 'nonheap', 'id': ""CodeHeap 'non-nmethods'"", 'instance': '10.42.0.186:8080', 'job': 'spring-petclinic'}",5840896,same_network,3,300
2026-07-24T22:01:37.824438+00:00,2026-07-24T22:01:37.876000+00:00,jvm_memory_max_bytes,api-gateway,10.42.0.187:8080,"{'__name__': 'jvm_memory_max_bytes', 'area': 'nonheap', 'id': ""CodeHeap 'non-nmethods'"", 'instance': '10.42.0.187:8080', 'job': 'spring-petclinic'}",5840896,same_network,3,300
2026-07-24T22:01:37.824438+00:00,2026-07-24T22:01:37.876000+00:00,jvm_memory_max_bytes,visits-service,10.42.1.122:8080,"{'__name__': 'jvm_memory_max_bytes', 'area': 'nonheap', 'id': ""CodeHeap 'non-nmethods'"", 'instance': '10.42.1.122:8080', 'job': 'spring-petclinic'}",5840896,same_network,3,300
2026-07-24T22:01:37.824438+00:00,2026-07-24T22:01:37.876000+00:00,jvm_memory_max_bytes,vets-service,10.42.1.123:8080,"{'__name__': 'jvm_memory_max_bytes', 'area': 'nonheap', 'id': ""CodeHeap 'non-nmethods'"", 'instance': '10.42.1.123:8080', 'job': 'spring-petclinic'}",5840896,same_network,3,300
2026-07-24T22:01:37.824438+00:00,2026-07-24T22:01:37.876000+00:00,jvm_memory_max_bytes,vets-service,10.42.1.124:8080,"{'__name__': 'jvm_memory_max_bytes', 'area': 'nonheap', 'id': ""CodeHeap 'non-nmethods'"", 'instance': '10.42.1.124:8080', 'job': 'spring-petclinic'}",5840896,same_network,3,300
2026-07-24T22:01:37.824438+00:00,2026-07-24T22:01:37.876000+00:00,jvm_memory_max_bytes,visits-service,10.42.1.125:8080,"{'__name__': 'jvm_memory_max_bytes', 'area': 'nonheap', 'id': ""CodeHeap 'non-nmethods'"", 'instance': '10.42.1.125:8080', 'job': 'spring-petclinic'}",5840896,same_network,3,300
2026-07-24T22:01:37.824438+00:00,2026-07-24T22:01:37.876000+00:00,jvm_memory_max_bytes,customers-service,10.42.1.126:8080,"{'__name__': 'jvm_memory_max_bytes', 'area': 'nonheap', 'id': ""CodeHeap 'non-nmethods'"", 'instance': '10.42.1.126:8080', 'job': 'spring-petclinic'}",5840896,same_network,3,300
2026-07-24T22:01:37.824438+00:00,2026-07-24T22:01:37.876000+00:00,jvm_memory_max_bytes,api-gateway,10.42.1.129:8080,"{'__name__': 'jvm_memory_max_bytes', 'area': 'nonheap', 'id': ""CodeHeap 'non-nmethods'"", 'instance': '10.42.1.129:8080', 'job': 'spring-petclinic'}",5840896,same_network,3,300
2026-07-24T22:01:37.824438+00:00,2026-07-24T22:01:37.876000+00:00,jvm_memory_max_bytes,customers-service,10.42.0.186:8080,"{'__name__': 'jvm_memory_max_bytes', 'area': 'nonheap', 'id': ""CodeHeap 'non-profiled nmethods'"", 'instance': '10.42.0.186:8080', 'job': 'spring-petclinic'}",122908672,same_network,3,300
2026-07-24T22:01:37.824438+00:00,2026-07-24T22:01:37.876000+00:00,jvm_memory_max_bytes,api-gateway,10.42.0.187:8080,"{'__name__': 'jvm_memory_max_bytes', 'area': 'nonheap', 'id': ""CodeHeap 'non-profiled nmethods'"", 'instance': '10.42.0.187:8080', 'job': 'spring-petclinic'}",122908672,same_network,3,300
2026-07-24T22:01:37.824438+00:00,2026-07-24T22:01:37.876000+00:00,jvm_memory_max_bytes,visits-service,10.42.1.122:8080,"{'__name__': 'jvm_memory_max_bytes', 'area': 'nonheap', 'id': ""CodeHeap 'non-profiled nmethods'"", 'instance': '10.42.1.122:8080', 'job': 'spring-petclinic'}",122908672,same_network,3,300
2026-07-24T22:01:37.824438+00:00,2026-07-24T22:01:37.876000+00:00,jvm_memory_max_bytes,vets-service,10.42.1.123:8080,"{'__name__': 'jvm_memory_max_bytes', 'area': 'nonheap', 'id': ""CodeHeap 'non-profiled nmethods'"", 'instance': '10.42.1.123:8080', 'job': 'spring-petclinic'}",122908672,same_network,3,300
2026-07-24T22:01:37.824438+00:00,2026-07-24T22:01:37.876000+00:00,jvm_memory_max_bytes,vets-service,10.42.1.124:8080,"{'__name__': 'jvm_memory_max_bytes', 'area': 'nonheap', 'id': ""CodeHeap 'non-profiled nmethods'"", 'instance': '10.42.1.124:8080', 'job': 'spring-petclinic'}",122908672,same_network,3,300
2026-07-24T22:01:37.824438+00:00,2026-07-24T22:01:37.876000+00:00,jvm_memory_max_bytes,visits-service,10.42.1.125:8080,"{'__name__': 'jvm_memory_max_bytes', 'area': 'nonheap', 'id': ""CodeHeap 'non-profiled nmethods'"", 'instance': '10.42.1.125:8080', 'job': 'spring-petclinic'}",122908672,same_network,3,300
2026-07-24T22:01:37.824438+00:00,2026-07-24T22:01:37.876000+00:00,jvm_memory_max_bytes,customers-service,10.42.1.126:8080,"{'__name__': 'jvm_memory_max_bytes', 'area': 'nonheap', 'id': ""CodeHeap 'non-profiled nmethods'"", 'instance': '10.42.1.126:8080', 'job': 'spring-petclinic'}",122908672,same_network,3,300
2026-07-24T22:01:37.824438+00:00,2026-07-24T22:01:37.876000+00:00,jvm_memory_max_bytes,api-gateway,10.42.1.129:8080,"{'__name__': 'jvm_memory_max_bytes', 'area': 'nonheap', 'id': ""CodeHeap 'non-profiled nmethods'"", 'instance': '10.42.1.129:8080', 'job': 'spring-petclinic'}",122908672,same_network,3,300
2026-07-24T22:01:37.824438+00:00,2026-07-24T22:01:37.876000+00:00,jvm_memory_max_bytes,customers-service,10.42.0.186:8080,"{'__name__': 'jvm_memory_max_bytes', 'area': 'nonheap', 'id': ""CodeHeap 'profiled nmethods'"", 'instance': '10.42.0.186:8080', 'job': 'spring-petclinic'}",122908672,same_network,3,300
2026-07-24T22:01:37.824438+00:00,2026-07-24T22:01:37.876000+00:00,jvm_memory_max_bytes,api-gateway,10.42.0.187:8080,"{'__name__': 'jvm_memory_max_bytes', 'area': 'nonheap', 'id': ""CodeHeap 'profiled nmethods'"", 'instance': '10.42.0.187:8080', 'job': 'spring-petclinic'}",122908672,same_network,3,300
2026-07-24T22:01:37.824438+00:00,2026-07-24T22:01:37.876000+00:00,jvm_memory_max_bytes,visits-service,10.42.1.122:8080,"{'__name__': 'jvm_memory_max_bytes', 'area': 'nonheap', 'id': ""CodeHeap 'profiled nmethods'"", 'instance': '10.42.1.122:8080', 'job': 'spring-petclinic'}",122908672,same_network,3,300
2026-07-24T22:01:37.824438+00:00,2026-07-24T22:01:37.876000+00:00,jvm_memory_max_bytes,vets-service,10.42.1.123:8080,"{'__name__': 'jvm_memory_max_bytes', 'area': 'nonheap', 'id': ""CodeHeap 'profiled nmethods'"", 'instance': '10.42.1.123:8080', 'job': 'spring-petclinic'}",122908672,same_network,3,300
2026-07-24T22:01:37.824438+00:00,2026-07-24T22:01:37.876000+00:00,jvm_memory_max_bytes,vets-service,10.42.1.124:8080,"{'__name__': 'jvm_memory_max_bytes', 'area': 'nonheap', 'id': ""CodeHeap 'profiled nmethods'"", 'instance': '10.42.1.124:8080', 'job': 'spring-petclinic'}",122908672,same_network,3,300
2026-07-24T22:01:37.824438+00:00,2026-07-24T22:01:37.876000+00:00,jvm_memory_max_bytes,visits-service,10.42.1.125:8080,"{'__name__': 'jvm_memory_max_bytes', 'area': 'nonheap', 'id': ""CodeHeap 'profiled nmethods'"", 'instance': '10.42.1.125:8080', 'job': 'spring-petclinic'}",122908672,same_network,3,300
2026-07-24T22:01:37.824438+00:00,2026-07-24T22:01:37.876000+00:00,jvm_memory_max_bytes,customers-service,10.42.1.126:8080,"{'__name__': 'jvm_memory_max_bytes', 'area': 'nonheap', 'id': ""CodeHeap 'profiled nmethods'"", 'instance': '10.42.1.126:8080', 'job': 'spring-petclinic'}",122908672,same_network,3,300
2026-07-24T22:01:37.824438+00:00,2026-07-24T22:01:37.876000+00:00,jvm_memory_max_bytes,api-gateway,10.42.1.129:8080,"{'__name__': 'jvm_memory_max_bytes', 'area': 'nonheap', 'id': ""CodeHeap 'profiled nmethods'"", 'instance': '10.42.1.129:8080', 'job': 'spring-petclinic'}",122908672,same_network,3,300
2026-07-24T22:01:37.824438+00:00,2026-07-24T22:01:37.876000+00:00,jvm_memory_max_bytes,customers-service,10.42.0.186:8080,"{'__name__': 'jvm_memory_max_bytes', 'area': 'nonheap', 'id': 'Compressed Class Space', 'instance': '10.42.0.186:8080', 'job': 'spring-petclinic'}",1073741824,same_network,3,300
2026-07-24T22:01:37.824438+00:00,2026-07-24T22:01:37.876000+00:00,jvm_memory_max_bytes,api-gateway,10.42.0.187:8080,"{'__name__': 'jvm_memory_max_bytes', 'area': 'nonheap', 'id': 'Compressed Class Space', 'instance': '10.42.0.187:8080', 'job': 'spring-petclinic'}",1073741824,same_network,3,300
2026-07-24T22:01:37.824438+00:00,2026-07-24T22:01:37.876000+00:00,jvm_memory_max_bytes,visits-service,10.42.1.122:8080,"{'__name__': 'jvm_memory_max_bytes', 'area': 'nonheap', 'id': 'Compressed Class Space', 'instance': '10.42.1.122:8080', 'job': 'spring-petclinic'}",1073741824,same_network,3,300
2026-07-24T22:01:37.824438+00:00,2026-07-24T22:01:37.876000+00:00,jvm_memory_max_bytes,vets-service,10.42.1.123:8080,"{'__name__': 'jvm_memory_max_bytes', 'area': 'nonheap', 'id': 'Compressed Class Space', 'instance': '10.42.1.123:8080', 'job': 'spring-petclinic'}",1073741824,same_network,3,300
2026-07-24T22:01:37.824438+00:00,2026-07-24T22:01:37.876000+00:00,jvm_memory_max_bytes,vets-service,10.42.1.124:8080,"{'__name__': 'jvm_memory_max_bytes', 'area': 'nonheap', 'id': 'Compressed Class Space', 'instance': '10.42.1.124:8080', 'job': 'spring-petclinic'}",1073741824,same_network,3,300
2026-07-24T22:01:37.824438+00:00,2026-07-24T22:01:37.876000+00:00,jvm_memory_max_bytes,visits-service,10.42.1.125:8080,"{'__name__': 'jvm_memory_max_bytes', 'area': 'nonheap', 'id': 'Compressed Class Space', 'instance': '10.42.1.125:8080', 'job': 'spring-petclinic'}",1073741824,same_network,3,300
2026-07-24T22:01:37.824438+00:00,2026-07-24T22:01:37.876000+00:00,jvm_memory_max_bytes,customers-service,10.42.1.126:8080,"{'__name__': 'jvm_memory_max_bytes', 'area': 'nonheap', 'id': 'Compressed Class Space', 'instance': '10.42.1.126:8080', 'job': 'spring-petclinic'}",1073741824,same_network,3,300
2026-07-24T22:01:37.824438+00:00,2026-07-24T22:01:37.876000+00:00,jvm_memory_max_bytes,api-gateway,10.42.1.129:8080,"{'__name__': 'jvm_memory_max_bytes', 'area': 'nonheap', 'id': 'Compressed Class Space', 'instance': '10.42.1.129:8080', 'job': 'spring-petclinic'}",1073741824,same_network,3,300
2026-07-24T22:01:37.824438+00:00,2026-07-24T22:01:37.876000+00:00,jvm_memory_max_bytes,customers-service,10.42.0.186:8080,"{'__name__': 'jvm_memory_max_bytes', 'area': 'nonheap', 'id': 'Metaspace', 'instance': '10.42.0.186:8080', 'job': 'spring-petclinic'}",-1,same_network,3,300
2026-07-24T22:01:37.824438+00:00,2026-07-24T22:01:37.876000+00:00,jvm_memory_max_bytes,api-gateway,10.42.0.187:8080,"{'__name__': 'jvm_memory_max_bytes', 'area': 'nonheap', 'id': 'Metaspace', 'instance': '10.42.0.187:8080', 'job': 'spring-petclinic'}",-1,same_network,3,300
2026-07-24T22:01:37.824438+00:00,2026-07-24T22:01:37.876000+00:00,jvm_memory_max_bytes,visits-service,10.42.1.122:8080,"{'__name__': 'jvm_memory_max_bytes', 'area': 'nonheap', 'id': 'Metaspace', 'instance': '10.42.1.122:8080', 'job': 'spring-petclinic'}",-1,same_network,3,300
2026-07-24T22:01:37.824438+00:00,2026-07-24T22:01:37.876000+00:00,jvm_memory_max_bytes,vets-service,10.42.1.123:8080,"{'__name__': 'jvm_memory_max_bytes', 'area': 'nonheap', 'id': 'Metaspace', 'instance': '10.42.1.123:8080', 'job': 'spring-petclinic'}",-1,same_network,3,300
2026-07-24T22:01:37.824438+00:00,2026-07-24T22:01:37.876000+00:00,jvm_memory_max_bytes,vets-service,10.42.1.124:8080,"{'__name__': 'jvm_memory_max_bytes', 'area': 'nonheap', 'id': 'Metaspace', 'instance': '10.42.1.124:8080', 'job': 'spring-petclinic'}",-1,same_network,3,300
2026-07-24T22:01:37.824438+00:00,2026-07-24T22:01:37.876000+00:00,jvm_memory_max_bytes,visits-service,10.42.1.125:8080,"{'__name__': 'jvm_memory_max_bytes', 'area': 'nonheap', 'id': 'Metaspace', 'instance': '10.42.1.125:8080', 'job': 'spring-petclinic'}",-1,same_network,3,300
2026-07-24T22:01:37.824438+00:00,2026-07-24T22:01:37.876000+00:00,jvm_memory_max_bytes,customers-service,10.42.1.126:8080,"{'__name__': 'jvm_memory_max_bytes', 'area': 'nonheap', 'id': 'Metaspace', 'instance': '10.42.1.126:8080', 'job': 'spring-petclinic'}",-1,same_network,3,300
2026-07-24T22:01:37.824438+00:00,2026-07-24T22:01:37.876000+00:00,jvm_memory_max_bytes,api-gateway,10.42.1.129:8080,"{'__name__': 'jvm_memory_max_bytes', 'area': 'nonheap', 'id': 'Metaspace', 'instance': '10.42.1.129:8080', 'job': 'spring-petclinic'}",-1,same_network,3,300
2026-07-24T22:01:37.824438+00:00,2026-07-24T22:01:37.887000+00:00,jvm_memory_usage_after_gc_percent,customers-service,10.42.0.186:8080,"{'__name__': 'jvm_memory_usage_after_gc_percent', 'area': 'heap', 'instance': '10.42.0.186:8080', 'job': 'spring-petclinic', 'pool': 'long-lived'}",0.02668039206690436,same_network,3,300
2026-07-24T22:01:37.824438+00:00,2026-07-24T22:01:37.887000+00:00,jvm_memory_usage_after_gc_percent,api-gateway,10.42.0.187:8080,"{'__name__': 'jvm_memory_usage_after_gc_percent', 'area': 'heap', 'instance': '10.42.0.187:8080', 'job': 'spring-petclinic', 'pool': 'long-lived'}",0.8550278039608888,same_network,3,300
2026-07-24T22:01:37.824438+00:00,2026-07-24T22:01:37.887000+00:00,jvm_memory_usage_after_gc_percent,visits-service,10.42.1.122:8080,"{'__name__': 'jvm_memory_usage_after_gc_percent', 'area': 'heap', 'instance': '10.42.1.122:8080', 'job': 'spring-petclinic', 'pool': 'long-lived'}",0.011428614281143345,same_network,3,300
2026-07-24T22:01:37.824438+00:00,2026-07-24T22:01:37.887000+00:00,jvm_memory_usage_after_gc_percent,vets-service,10.42.1.123:8080,"{'__name__': 'jvm_memory_usage_after_gc_percent', 'area': 'heap', 'instance': '10.42.1.123:8080', 'job': 'spring-petclinic', 'pool': 'long-lived'}",0.015521677687713311,same_network,3,300
2026-07-24T22:01:37.824438+00:00,2026-07-24T22:01:37.887000+00:00,jvm_memory_usage_after_gc_percent,vets-service,10.42.1.124:8080,"{'__name__': 'jvm_memory_usage_after_gc_percent', 'area': 'heap', 'instance': '10.42.1.124:8080', 'job': 'spring-petclinic', 'pool': 'long-lived'}",0.018792245493813992,same_network,3,300
2026-07-24T22:01:37.824438+00:00,2026-07-24T22:01:37.887000+00:00,jvm_memory_usage_after_gc_percent,visits-service,10.42.1.125:8080,"{'__name__': 'jvm_memory_usage_after_gc_percent', 'area': 'heap', 'instance': '10.42.1.125:8080', 'job': 'spring-petclinic', 'pool': 'long-lived'}",0.014126159876279864,same_network,3,300
2026-07-24T22:01:37.824438+00:00,2026-07-24T22:01:37.887000+00:00,jvm_memory_usage_after_gc_percent,customers-service,10.42.1.126:8080,"{'__name__': 'jvm_memory_usage_after_gc_percent', 'area': 'heap', 'instance': '10.42.1.126:8080', 'job': 'spring-petclinic', 'pool': 'long-lived'}",0.01868084071032423,same_network,3,300
2026-07-24T22:01:37.824438+00:00,2026-07-24T22:01:37.887000+00:00,jvm_memory_usage_after_gc_percent,api-gateway,10.42.1.129:8080,"{'__name__': 'jvm_memory_usage_after_gc_percent', 'area': 'heap', 'instance': '10.42.1.129:8080', 'job': 'spring-petclinic', 'pool': 'long-lived'}",0.3772317725020597,same_network,3,300
2026-07-24T22:01:37.824438+00:00,2026-07-24T22:01:37.928000+00:00,jvm_gc_live_data_size_bytes,customers-service,10.42.0.186:8080,"{'__name__': 'jvm_gc_live_data_size_bytes', 'instance': '10.42.0.186:8080', 'job': 'spring-petclinic'}",0,same_network,3,300
2026-07-24T22:01:37.824438+00:00,2026-07-24T22:01:37.928000+00:00,jvm_gc_live_data_size_bytes,api-gateway,10.42.0.187:8080,"{'__name__': 'jvm_gc_live_data_size_bytes', 'instance': '10.42.0.187:8080', 'job': 'spring-petclinic'}",56814760,same_network,3,300
2026-07-24T22:01:37.824438+00:00,2026-07-24T22:01:37.928000+00:00,jvm_gc_live_data_size_bytes,visits-service,10.42.1.122:8080,"{'__name__': 'jvm_gc_live_data_size_bytes', 'instance': '10.42.1.122:8080', 'job': 'spring-petclinic'}",0,same_network,3,300
2026-07-24T22:01:37.824438+00:00,2026-07-24T22:01:37.928000+00:00,jvm_gc_live_data_size_bytes,vets-service,10.42.1.123:8080,"{'__name__': 'jvm_gc_live_data_size_bytes', 'instance': '10.42.1.123:8080', 'job': 'spring-petclinic'}",0,same_network,3,300
2026-07-24T22:01:37.824438+00:00,2026-07-24T22:01:37.928000+00:00,jvm_gc_live_data_size_bytes,vets-service,10.42.1.124:8080,"{'__name__': 'jvm_gc_live_data_size_bytes', 'instance': '10.42.1.124:8080', 'job': 'spring-petclinic'}",0,same_network,3,300
2026-07-24T22:01:37.824438+00:00,2026-07-24T22:01:37.928000+00:00,jvm_gc_live_data_size_bytes,visits-service,10.42.1.125:8080,"{'__name__': 'jvm_gc_live_data_size_bytes', 'instance': '10.42.1.125:8080', 'job': 'spring-petclinic'}",0,same_network,3,300
2026-07-24T22:01:37.824438+00:00,2026-07-24T22:01:37.928000+00:00,jvm_gc_live_data_size_bytes,customers-service,10.42.1.126:8080,"{'__name__': 'jvm_gc_live_data_size_bytes', 'instance': '10.42.1.126:8080', 'job': 'spring-petclinic'}",107705856,same_network,3,300
2026-07-24T22:01:37.824438+00:00,2026-07-24T22:01:37.928000+00:00,jvm_gc_live_data_size_bytes,api-gateway,10.42.1.129:8080,"{'__name__': 'jvm_gc_live_data_size_bytes', 'instance': '10.42.1.129:8080', 'job': 'spring-petclinic'}",53117632,same_network,3,300
2026-07-24T22:01:37.824438+00:00,2026-07-24T22:01:37.932000+00:00,jvm_gc_max_data_size_bytes,customers-service,10.42.0.186:8080,"{'__name__': 'jvm_gc_max_data_size_bytes', 'instance': '10.42.0.186:8080', 'job': 'spring-petclinic'}",6249512960,same_network,3,300
2026-07-24T22:01:37.824438+00:00,2026-07-24T22:01:37.932000+00:00,jvm_gc_max_data_size_bytes,api-gateway,10.42.0.187:8080,"{'__name__': 'jvm_gc_max_data_size_bytes', 'instance': '10.42.0.187:8080', 'job': 'spring-petclinic'}",178978816,same_network,3,300
2026-07-24T22:01:37.824438+00:00,2026-07-24T22:01:37.932000+00:00,jvm_gc_max_data_size_bytes,visits-service,10.42.1.122:8080,"{'__name__': 'jvm_gc_max_data_size_bytes', 'instance': '10.42.1.122:8080', 'job': 'spring-petclinic'}",6144655360,same_network,3,300
2026-07-24T22:01:37.824438+00:00,2026-07-24T22:01:37.932000+00:00,jvm_gc_max_data_size_bytes,vets-service,10.42.1.123:8080,"{'__name__': 'jvm_gc_max_data_size_bytes', 'instance': '10.42.1.123:8080', 'job': 'spring-petclinic'}",6144655360,same_network,3,300
2026-07-24T22:01:37.824438+00:00,2026-07-24T22:01:37.932000+00:00,jvm_gc_max_data_size_bytes,vets-service,10.42.1.124:8080,"{'__name__': 'jvm_gc_max_data_size_bytes', 'instance': '10.42.1.124:8080', 'job': 'spring-petclinic'}",6144655360,same_network,3,300
2026-07-24T22:01:37.824438+00:00,2026-07-24T22:01:37.932000+00:00,jvm_gc_max_data_size_bytes,visits-service,10.42.1.125:8080,"{'__name__': 'jvm_gc_max_data_size_bytes', 'instance': '10.42.1.125:8080', 'job': 'spring-petclinic'}",6144655360,same_network,3,300
2026-07-24T22:01:37.824438+00:00,2026-07-24T22:01:37.932000+00:00,jvm_gc_max_data_size_bytes,customers-service,10.42.1.126:8080,"{'__name__': 'jvm_gc_max_data_size_bytes', 'instance': '10.42.1.126:8080', 'job': 'spring-petclinic'}",6144655360,same_network,3,300
2026-07-24T22:01:37.824438+00:00,2026-07-24T22:01:37.932000+00:00,jvm_gc_max_data_size_bytes,api-gateway,10.42.1.129:8080,"{'__name__': 'jvm_gc_max_data_size_bytes', 'instance': '10.42.1.129:8080', 'job': 'spring-petclinic'}",178978816,same_network,3,300
2026-07-24T22:01:37.824438+00:00,2026-07-24T22:01:37.936000+00:00,jvm_gc_memory_allocated_bytes_total,customers-service,10.42.0.186:8080,"{'__name__': 'jvm_gc_memory_allocated_bytes_total', 'instance': '10.42.0.186:8080', 'job': 'spring-petclinic'}",141549371352,same_network,3,300
2026-07-24T22:01:37.824438+00:00,2026-07-24T22:01:37.936000+00:00,jvm_gc_memory_allocated_bytes_total,api-gateway,10.42.0.187:8080,"{'__name__': 'jvm_gc_memory_allocated_bytes_total', 'instance': '10.42.0.187:8080', 'job': 'spring-petclinic'}",558846332528,same_network,3,300
2026-07-24T22:01:37.824438+00:00,2026-07-24T22:01:37.936000+00:00,jvm_gc_memory_allocated_bytes_total,visits-service,10.42.1.122:8080,"{'__name__': 'jvm_gc_memory_allocated_bytes_total', 'instance': '10.42.1.122:8080', 'job': 'spring-petclinic'}",26034044928,same_network,3,300
2026-07-24T22:01:37.824438+00:00,2026-07-24T22:01:37.936000+00:00,jvm_gc_memory_allocated_bytes_total,vets-service,10.42.1.123:8080,"{'__name__': 'jvm_gc_memory_allocated_bytes_total', 'instance': '10.42.1.123:8080', 'job': 'spring-petclinic'}",58225328120,same_network,3,300
2026-07-24T22:01:37.824438+00:00,2026-07-24T22:01:37.936000+00:00,jvm_gc_memory_allocated_bytes_total,vets-service,10.42.1.124:8080,"{'__name__': 'jvm_gc_memory_allocated_bytes_total', 'instance': '10.42.1.124:8080', 'job': 'spring-petclinic'}",59303264256,same_network,3,300
2026-07-24T22:01:37.824438+00:00,2026-07-24T22:01:37.936000+00:00,jvm_gc_memory_allocated_bytes_total,visits-service,10.42.1.125:8080,"{'__name__': 'jvm_gc_memory_allocated_bytes_total', 'instance': '10.42.1.125:8080', 'job': 'spring-petclinic'}",25371344888,same_network,3,300
2026-07-24T22:01:37.824438+00:00,2026-07-24T22:01:37.936000+00:00,jvm_gc_memory_allocated_bytes_total,customers-service,10.42.1.126:8080,"{'__name__': 'jvm_gc_memory_allocated_bytes_total', 'instance': '10.42.1.126:8080', 'job': 'spring-petclinic'}",140307857232,same_network,3,300
2026-07-24T22:01:37.824438+00:00,2026-07-24T22:01:37.936000+00:00,jvm_gc_memory_allocated_bytes_total,api-gateway,10.42.1.129:8080,"{'__name__': 'jvm_gc_memory_allocated_bytes_total', 'instance': '10.42.1.129:8080', 'job': 'spring-petclinic'}",1723400192,same_network,3,300
2026-07-24T22:01:37.824438+00:00,2026-07-24T22:01:37.941000+00:00,jvm_gc_memory_promoted_bytes_total,customers-service,10.42.0.186:8080,"{'__name__': 'jvm_gc_memory_promoted_bytes_total', 'instance': '10.42.0.186:8080', 'job': 'spring-petclinic'}",142369792,same_network,3,300
2026-07-24T22:01:37.824438+00:00,2026-07-24T22:01:37.941000+00:00,jvm_gc_memory_promoted_bytes_total,api-gateway,10.42.0.187:8080,"{'__name__': 'jvm_gc_memory_promoted_bytes_total', 'instance': '10.42.0.187:8080', 'job': 'spring-petclinic'}",3863198160,same_network,3,300
2026-07-24T22:01:37.824438+00:00,2026-07-24T22:01:37.941000+00:00,jvm_gc_memory_promoted_bytes_total,visits-service,10.42.1.122:8080,"{'__name__': 'jvm_gc_memory_promoted_bytes_total', 'instance': '10.42.1.122:8080', 'job': 'spring-petclinic'}",45635584,same_network,3,300
2026-07-24T22:01:37.824438+00:00,2026-07-24T22:01:37.941000+00:00,jvm_gc_memory_promoted_bytes_total,vets-service,10.42.1.123:8080,"{'__name__': 'jvm_gc_memory_promoted_bytes_total', 'instance': '10.42.1.123:8080', 'job': 'spring-petclinic'}",71059456,same_network,3,300
2026-07-24T22:01:37.824438+00:00,2026-07-24T22:01:37.941000+00:00,jvm_gc_memory_promoted_bytes_total,vets-service,10.42.1.124:8080,"{'__name__': 'jvm_gc_memory_promoted_bytes_total', 'instance': '10.42.1.124:8080', 'job': 'spring-petclinic'}",90880000,same_network,3,300
2026-07-24T22:01:37.824438+00:00,2026-07-24T22:01:37.941000+00:00,jvm_gc_memory_promoted_bytes_total,visits-service,10.42.1.125:8080,"{'__name__': 'jvm_gc_memory_promoted_bytes_total', 'instance': '10.42.1.125:8080', 'job': 'spring-petclinic'}",63519744,same_network,3,300
2026-07-24T22:01:37.824438+00:00,2026-07-24T22:01:37.941000+00:00,jvm_gc_memory_promoted_bytes_total,customers-service,10.42.1.126:8080,"{'__name__': 'jvm_gc_memory_promoted_bytes_total', 'instance': '10.42.1.126:8080', 'job': 'spring-petclinic'}",383131648,same_network,3,300
2026-07-24T22:01:37.824438+00:00,2026-07-24T22:01:37.941000+00:00,jvm_gc_memory_promoted_bytes_total,api-gateway,10.42.1.129:8080,"{'__name__': 'jvm_gc_memory_promoted_bytes_total', 'instance': '10.42.1.129:8080', 'job': 'spring-petclinic'}",50353368,same_network,3,300
2026-07-24T22:01:37.824438+00:00,2026-07-24T22:01:37.947000+00:00,jvm_gc_overhead_percent,customers-service,10.42.0.186:8080,"{'__name__': 'jvm_gc_overhead_percent', 'instance': '10.42.0.186:8080', 'job': 'spring-petclinic'}",0.0006933333333333333,same_network,3,300
2026-07-24T22:01:37.824438+00:00,2026-07-24T22:01:37.947000+00:00,jvm_gc_overhead_percent,api-gateway,10.42.0.187:8080,"{'__name__': 'jvm_gc_overhead_percent', 'instance': '10.42.0.187:8080', 'job': 'spring-petclinic'}",0.007036666666666667,same_network,3,300
2026-07-24T22:01:37.824438+00:00,2026-07-24T22:01:37.947000+00:00,jvm_gc_overhead_percent,visits-service,10.42.1.122:8080,"{'__name__': 'jvm_gc_overhead_percent', 'instance': '10.42.1.122:8080', 'job': 'spring-petclinic'}",0.00016,same_network,3,300
2026-07-24T22:01:37.824438+00:00,2026-07-24T22:01:37.947000+00:00,jvm_gc_overhead_percent,vets-service,10.42.1.123:8080,"{'__name__': 'jvm_gc_overhead_percent', 'instance': '10.42.1.123:8080', 'job': 'spring-petclinic'}",0.0003133333333333333,same_network,3,300
2026-07-24T22:01:37.824438+00:00,2026-07-24T22:01:37.947000+00:00,jvm_gc_overhead_percent,vets-service,10.42.1.124:8080,"{'__name__': 'jvm_gc_overhead_percent', 'instance': '10.42.1.124:8080', 'job': 'spring-petclinic'}",0.0006,same_network,3,300
2026-07-24T22:01:37.824438+00:00,2026-07-24T22:01:37.947000+00:00,jvm_gc_overhead_percent,visits-service,10.42.1.125:8080,"{'__name__': 'jvm_gc_overhead_percent', 'instance': '10.42.1.125:8080', 'job': 'spring-petclinic'}",0.00022666666666666666,same_network,3,300
2026-07-24T22:01:37.824438+00:00,2026-07-24T22:01:37.947000+00:00,jvm_gc_overhead_percent,customers-service,10.42.1.126:8080,"{'__name__': 'jvm_gc_overhead_percent', 'instance': '10.42.1.126:8080', 'job': 'spring-petclinic'}",0.00047,same_network,3,300
2026-07-24T22:01:37.824438+00:00,2026-07-24T22:01:37.947000+00:00,jvm_gc_overhead_percent,api-gateway,10.42.1.129:8080,"{'__name__': 'jvm_gc_overhead_percent', 'instance': '10.42.1.129:8080', 'job': 'spring-petclinic'}",0.005665008696407649,same_network,3,300
2026-07-24T22:01:37.824438+00:00,2026-07-24T22:01:37.950000+00:00,jvm_gc_pause_seconds_count,api-gateway,10.42.0.187:8080,"{'__name__': 'jvm_gc_pause_seconds_count', 'action': 'end of major GC', 'cause': 'Allocation Failure', 'instance': '10.42.0.187:8080', 'job': 'spring-petclinic'}",145,same_network,3,300
2026-07-24T22:01:37.824438+00:00,2026-07-24T22:01:37.950000+00:00,jvm_gc_pause_seconds_count,api-gateway,10.42.1.129:8080,"{'__name__': 'jvm_gc_pause_seconds_count', 'action': 'end of major GC', 'cause': 'Allocation Failure', 'instance': '10.42.1.129:8080', 'job': 'spring-petclinic'}",2,same_network,3,300
2026-07-24T22:01:37.824438+00:00,2026-07-24T22:01:37.950000+00:00,jvm_gc_pause_seconds_count,api-gateway,10.42.0.187:8080,"{'__name__': 'jvm_gc_pause_seconds_count', 'action': 'end of minor GC', 'cause': 'Allocation Failure', 'instance': '10.42.0.187:8080', 'job': 'spring-petclinic'}",13924,same_network,3,300
2026-07-24T22:01:37.824438+00:00,2026-07-24T22:01:37.950000+00:00,jvm_gc_pause_seconds_count,api-gateway,10.42.1.129:8080,"{'__name__': 'jvm_gc_pause_seconds_count', 'action': 'end of minor GC', 'cause': 'Allocation Failure', 'instance': '10.42.1.129:8080', 'job': 'spring-petclinic'}",74,same_network,3,300
2026-07-24T22:01:37.824438+00:00,2026-07-24T22:01:37.950000+00:00,jvm_gc_pause_seconds_count,customers-service,10.42.0.186:8080,"{'__name__': 'jvm_gc_pause_seconds_count', 'action': 'end of minor GC', 'cause': 'G1 Evacuation Pause', 'instance': '10.42.0.186:8080', 'job': 'spring-petclinic'}",563,same_network,3,300
2026-07-24T22:01:37.824438+00:00,2026-07-24T22:01:37.950000+00:00,jvm_gc_pause_seconds_count,visits-service,10.42.1.122:8080,"{'__name__': 'jvm_gc_pause_seconds_count', 'action': 'end of minor GC', 'cause': 'G1 Evacuation Pause', 'instance': '10.42.1.122:8080', 'job': 'spring-petclinic'}",123,same_network,3,300
2026-07-24T22:01:37.824438+00:00,2026-07-24T22:01:37.950000+00:00,jvm_gc_pause_seconds_count,vets-service,10.42.1.123:8080,"{'__name__': 'jvm_gc_pause_seconds_count', 'action': 'end of minor GC', 'cause': 'G1 Evacuation Pause', 'instance': '10.42.1.123:8080', 'job': 'spring-petclinic'}",219,same_network,3,300
2026-07-24T22:01:37.824438+00:00,2026-07-24T22:01:37.950000+00:00,jvm_gc_pause_seconds_count,vets-service,10.42.1.124:8080,"{'__name__': 'jvm_gc_pause_seconds_count', 'action': 'end of minor GC', 'cause': 'G1 Evacuation Pause', 'instance': '10.42.1.124:8080', 'job': 'spring-petclinic'}",414,same_network,3,300
2026-07-24T22:01:37.824438+00:00,2026-07-24T22:01:37.950000+00:00,jvm_gc_pause_seconds_count,visits-service,10.42.1.125:8080,"{'__name__': 'jvm_gc_pause_seconds_count', 'action': 'end of minor GC', 'cause': 'G1 Evacuation Pause', 'instance': '10.42.1.125:8080', 'job': 'spring-petclinic'}",208,same_network,3,300
2026-07-24T22:01:37.824438+00:00,2026-07-24T22:01:37.950000+00:00,jvm_gc_pause_seconds_count,customers-service,10.42.1.126:8080,"{'__name__': 'jvm_gc_pause_seconds_count', 'action': 'end of minor GC', 'cause': 'G1 Evacuation Pause', 'instance': '10.42.1.126:8080', 'job': 'spring-petclinic'}",1987,same_network,3,300
2026-07-24T22:01:37.824438+00:00,2026-07-24T22:01:37.950000+00:00,jvm_gc_pause_seconds_count,customers-service,10.42.1.126:8080,"{'__name__': 'jvm_gc_pause_seconds_count', 'action': 'end of minor GC', 'cause': 'G1 Preventive Collection', 'instance': '10.42.1.126:8080', 'job': 'spring-petclinic'}",1,same_network,3,300
2026-07-24T22:01:37.824438+00:00,2026-07-24T22:01:37.950000+00:00,jvm_gc_pause_seconds_count,visits-service,10.42.1.125:8080,"{'__name__': 'jvm_gc_pause_seconds_count', 'action': 'end of minor GC', 'cause': 'GCLocker Initiated GC', 'instance': '10.42.1.125:8080', 'job': 'spring-petclinic'}",1,same_network,3,300
2026-07-24T22:01:37.824438+00:00,2026-07-24T22:01:37.950000+00:00,jvm_gc_pause_seconds_count,customers-service,10.42.1.126:8080,"{'__name__': 'jvm_gc_pause_seconds_count', 'action': 'end of minor GC', 'cause': 'GCLocker Initiated GC', 'instance': '10.42.1.126:8080', 'job': 'spring-petclinic'}",2,same_network,3,300
2026-07-24T22:01:37.824438+00:00,2026-07-24T22:01:37.950000+00:00,jvm_gc_pause_seconds_count,customers-service,10.42.0.186:8080,"{'__name__': 'jvm_gc_pause_seconds_count', 'action': 'end of minor GC', 'cause': 'Metadata GC Threshold', 'instance': '10.42.0.186:8080', 'job': 'spring-petclinic'}",1,same_network,3,300
2026-07-24T22:01:37.824438+00:00,2026-07-24T22:01:37.950000+00:00,jvm_gc_pause_seconds_count,visits-service,10.42.1.122:8080,"{'__name__': 'jvm_gc_pause_seconds_count', 'action': 'end of minor GC', 'cause': 'Metadata GC Threshold', 'instance': '10.42.1.122:8080', 'job': 'spring-petclinic'}",1,same_network,3,300
2026-07-24T22:01:37.824438+00:00,2026-07-24T22:01:37.950000+00:00,jvm_gc_pause_seconds_count,vets-service,10.42.1.123:8080,"{'__name__': 'jvm_gc_pause_seconds_count', 'action': 'end of minor GC', 'cause': 'Metadata GC Threshold', 'instance': '10.42.1.123:8080', 'job': 'spring-petclinic'}",1,same_network,3,300
2026-07-24T22:01:37.824438+00:00,2026-07-24T22:01:37.950000+00:00,jvm_gc_pause_seconds_count,vets-service,10.42.1.124:8080,"{'__name__': 'jvm_gc_pause_seconds_count', 'action': 'end of minor GC', 'cause': 'Metadata GC Threshold', 'instance': '10.42.1.124:8080', 'job': 'spring-petclinic'}",1,same_network,3,300
2026-07-24T22:01:37.824438+00:00,2026-07-24T22:01:37.950000+00:00,jvm_gc_pause_seconds_count,visits-service,10.42.1.125:8080,"{'__name__': 'jvm_gc_pause_seconds_count', 'action': 'end of minor GC', 'cause': 'Metadata GC Threshold', 'instance': '10.42.1.125:8080', 'job': 'spring-petclinic'}",1,same_network,3,300
2026-07-24T22:01:37.824438+00:00,2026-07-24T22:01:37.950000+00:00,jvm_gc_pause_seconds_count,customers-service,10.42.1.126:8080,"{'__name__': 'jvm_gc_pause_seconds_count', 'action': 'end of minor GC', 'cause': 'Metadata GC Threshold', 'instance': '10.42.1.126:8080', 'job': 'spring-petclinic'}",1,same_network,3,300
2026-07-24T22:01:37.824438+00:00,2026-07-24T22:01:37.959000+00:00,jvm_gc_pause_seconds_sum,api-gateway,10.42.0.187:8080,"{'__name__': 'jvm_gc_pause_seconds_sum', 'action': 'end of major GC', 'cause': 'Allocation Failure', 'instance': '10.42.0.187:8080', 'job': 'spring-petclinic'}",76.808,same_network,3,300
2026-07-24T22:01:37.824438+00:00,2026-07-24T22:01:37.959000+00:00,jvm_gc_pause_seconds_sum,api-gateway,10.42.1.129:8080,"{'__name__': 'jvm_gc_pause_seconds_sum', 'action': 'end of major GC', 'cause': 'Allocation Failure', 'instance': '10.42.1.129:8080', 'job': 'spring-petclinic'}",0.252,same_network,3,300
2026-07-24T22:01:37.824438+00:00,2026-07-24T22:01:37.959000+00:00,jvm_gc_pause_seconds_sum,api-gateway,10.42.0.187:8080,"{'__name__': 'jvm_gc_pause_seconds_sum', 'action': 'end of minor GC', 'cause': 'Allocation Failure', 'instance': '10.42.0.187:8080', 'job': 'spring-petclinic'}",94.333,same_network,3,300
2026-07-24T22:01:37.824438+00:00,2026-07-24T22:01:37.959000+00:00,jvm_gc_pause_seconds_sum,api-gateway,10.42.1.129:8080,"{'__name__': 'jvm_gc_pause_seconds_sum', 'action': 'end of minor GC', 'cause': 'Allocation Failure', 'instance': '10.42.1.129:8080', 'job': 'spring-petclinic'}",0.609,same_network,3,300
2026-07-24T22:01:37.824438+00:00,2026-07-24T22:01:37.959000+00:00,jvm_gc_pause_seconds_sum,customers-service,10.42.0.186:8080,"{'__name__': 'jvm_gc_pause_seconds_sum', 'action': 'end of minor GC', 'cause': 'G1 Evacuation Pause', 'instance': '10.42.0.186:8080', 'job': 'spring-petclinic'}",7.31,same_network,3,300
2026-07-24T22:01:37.824438+00:00,2026-07-24T22:01:37.959000+00:00,jvm_gc_pause_seconds_sum,visits-service,10.42.1.122:8080,"{'__name__': 'jvm_gc_pause_seconds_sum', 'action': 'end of minor GC', 'cause': 'G1 Evacuation Pause', 'instance': '10.42.1.122:8080', 'job': 'spring-petclinic'}",2.004,same_network,3,300
2026-07-24T22:01:37.824438+00:00,2026-07-24T22:01:37.959000+00:00,jvm_gc_pause_seconds_sum,vets-service,10.42.1.123:8080,"{'__name__': 'jvm_gc_pause_seconds_sum', 'action': 'end of minor GC', 'cause': 'G1 Evacuation Pause', 'instance': '10.42.1.123:8080', 'job': 'spring-petclinic'}",3.136,same_network,3,300
2026-07-24T22:01:37.824438+00:00,2026-07-24T22:01:37.959000+00:00,jvm_gc_pause_seconds_sum,vets-service,10.42.1.124:8080,"{'__name__': 'jvm_gc_pause_seconds_sum', 'action': 'end of minor GC', 'cause': 'G1 Evacuation Pause', 'instance': '10.42.1.124:8080', 'job': 'spring-petclinic'}",6.24,same_network,3,300
2026-07-24T22:01:37.824438+00:00,2026-07-24T22:01:37.959000+00:00,jvm_gc_pause_seconds_sum,visits-service,10.42.1.125:8080,"{'__name__': 'jvm_gc_pause_seconds_sum', 'action': 'end of minor GC', 'cause': 'G1 Evacuation Pause', 'instance': '10.42.1.125:8080', 'job': 'spring-petclinic'}",2.973,same_network,3,300
2026-07-24T22:01:37.824438+00:00,2026-07-24T22:01:37.959000+00:00,jvm_gc_pause_seconds_sum,customers-service,10.42.1.126:8080,"{'__name__': 'jvm_gc_pause_seconds_sum', 'action': 'end of minor GC', 'cause': 'G1 Evacuation Pause', 'instance': '10.42.1.126:8080', 'job': 'spring-petclinic'}",20.7,same_network,3,300
2026-07-24T22:01:37.824438+00:00,2026-07-24T22:01:37.959000+00:00,jvm_gc_pause_seconds_sum,customers-service,10.42.1.126:8080,"{'__name__': 'jvm_gc_pause_seconds_sum', 'action': 'end of minor GC', 'cause': 'G1 Preventive Collection', 'instance': '10.42.1.126:8080', 'job': 'spring-petclinic'}",0.008,same_network,3,300
2026-07-24T22:01:37.824438+00:00,2026-07-24T22:01:37.959000+00:00,jvm_gc_pause_seconds_sum,visits-service,10.42.1.125:8080,"{'__name__': 'jvm_gc_pause_seconds_sum', 'action': 'end of minor GC', 'cause': 'GCLocker Initiated GC', 'instance': '10.42.1.125:8080', 'job': 'spring-petclinic'}",0.011,same_network,3,300
2026-07-24T22:01:37.824438+00:00,2026-07-24T22:01:37.959000+00:00,jvm_gc_pause_seconds_sum,customers-service,10.42.1.126:8080,"{'__name__': 'jvm_gc_pause_seconds_sum', 'action': 'end of minor GC', 'cause': 'GCLocker Initiated GC', 'instance': '10.42.1.126:8080', 'job': 'spring-petclinic'}",0.009,same_network,3,300
2026-07-24T22:01:37.824438+00:00,2026-07-24T22:01:37.959000+00:00,jvm_gc_pause_seconds_sum,customers-service,10.42.0.186:8080,"{'__name__': 'jvm_gc_pause_seconds_sum', 'action': 'end of minor GC', 'cause': 'Metadata GC Threshold', 'instance': '10.42.0.186:8080', 'job': 'spring-petclinic'}",0.02,same_network,3,300
2026-07-24T22:01:37.824438+00:00,2026-07-24T22:01:37.959000+00:00,jvm_gc_pause_seconds_sum,visits-service,10.42.1.122:8080,"{'__name__': 'jvm_gc_pause_seconds_sum', 'action': 'end of minor GC', 'cause': 'Metadata GC Threshold', 'instance': '10.42.1.122:8080', 'job': 'spring-petclinic'}",0.011,same_network,3,300
2026-07-24T22:01:37.824438+00:00,2026-07-24T22:01:37.959000+00:00,jvm_gc_pause_seconds_sum,vets-service,10.42.1.123:8080,"{'__name__': 'jvm_gc_pause_seconds_sum', 'action': 'end of minor GC', 'cause': 'Metadata GC Threshold', 'instance': '10.42.1.123:8080', 'job': 'spring-petclinic'}",0.021,same_network,3,300
2026-07-24T22:01:37.824438+00:00,2026-07-24T22:01:37.959000+00:00,jvm_gc_pause_seconds_sum,vets-service,10.42.1.124:8080,"{'__name__': 'jvm_gc_pause_seconds_sum', 'action': 'end of minor GC', 'cause': 'Metadata GC Threshold', 'instance': '10.42.1.124:8080', 'job': 'spring-petclinic'}",0.014,same_network,3,300
2026-07-24T22:01:37.824438+00:00,2026-07-24T22:01:37.959000+00:00,jvm_gc_pause_seconds_sum,visits-service,10.42.1.125:8080,"{'__name__': 'jvm_gc_pause_seconds_sum', 'action': 'end of minor GC', 'cause': 'Metadata GC Threshold', 'instance': '10.42.1.125:8080', 'job': 'spring-petclinic'}",0.009,same_network,3,300
2026-07-24T22:01:37.824438+00:00,2026-07-24T22:01:37.959000+00:00,jvm_gc_pause_seconds_sum,customers-service,10.42.1.126:8080,"{'__name__': 'jvm_gc_pause_seconds_sum', 'action': 'end of minor GC', 'cause': 'Metadata GC Threshold', 'instance': '10.42.1.126:8080', 'job': 'spring-petclinic'}",0.009,same_network,3,300
2026-07-24T22:01:37.824438+00:00,2026-07-24T22:01:37.965000+00:00,jvm_gc_pause_seconds_max,api-gateway,10.42.0.187:8080,"{'__name__': 'jvm_gc_pause_seconds_max', 'action': 'end of major GC', 'cause': 'Allocation Failure', 'instance': '10.42.0.187:8080', 'job': 'spring-petclinic'}",0,same_network,3,300
2026-07-24T22:01:37.824438+00:00,2026-07-24T22:01:37.965000+00:00,jvm_gc_pause_seconds_max,api-gateway,10.42.1.129:8080,"{'__name__': 'jvm_gc_pause_seconds_max', 'action': 'end of major GC', 'cause': 'Allocation Failure', 'instance': '10.42.1.129:8080', 'job': 'spring-petclinic'}",0.137,same_network,3,300
2026-07-24T22:01:37.824438+00:00,2026-07-24T22:01:37.965000+00:00,jvm_gc_pause_seconds_max,api-gateway,10.42.0.187:8080,"{'__name__': 'jvm_gc_pause_seconds_max', 'action': 'end of minor GC', 'cause': 'Allocation Failure', 'instance': '10.42.0.187:8080', 'job': 'spring-petclinic'}",0.022,same_network,3,300
2026-07-24T22:01:37.824438+00:00,2026-07-24T22:01:37.965000+00:00,jvm_gc_pause_seconds_max,api-gateway,10.42.1.129:8080,"{'__name__': 'jvm_gc_pause_seconds_max', 'action': 'end of minor GC', 'cause': 'Allocation Failure', 'instance': '10.42.1.129:8080', 'job': 'spring-petclinic'}",0.022,same_network,3,300
2026-07-24T22:01:37.824438+00:00,2026-07-24T22:01:37.965000+00:00,jvm_gc_pause_seconds_max,customers-service,10.42.0.186:8080,"{'__name__': 'jvm_gc_pause_seconds_max', 'action': 'end of minor GC', 'cause': 'G1 Evacuation Pause', 'instance': '10.42.0.186:8080', 'job': 'spring-petclinic'}",0.023,same_network,3,300
2026-07-24T22:01:37.824438+00:00,2026-07-24T22:01:37.965000+00:00,jvm_gc_pause_seconds_max,visits-service,10.42.1.122:8080,"{'__name__': 'jvm_gc_pause_seconds_max', 'action': 'end of minor GC', 'cause': 'G1 Evacuation Pause', 'instance': '10.42.1.122:8080', 'job': 'spring-petclinic'}",0.016,same_network,3,300
2026-07-24T22:01:37.824438+00:00,2026-07-24T22:01:37.965000+00:00,jvm_gc_pause_seconds_max,vets-service,10.42.1.123:8080,"{'__name__': 'jvm_gc_pause_seconds_max', 'action': 'end of minor GC', 'cause': 'G1 Evacuation Pause', 'instance': '10.42.1.123:8080', 'job': 'spring-petclinic'}",0.019,same_network,3,300
2026-07-24T22:01:37.824438+00:00,2026-07-24T22:01:37.965000+00:00,jvm_gc_pause_seconds_max,vets-service,10.42.1.124:8080,"{'__name__': 'jvm_gc_pause_seconds_max', 'action': 'end of minor GC', 'cause': 'G1 Evacuation Pause', 'instance': '10.42.1.124:8080', 'job': 'spring-petclinic'}",0.017,same_network,3,300
2026-07-24T22:01:37.824438+00:00,2026-07-24T22:01:37.965000+00:00,jvm_gc_pause_seconds_max,visits-service,10.42.1.125:8080,"{'__name__': 'jvm_gc_pause_seconds_max', 'action': 'end of minor GC', 'cause': 'G1 Evacuation Pause', 'instance': '10.42.1.125:8080', 'job': 'spring-petclinic'}",0.012,same_network,3,300
2026-07-24T22:01:37.824438+00:00,2026-07-24T22:01:37.965000+00:00,jvm_gc_pause_seconds_max,customers-service,10.42.1.126:8080,"{'__name__': 'jvm_gc_pause_seconds_max', 'action': 'end of minor GC', 'cause': 'G1 Evacuation Pause', 'instance': '10.42.1.126:8080', 'job': 'spring-petclinic'}",0.024,same_network,3,300
2026-07-24T22:01:37.824438+00:00,2026-07-24T22:01:37.965000+00:00,jvm_gc_pause_seconds_max,customers-service,10.42.1.126:8080,"{'__name__': 'jvm_gc_pause_seconds_max', 'action': 'end of minor GC', 'cause': 'G1 Preventive Collection', 'instance': '10.42.1.126:8080', 'job': 'spring-petclinic'}",0,same_network,3,300
2026-07-24T22:01:37.824438+00:00,2026-07-24T22:01:37.965000+00:00,jvm_gc_pause_seconds_max,visits-service,10.42.1.125:8080,"{'__name__': 'jvm_gc_pause_seconds_max', 'action': 'end of minor GC', 'cause': 'GCLocker Initiated GC', 'instance': '10.42.1.125:8080', 'job': 'spring-petclinic'}",0,same_network,3,300
2026-07-24T22:01:37.824438+00:00,2026-07-24T22:01:37.965000+00:00,jvm_gc_pause_seconds_max,customers-service,10.42.1.126:8080,"{'__name__': 'jvm_gc_pause_seconds_max', 'action': 'end of minor GC', 'cause': 'GCLocker Initiated GC', 'instance': '10.42.1.126:8080', 'job': 'spring-petclinic'}",0,same_network,3,300
2026-07-24T22:01:37.824438+00:00,2026-07-24T22:01:37.965000+00:00,jvm_gc_pause_seconds_max,customers-service,10.42.0.186:8080,"{'__name__': 'jvm_gc_pause_seconds_max', 'action': 'end of minor GC', 'cause': 'Metadata GC Threshold', 'instance': '10.42.0.186:8080', 'job': 'spring-petclinic'}",0,same_network,3,300
2026-07-24T22:01:37.824438+00:00,2026-07-24T22:01:37.965000+00:00,jvm_gc_pause_seconds_max,visits-service,10.42.1.122:8080,"{'__name__': 'jvm_gc_pause_seconds_max', 'action': 'end of minor GC', 'cause': 'Metadata GC Threshold', 'instance': '10.42.1.122:8080', 'job': 'spring-petclinic'}",0,same_network,3,300
2026-07-24T22:01:37.824438+00:00,2026-07-24T22:01:37.965000+00:00,jvm_gc_pause_seconds_max,vets-service,10.42.1.123:8080,"{'__name__': 'jvm_gc_pause_seconds_max', 'action': 'end of minor GC', 'cause': 'Metadata GC Threshold', 'instance': '10.42.1.123:8080', 'job': 'spring-petclinic'}",0,same_network,3,300
2026-07-24T22:01:37.824438+00:00,2026-07-24T22:01:37.965000+00:00,jvm_gc_pause_seconds_max,vets-service,10.42.1.124:8080,"{'__name__': 'jvm_gc_pause_seconds_max', 'action': 'end of minor GC', 'cause': 'Metadata GC Threshold', 'instance': '10.42.1.124:8080', 'job': 'spring-petclinic'}",0,same_network,3,300
2026-07-24T22:01:37.824438+00:00,2026-07-24T22:01:37.965000+00:00,jvm_gc_pause_seconds_max,visits-service,10.42.1.125:8080,"{'__name__': 'jvm_gc_pause_seconds_max', 'action': 'end of minor GC', 'cause': 'Metadata GC Threshold', 'instance': '10.42.1.125:8080', 'job': 'spring-petclinic'}",0,same_network,3,300
2026-07-24T22:01:37.824438+00:00,2026-07-24T22:01:37.965000+00:00,jvm_gc_pause_seconds_max,customers-service,10.42.1.126:8080,"{'__name__': 'jvm_gc_pause_seconds_max', 'action': 'end of minor GC', 'cause': 'Metadata GC Threshold', 'instance': '10.42.1.126:8080', 'job': 'spring-petclinic'}",0,same_network,3,300
2026-07-24T22:01:37.824438+00:00,2026-07-24T22:01:37.972000+00:00,jvm_buffer_count_buffers,customers-service,10.42.0.186:8080,"{'__name__': 'jvm_buffer_count_buffers', 'id': 'direct', 'instance': '10.42.0.186:8080', 'job': 'spring-petclinic'}",28,same_network,3,300
2026-07-24T22:01:37.824438+00:00,2026-07-24T22:01:37.972000+00:00,jvm_buffer_count_buffers,api-gateway,10.42.0.187:8080,"{'__name__': 'jvm_buffer_count_buffers', 'id': 'direct', 'instance': '10.42.0.187:8080', 'job': 'spring-petclinic'}",31,same_network,3,300
2026-07-24T22:01:37.824438+00:00,2026-07-24T22:01:37.972000+00:00,jvm_buffer_count_buffers,visits-service,10.42.1.122:8080,"{'__name__': 'jvm_buffer_count_buffers', 'id': 'direct', 'instance': '10.42.1.122:8080', 'job': 'spring-petclinic'}",17,same_network,3,300
2026-07-24T22:01:37.824438+00:00,2026-07-24T22:01:37.972000+00:00,jvm_buffer_count_buffers,vets-service,10.42.1.123:8080,"{'__name__': 'jvm_buffer_count_buffers', 'id': 'direct', 'instance': '10.42.1.123:8080', 'job': 'spring-petclinic'}",32,same_network,3,300
2026-07-24T22:01:37.824438+00:00,2026-07-24T22:01:37.972000+00:00,jvm_buffer_count_buffers,vets-service,10.42.1.124:8080,"{'__name__': 'jvm_buffer_count_buffers', 'id': 'direct', 'instance': '10.42.1.124:8080', 'job': 'spring-petclinic'}",25,same_network,3,300
2026-07-24T22:01:37.824438+00:00,2026-07-24T22:01:37.972000+00:00,jvm_buffer_count_buffers,visits-service,10.42.1.125:8080,"{'__name__': 'jvm_buffer_count_buffers', 'id': 'direct', 'instance': '10.42.1.125:8080', 'job': 'spring-petclinic'}",16,same_network,3,300
2026-07-24T22:01:37.824438+00:00,2026-07-24T22:01:37.972000+00:00,jvm_buffer_count_buffers,customers-service,10.42.1.126:8080,"{'__name__': 'jvm_buffer_count_buffers', 'id': 'direct', 'instance': '10.42.1.126:8080', 'job': 'spring-petclinic'}",35,same_network,3,300
2026-07-24T22:01:37.824438+00:00,2026-07-24T22:01:37.972000+00:00,jvm_buffer_count_buffers,api-gateway,10.42.1.129:8080,"{'__name__': 'jvm_buffer_count_buffers', 'id': 'direct', 'instance': '10.42.1.129:8080', 'job': 'spring-petclinic'}",21,same_network,3,300
2026-07-24T22:01:37.824438+00:00,2026-07-24T22:01:37.972000+00:00,jvm_buffer_count_buffers,customers-service,10.42.0.186:8080,"{'__name__': 'jvm_buffer_count_buffers', 'id': 'mapped', 'instance': '10.42.0.186:8080', 'job': 'spring-petclinic'}",0,same_network,3,300
2026-07-24T22:01:37.824438+00:00,2026-07-24T22:01:37.972000+00:00,jvm_buffer_count_buffers,api-gateway,10.42.0.187:8080,"{'__name__': 'jvm_buffer_count_buffers', 'id': 'mapped', 'instance': '10.42.0.187:8080', 'job': 'spring-petclinic'}",0,same_network,3,300
2026-07-24T22:01:37.824438+00:00,2026-07-24T22:01:37.972000+00:00,jvm_buffer_count_buffers,visits-service,10.42.1.122:8080,"{'__name__': 'jvm_buffer_count_buffers', 'id': 'mapped', 'instance': '10.42.1.122:8080', 'job': 'spring-petclinic'}",0,same_network,3,300
2026-07-24T22:01:37.824438+00:00,2026-07-24T22:01:37.972000+00:00,jvm_buffer_count_buffers,vets-service,10.42.1.123:8080,"{'__name__': 'jvm_buffer_count_buffers', 'id': 'mapped', 'instance': '10.42.1.123:8080', 'job': 'spring-petclinic'}",0,same_network,3,300
2026-07-24T22:01:37.824438+00:00,2026-07-24T22:01:37.972000+00:00,jvm_buffer_count_buffers,vets-service,10.42.1.124:8080,"{'__name__': 'jvm_buffer_count_buffers', 'id': 'mapped', 'instance': '10.42.1.124:8080', 'job': 'spring-petclinic'}",0,same_network,3,300
2026-07-24T22:01:37.824438+00:00,2026-07-24T22:01:37.972000+00:00,jvm_buffer_count_buffers,visits-service,10.42.1.125:8080,"{'__name__': 'jvm_buffer_count_buffers', 'id': 'mapped', 'instance': '10.42.1.125:8080', 'job': 'spring-petclinic'}",0,same_network,3,300
2026-07-24T22:01:37.824438+00:00,2026-07-24T22:01:37.972000+00:00,jvm_buffer_count_buffers,customers-service,10.42.1.126:8080,"{'__name__': 'jvm_buffer_count_buffers', 'id': 'mapped', 'instance': '10.42.1.126:8080', 'job': 'spring-petclinic'}",0,same_network,3,300
2026-07-24T22:01:37.824438+00:00,2026-07-24T22:01:37.972000+00:00,jvm_buffer_count_buffers,api-gateway,10.42.1.129:8080,"{'__name__': 'jvm_buffer_count_buffers', 'id': 'mapped', 'instance': '10.42.1.129:8080', 'job': 'spring-petclinic'}",0,same_network,3,300
2026-07-24T22:01:37.824438+00:00,2026-07-24T22:01:37.972000+00:00,jvm_buffer_count_buffers,customers-service,10.42.0.186:8080,"{'__name__': 'jvm_buffer_count_buffers', 'id': ""mapped - 'non-volatile memory'"", 'instance': '10.42.0.186:8080', 'job': 'spring-petclinic'}",0,same_network,3,300
2026-07-24T22:01:37.824438+00:00,2026-07-24T22:01:37.972000+00:00,jvm_buffer_count_buffers,api-gateway,10.42.0.187:8080,"{'__name__': 'jvm_buffer_count_buffers', 'id': ""mapped - 'non-volatile memory'"", 'instance': '10.42.0.187:8080', 'job': 'spring-petclinic'}",0,same_network,3,300
2026-07-24T22:01:37.824438+00:00,2026-07-24T22:01:37.972000+00:00,jvm_buffer_count_buffers,visits-service,10.42.1.122:8080,"{'__name__': 'jvm_buffer_count_buffers', 'id': ""mapped - 'non-volatile memory'"", 'instance': '10.42.1.122:8080', 'job': 'spring-petclinic'}",0,same_network,3,300
2026-07-24T22:01:37.824438+00:00,2026-07-24T22:01:37.972000+00:00,jvm_buffer_count_buffers,vets-service,10.42.1.123:8080,"{'__name__': 'jvm_buffer_count_buffers', 'id': ""mapped - 'non-volatile memory'"", 'instance': '10.42.1.123:8080', 'job': 'spring-petclinic'}",0,same_network,3,300
2026-07-24T22:01:37.824438+00:00,2026-07-24T22:01:37.972000+00:00,jvm_buffer_count_buffers,vets-service,10.42.1.124:8080,"{'__name__': 'jvm_buffer_count_buffers', 'id': ""mapped - 'non-volatile memory'"", 'instance': '10.42.1.124:8080', 'job': 'spring-petclinic'}",0,same_network,3,300
2026-07-24T22:01:37.824438+00:00,2026-07-24T22:01:37.972000+00:00,jvm_buffer_count_buffers,visits-service,10.42.1.125:8080,"{'__name__': 'jvm_buffer_count_buffers', 'id': ""mapped - 'non-volatile memory'"", 'instance': '10.42.1.125:8080', 'job': 'spring-petclinic'}",0,same_network,3,300
2026-07-24T22:01:37.824438+00:00,2026-07-24T22:01:37.972000+00:00,jvm_buffer_count_buffers,customers-service,10.42.1.126:8080,"{'__name__': 'jvm_buffer_count_buffers', 'id': ""mapped - 'non-volatile memory'"", 'instance': '10.42.1.126:8080', 'job': 'spring-petclinic'}",0,same_network,3,300
2026-07-24T22:01:37.824438+00:00,2026-07-24T22:01:37.972000+00:00,jvm_buffer_count_buffers,api-gateway,10.42.1.129:8080,"{'__name__': 'jvm_buffer_count_buffers', 'id': ""mapped - 'non-volatile memory'"", 'instance': '10.42.1.129:8080', 'job': 'spring-petclinic'}",0,same_network,3,300
2026-07-24T22:01:37.824438+00:00,2026-07-24T22:01:37.978000+00:00,jvm_buffer_memory_used_bytes,customers-service,10.42.0.186:8080,"{'__name__': 'jvm_buffer_memory_used_bytes', 'id': 'direct', 'instance': '10.42.0.186:8080', 'job': 'spring-petclinic'}",314474,same_network,3,300
2026-07-24T22:01:37.824438+00:00,2026-07-24T22:01:37.978000+00:00,jvm_buffer_memory_used_bytes,api-gateway,10.42.0.187:8080,"{'__name__': 'jvm_buffer_memory_used_bytes', 'id': 'direct', 'instance': '10.42.0.187:8080', 'job': 'spring-petclinic'}",34260529,same_network,3,300
2026-07-24T22:01:37.824438+00:00,2026-07-24T22:01:37.978000+00:00,jvm_buffer_memory_used_bytes,visits-service,10.42.1.122:8080,"{'__name__': 'jvm_buffer_memory_used_bytes', 'id': 'direct', 'instance': '10.42.1.122:8080', 'job': 'spring-petclinic'}",181052,same_network,3,300
2026-07-24T22:01:37.824438+00:00,2026-07-24T22:01:37.978000+00:00,jvm_buffer_memory_used_bytes,vets-service,10.42.1.123:8080,"{'__name__': 'jvm_buffer_memory_used_bytes', 'id': 'direct', 'instance': '10.42.1.123:8080', 'job': 'spring-petclinic'}",339090,same_network,3,300
2026-07-24T22:01:37.824438+00:00,2026-07-24T22:01:37.978000+00:00,jvm_buffer_memory_used_bytes,vets-service,10.42.1.124:8080,"{'__name__': 'jvm_buffer_memory_used_bytes', 'id': 'direct', 'instance': '10.42.1.124:8080', 'job': 'spring-petclinic'}",275015,same_network,3,300
2026-07-24T22:01:37.824438+00:00,2026-07-24T22:01:37.978000+00:00,jvm_buffer_memory_used_bytes,visits-service,10.42.1.125:8080,"{'__name__': 'jvm_buffer_memory_used_bytes', 'id': 'direct', 'instance': '10.42.1.125:8080', 'job': 'spring-petclinic'}",179838,same_network,3,300
2026-07-24T22:01:37.824438+00:00,2026-07-24T22:01:37.978000+00:00,jvm_buffer_memory_used_bytes,customers-service,10.42.1.126:8080,"{'__name__': 'jvm_buffer_memory_used_bytes', 'id': 'direct', 'instance': '10.42.1.126:8080', 'job': 'spring-petclinic'}",371822,same_network,3,300
2026-07-24T22:01:37.824438+00:00,2026-07-24T22:01:37.978000+00:00,jvm_buffer_memory_used_bytes,api-gateway,10.42.1.129:8080,"{'__name__': 'jvm_buffer_memory_used_bytes', 'id': 'direct', 'instance': '10.42.1.129:8080', 'job': 'spring-petclinic'}",33990270,same_network,3,300
2026-07-24T22:01:37.824438+00:00,2026-07-24T22:01:37.978000+00:00,jvm_buffer_memory_used_bytes,customers-service,10.42.0.186:8080,"{'__name__': 'jvm_buffer_memory_used_bytes', 'id': 'mapped', 'instance': '10.42.0.186:8080', 'job': 'spring-petclinic'}",0,same_network,3,300
2026-07-24T22:01:37.824438+00:00,2026-07-24T22:01:37.978000+00:00,jvm_buffer_memory_used_bytes,api-gateway,10.42.0.187:8080,"{'__name__': 'jvm_buffer_memory_used_bytes', 'id': 'mapped', 'instance': '10.42.0.187:8080', 'job': 'spring-petclinic'}",0,same_network,3,300
2026-07-24T22:01:37.824438+00:00,2026-07-24T22:01:37.978000+00:00,jvm_buffer_memory_used_bytes,visits-service,10.42.1.122:8080,"{'__name__': 'jvm_buffer_memory_used_bytes', 'id': 'mapped', 'instance': '10.42.1.122:8080', 'job': 'spring-petclinic'}",0,same_network,3,300
2026-07-24T22:01:37.824438+00:00,2026-07-24T22:01:37.978000+00:00,jvm_buffer_memory_used_bytes,vets-service,10.42.1.123:8080,"{'__name__': 'jvm_buffer_memory_used_bytes', 'id': 'mapped', 'instance': '10.42.1.123:8080', 'job': 'spring-petclinic'}",0,same_network,3,300
2026-07-24T22:01:37.824438+00:00,2026-07-24T22:01:37.978000+00:00,jvm_buffer_memory_used_bytes,vets-service,10.42.1.124:8080,"{'__name__': 'jvm_buffer_memory_used_bytes', 'id': 'mapped', 'instance': '10.42.1.124:8080', 'job': 'spring-petclinic'}",0,same_network,3,300
2026-07-24T22:01:37.824438+00:00,2026-07-24T22:01:37.978000+00:00,jvm_buffer_memory_used_bytes,visits-service,10.42.1.125:8080,"{'__name__': 'jvm_buffer_memory_used_bytes', 'id': 'mapped', 'instance': '10.42.1.125:8080', 'job': 'spring-petclinic'}",0,same_network,3,300
2026-07-24T22:01:37.824438+00:00,2026-07-24T22:01:37.978000+00:00,jvm_buffer_memory_used_bytes,customers-service,10.42.1.126:8080,"{'__name__': 'jvm_buffer_memory_used_bytes', 'id': 'mapped', 'instance': '10.42.1.126:8080', 'job': 'spring-petclinic'}",0,same_network,3,300
2026-07-24T22:01:37.824438+00:00,2026-07-24T22:01:37.978000+00:00,jvm_buffer_memory_used_bytes,api-gateway,10.42.1.129:8080,"{'__name__': 'jvm_buffer_memory_used_bytes', 'id': 'mapped', 'instance': '10.42.1.129:8080', 'job': 'spring-petclinic'}",0,same_network,3,300
2026-07-24T22:01:37.824438+00:00,2026-07-24T22:01:37.978000+00:00,jvm_buffer_memory_used_bytes,customers-service,10.42.0.186:8080,"{'__name__': 'jvm_buffer_memory_used_bytes', 'id': ""mapped - 'non-volatile memory'"", 'instance': '10.42.0.186:8080', 'job': 'spring-petclinic'}",0,same_network,3,300
2026-07-24T22:01:37.824438+00:00,2026-07-24T22:01:37.978000+00:00,jvm_buffer_memory_used_bytes,api-gateway,10.42.0.187:8080,"{'__name__': 'jvm_buffer_memory_used_bytes', 'id': ""mapped - 'non-volatile memory'"", 'instance': '10.42.0.187:8080', 'job': 'spring-petclinic'}",0,same_network,3,300
2026-07-24T22:01:37.824438+00:00,2026-07-24T22:01:37.978000+00:00,jvm_buffer_memory_used_bytes,visits-service,10.42.1.122:8080,"{'__name__': 'jvm_buffer_memory_used_bytes', 'id': ""mapped - 'non-volatile memory'"", 'instance': '10.42.1.122:8080', 'job': 'spring-petclinic'}",0,same_network,3,300
2026-07-24T22:01:37.824438+00:00,2026-07-24T22:01:37.978000+00:00,jvm_buffer_memory_used_bytes,vets-service,10.42.1.123:8080,"{'__name__': 'jvm_buffer_memory_used_bytes', 'id': ""mapped - 'non-volatile memory'"", 'instance': '10.42.1.123:8080', 'job': 'spring-petclinic'}",0,same_network,3,300
2026-07-24T22:01:37.824438+00:00,2026-07-24T22:01:37.978000+00:00,jvm_buffer_memory_used_bytes,vets-service,10.42.1.124:8080,"{'__name__': 'jvm_buffer_memory_used_bytes', 'id': ""mapped - 'non-volatile memory'"", 'instance': '10.42.1.124:8080', 'job': 'spring-petclinic'}",0,same_network,3,300
2026-07-24T22:01:37.824438+00:00,2026-07-24T22:01:37.978000+00:00,jvm_buffer_memory_used_bytes,visits-service,10.42.1.125:8080,"{'__name__': 'jvm_buffer_memory_used_bytes', 'id': ""mapped - 'non-volatile memory'"", 'instance': '10.42.1.125:8080', 'job': 'spring-petclinic'}",0,same_network,3,300
2026-07-24T22:01:37.824438+00:00,2026-07-24T22:01:37.978000+00:00,jvm_buffer_memory_used_bytes,customers-service,10.42.1.126:8080,"{'__name__': 'jvm_buffer_memory_used_bytes', 'id': ""mapped - 'non-volatile memory'"", 'instance': '10.42.1.126:8080', 'job': 'spring-petclinic'}",0,same_network,3,300
2026-07-24T22:01:37.824438+00:00,2026-07-24T22:01:37.978000+00:00,jvm_buffer_memory_used_bytes,api-gateway,10.42.1.129:8080,"{'__name__': 'jvm_buffer_memory_used_bytes', 'id': ""mapped - 'non-volatile memory'"", 'instance': '10.42.1.129:8080', 'job': 'spring-petclinic'}",0,same_network,3,300
2026-07-24T22:01:37.824438+00:00,2026-07-24T22:01:37.986000+00:00,jvm_buffer_total_capacity_bytes,customers-service,10.42.0.186:8080,"{'__name__': 'jvm_buffer_total_capacity_bytes', 'id': 'direct', 'instance': '10.42.0.186:8080', 'job': 'spring-petclinic'}",314474,same_network,3,300
2026-07-24T22:01:37.824438+00:00,2026-07-24T22:01:37.986000+00:00,jvm_buffer_total_capacity_bytes,api-gateway,10.42.0.187:8080,"{'__name__': 'jvm_buffer_total_capacity_bytes', 'id': 'direct', 'instance': '10.42.0.187:8080', 'job': 'spring-petclinic'}",34260528,same_network,3,300
2026-07-24T22:01:37.824438+00:00,2026-07-24T22:01:37.986000+00:00,jvm_buffer_total_capacity_bytes,visits-service,10.42.1.122:8080,"{'__name__': 'jvm_buffer_total_capacity_bytes', 'id': 'direct', 'instance': '10.42.1.122:8080', 'job': 'spring-petclinic'}",181052,same_network,3,300
2026-07-24T22:01:37.824438+00:00,2026-07-24T22:01:37.986000+00:00,jvm_buffer_total_capacity_bytes,vets-service,10.42.1.123:8080,"{'__name__': 'jvm_buffer_total_capacity_bytes', 'id': 'direct', 'instance': '10.42.1.123:8080', 'job': 'spring-petclinic'}",339090,same_network,3,300
2026-07-24T22:01:37.824438+00:00,2026-07-24T22:01:37.986000+00:00,jvm_buffer_total_capacity_bytes,vets-service,10.42.1.124:8080,"{'__name__': 'jvm_buffer_total_capacity_bytes', 'id': 'direct', 'instance': '10.42.1.124:8080', 'job': 'spring-petclinic'}",275015,same_network,3,300
2026-07-24T22:01:37.824438+00:00,2026-07-24T22:01:37.986000+00:00,jvm_buffer_total_capacity_bytes,visits-service,10.42.1.125:8080,"{'__name__': 'jvm_buffer_total_capacity_bytes', 'id': 'direct', 'instance': '10.42.1.125:8080', 'job': 'spring-petclinic'}",179838,same_network,3,300
2026-07-24T22:01:37.824438+00:00,2026-07-24T22:01:37.986000+00:00,jvm_buffer_total_capacity_bytes,customers-service,10.42.1.126:8080,"{'__name__': 'jvm_buffer_total_capacity_bytes', 'id': 'direct', 'instance': '10.42.1.126:8080', 'job': 'spring-petclinic'}",371822,same_network,3,300
2026-07-24T22:01:37.824438+00:00,2026-07-24T22:01:37.986000+00:00,jvm_buffer_total_capacity_bytes,api-gateway,10.42.1.129:8080,"{'__name__': 'jvm_buffer_total_capacity_bytes', 'id': 'direct', 'instance': '10.42.1.129:8080', 'job': 'spring-petclinic'}",33990269,same_network,3,300
2026-07-24T22:01:37.824438+00:00,2026-07-24T22:01:37.986000+00:00,jvm_buffer_total_capacity_bytes,customers-service,10.42.0.186:8080,"{'__name__': 'jvm_buffer_total_capacity_bytes', 'id': 'mapped', 'instance': '10.42.0.186:8080', 'job': 'spring-petclinic'}",0,same_network,3,300
2026-07-24T22:01:37.824438+00:00,2026-07-24T22:01:37.986000+00:00,jvm_buffer_total_capacity_bytes,api-gateway,10.42.0.187:8080,"{'__name__': 'jvm_buffer_total_capacity_bytes', 'id': 'mapped', 'instance': '10.42.0.187:8080', 'job': 'spring-petclinic'}",0,same_network,3,300
2026-07-24T22:01:37.824438+00:00,2026-07-24T22:01:37.986000+00:00,jvm_buffer_total_capacity_bytes,visits-service,10.42.1.122:8080,"{'__name__': 'jvm_buffer_total_capacity_bytes', 'id': 'mapped', 'instance': '10.42.1.122:8080', 'job': 'spring-petclinic'}",0,same_network,3,300
2026-07-24T22:01:37.824438+00:00,2026-07-24T22:01:37.986000+00:00,jvm_buffer_total_capacity_bytes,vets-service,10.42.1.123:8080,"{'__name__': 'jvm_buffer_total_capacity_bytes', 'id': 'mapped', 'instance': '10.42.1.123:8080', 'job': 'spring-petclinic'}",0,same_network,3,300
2026-07-24T22:01:37.824438+00:00,2026-07-24T22:01:37.986000+00:00,jvm_buffer_total_capacity_bytes,vets-service,10.42.1.124:8080,"{'__name__': 'jvm_buffer_total_capacity_bytes', 'id': 'mapped', 'instance': '10.42.1.124:8080', 'job': 'spring-petclinic'}",0,same_network,3,300
2026-07-24T22:01:37.824438+00:00,2026-07-24T22:01:37.986000+00:00,jvm_buffer_total_capacity_bytes,visits-service,10.42.1.125:8080,"{'__name__': 'jvm_buffer_total_capacity_bytes', 'id': 'mapped', 'instance': '10.42.1.125:8080', 'job': 'spring-petclinic'}",0,same_network,3,300
2026-07-24T22:01:37.824438+00:00,2026-07-24T22:01:37.986000+00:00,jvm_buffer_total_capacity_bytes,customers-service,10.42.1.126:8080,"{'__name__': 'jvm_buffer_total_capacity_bytes', 'id': 'mapped', 'instance': '10.42.1.126:8080', 'job': 'spring-petclinic'}",0,same_network,3,300
2026-07-24T22:01:37.824438+00:00,2026-07-24T22:01:37.986000+00:00,jvm_buffer_total_capacity_bytes,api-gateway,10.42.1.129:8080,"{'__name__': 'jvm_buffer_total_capacity_bytes', 'id': 'mapped', 'instance': '10.42.1.129:8080', 'job': 'spring-petclinic'}",0,same_network,3,300
2026-07-24T22:01:37.824438+00:00,2026-07-24T22:01:37.986000+00:00,jvm_buffer_total_capacity_bytes,customers-service,10.42.0.186:8080,"{'__name__': 'jvm_buffer_total_capacity_bytes', 'id': ""mapped - 'non-volatile memory'"", 'instance': '10.42.0.186:8080', 'job': 'spring-petclinic'}",0,same_network,3,300
2026-07-24T22:01:37.824438+00:00,2026-07-24T22:01:37.986000+00:00,jvm_buffer_total_capacity_bytes,api-gateway,10.42.0.187:8080,"{'__name__': 'jvm_buffer_total_capacity_bytes', 'id': ""mapped - 'non-volatile memory'"", 'instance': '10.42.0.187:8080', 'job': 'spring-petclinic'}",0,same_network,3,300
2026-07-24T22:01:37.824438+00:00,2026-07-24T22:01:37.986000+00:00,jvm_buffer_total_capacity_bytes,visits-service,10.42.1.122:8080,"{'__name__': 'jvm_buffer_total_capacity_bytes', 'id': ""mapped - 'non-volatile memory'"", 'instance': '10.42.1.122:8080', 'job': 'spring-petclinic'}",0,same_network,3,300
2026-07-24T22:01:37.824438+00:00,2026-07-24T22:01:37.986000+00:00,jvm_buffer_total_capacity_bytes,vets-service,10.42.1.123:8080,"{'__name__': 'jvm_buffer_total_capacity_bytes', 'id': ""mapped - 'non-volatile memory'"", 'instance': '10.42.1.123:8080', 'job': 'spring-petclinic'}",0,same_network,3,300
2026-07-24T22:01:37.824438+00:00,2026-07-24T22:01:37.986000+00:00,jvm_buffer_total_capacity_bytes,vets-service,10.42.1.124:8080,"{'__name__': 'jvm_buffer_total_capacity_bytes', 'id': ""mapped - 'non-volatile memory'"", 'instance': '10.42.1.124:8080', 'job': 'spring-petclinic'}",0,same_network,3,300
2026-07-24T22:01:37.824438+00:00,2026-07-24T22:01:37.986000+00:00,jvm_buffer_total_capacity_bytes,visits-service,10.42.1.125:8080,"{'__name__': 'jvm_buffer_total_capacity_bytes', 'id': ""mapped - 'non-volatile memory'"", 'instance': '10.42.1.125:8080', 'job': 'spring-petclinic'}",0,same_network,3,300
2026-07-24T22:01:37.824438+00:00,2026-07-24T22:01:37.986000+00:00,jvm_buffer_total_capacity_bytes,customers-service,10.42.1.126:8080,"{'__name__': 'jvm_buffer_total_capacity_bytes', 'id': ""mapped - 'non-volatile memory'"", 'instance': '10.42.1.126:8080', 'job': 'spring-petclinic'}",0,same_network,3,300
2026-07-24T22:01:37.824438+00:00,2026-07-24T22:01:37.986000+00:00,jvm_buffer_total_capacity_bytes,api-gateway,10.42.1.129:8080,"{'__name__': 'jvm_buffer_total_capacity_bytes', 'id': ""mapped - 'non-volatile memory'"", 'instance': '10.42.1.129:8080', 'job': 'spring-petclinic'}",0,same_network,3,300
2026-07-24T22:01:37.824438+00:00,2026-07-24T22:01:37.991000+00:00,http_server_requests_seconds_count,api-gateway,10.42.0.187:8080,"{'__name__': 'http_server_requests_seconds_count', 'exception': 'AbortedException', 'instance': '10.42.0.187:8080', 'job': 'spring-petclinic', 'method': 'GET', 'outcome': 'UNKNOWN', 'status': '200', 'uri': 'UNKNOWN'}",380,same_network,3,300
2026-07-24T22:01:37.824438+00:00,2026-07-24T22:01:37.991000+00:00,http_server_requests_seconds_count,api-gateway,10.42.0.187:8080,"{'__name__': 'http_server_requests_seconds_count', 'exception': 'AbortedException', 'instance': '10.42.0.187:8080', 'job': 'spring-petclinic', 'method': 'GET', 'outcome': 'UNKNOWN', 'status': '500', 'uri': 'UNKNOWN'}",1,same_network,3,300
2026-07-24T22:01:37.824438+00:00,2026-07-24T22:01:37.991000+00:00,http_server_requests_seconds_count,api-gateway,10.42.0.187:8080,"{'__name__': 'http_server_requests_seconds_count', 'exception': 'AnnotatedConnectException', 'instance': '10.42.0.187:8080', 'job': 'spring-petclinic', 'method': 'GET', 'outcome': 'SERVER_ERROR', 'status': '500', 'uri': 'UNKNOWN'}",48,same_network,3,300
2026-07-24T22:01:37.824438+00:00,2026-07-24T22:01:37.991000+00:00,http_server_requests_seconds_count,api-gateway,10.42.0.187:8080,"{'__name__': 'http_server_requests_seconds_count', 'exception': 'CancelledServerWebExchangeException', 'instance': '10.42.0.187:8080', 'job': 'spring-petclinic', 'method': 'GET', 'outcome': 'UNKNOWN', 'status': '200', 'uri': '/actuator/health/{*path}'}",4,same_network,3,300
2026-07-24T22:01:37.824438+00:00,2026-07-24T22:01:37.991000+00:00,http_server_requests_seconds_count,api-gateway,10.42.0.187:8080,"{'__name__': 'http_server_requests_seconds_count', 'exception': 'CancelledServerWebExchangeException', 'instance': '10.42.0.187:8080', 'job': 'spring-petclinic', 'method': 'GET', 'outcome': 'UNKNOWN', 'status': '200', 'uri': '/actuator/prometheus'}",2,same_network,3,300
2026-07-24T22:01:37.824438+00:00,2026-07-24T22:01:37.991000+00:00,http_server_requests_seconds_count,api-gateway,10.42.0.187:8080,"{'__name__': 'http_server_requests_seconds_count', 'exception': 'CancelledServerWebExchangeException', 'instance': '10.42.0.187:8080', 'job': 'spring-petclinic', 'method': 'GET', 'outcome': 'UNKNOWN', 'status': '200', 'uri': 'UNKNOWN'}",29680,same_network,3,300
2026-07-24T22:01:37.824438+00:00,2026-07-24T22:01:37.991000+00:00,http_server_requests_seconds_count,customers-service,10.42.0.186:8080,"{'__name__': 'http_server_requests_seconds_count', 'exception': 'ClientAbortException', 'instance': '10.42.0.186:8080', 'job': 'spring-petclinic', 'method': 'GET', 'outcome': 'SUCCESS', 'status': '200', 'uri': '/actuator/prometheus'}",6,same_network,3,300
2026-07-24T22:01:37.824438+00:00,2026-07-24T22:01:37.991000+00:00,http_server_requests_seconds_count,api-gateway,10.42.0.187:8080,"{'__name__': 'http_server_requests_seconds_count', 'exception': 'IOException', 'instance': '10.42.0.187:8080', 'job': 'spring-petclinic', 'method': 'GET', 'outcome': 'SERVER_ERROR', 'status': '500', 'uri': 'UNKNOWN'}",1,same_network,3,300
2026-07-24T22:01:37.824438+00:00,2026-07-24T22:01:37.991000+00:00,http_server_requests_seconds_count,customers-service,10.42.0.186:8080,"{'__name__': 'http_server_requests_seconds_count', 'exception': 'None', 'instance': '10.42.0.186:8080', 'job': 'spring-petclinic', 'method': 'GET', 'outcome': 'SUCCESS', 'status': '200', 'uri': '/actuator/health/**'}",1481,same_network,3,300
2026-07-24T22:01:37.824438+00:00,2026-07-24T22:01:37.991000+00:00,http_server_requests_seconds_count,customers-service,10.42.0.186:8080,"{'__name__': 'http_server_requests_seconds_count', 'exception': 'None', 'instance': '10.42.0.186:8080', 'job': 'spring-petclinic', 'method': 'GET', 'outcome': 'SUCCESS', 'status': '200', 'uri': '/actuator/prometheus'}",850,same_network,3,300
2026-07-24T22:01:37.824438+00:00,2026-07-24T22:01:37.991000+00:00,http_server_requests_seconds_count,api-gateway,10.42.0.187:8080,"{'__name__': 'http_server_requests_seconds_count', 'exception': 'None', 'instance': '10.42.0.187:8080', 'job': 'spring-petclinic', 'method': 'GET', 'outcome': 'SUCCESS', 'status': '200', 'uri': '/actuator/health/{*path}'}",1493,same_network,3,300
2026-07-24T22:01:37.824438+00:00,2026-07-24T22:01:37.991000+00:00,http_server_requests_seconds_count,api-gateway,10.42.0.187:8080,"{'__name__': 'http_server_requests_seconds_count', 'exception': 'None', 'instance': '10.42.0.187:8080', 'job': 'spring-petclinic', 'method': 'GET', 'outcome': 'SUCCESS', 'status': '200', 'uri': '/actuator/prometheus'}",855,same_network,3,300
2026-07-24T22:01:37.824438+00:00,2026-07-24T22:01:37.991000+00:00,http_server_requests_seconds_count,api-gateway,10.42.0.187:8080,"{'__name__': 'http_server_requests_seconds_count', 'exception': 'None', 'instance': '10.42.0.187:8080', 'job': 'spring-petclinic', 'method': 'GET', 'outcome': 'SUCCESS', 'status': '200', 'uri': 'UNKNOWN'}",2261618,same_network,3,300
2026-07-24T22:01:37.824438+00:00,2026-07-24T22:01:37.991000+00:00,http_server_requests_seconds_count,visits-service,10.42.1.122:8080,"{'__name__': 'http_server_requests_seconds_count', 'exception': 'None', 'instance': '10.42.1.122:8080', 'job': 'spring-petclinic', 'method': 'GET', 'outcome': 'SUCCESS', 'status': '200', 'uri': '/actuator/health/**'}",1968,same_network,3,300
2026-07-24T22:01:37.824438+00:00,2026-07-24T22:01:37.991000+00:00,http_server_requests_seconds_count,visits-service,10.42.1.122:8080,"{'__name__': 'http_server_requests_seconds_count', 'exception': 'None', 'instance': '10.42.1.122:8080', 'job': 'spring-petclinic', 'method': 'GET', 'outcome': 'SUCCESS', 'status': '200', 'uri': '/actuator/prometheus'}",850,same_network,3,300
2026-07-24T22:01:37.824438+00:00,2026-07-24T22:01:37.991000+00:00,http_server_requests_seconds_count,vets-service,10.42.1.123:8080,"{'__name__': 'http_server_requests_seconds_count', 'exception': 'None', 'instance': '10.42.1.123:8080', 'job': 'spring-petclinic', 'method': 'GET', 'outcome': 'SUCCESS', 'status': '200', 'uri': '/actuator/health/**'}",1969,same_network,3,300
2026-07-24T22:01:37.824438+00:00,2026-07-24T22:01:37.991000+00:00,http_server_requests_seconds_count,vets-service,10.42.1.123:8080,"{'__name__': 'http_server_requests_seconds_count', 'exception': 'None', 'instance': '10.42.1.123:8080', 'job': 'spring-petclinic', 'method': 'GET', 'outcome': 'SUCCESS', 'status': '200', 'uri': '/actuator/prometheus'}",850,same_network,3,300
2026-07-24T22:01:37.824438+00:00,2026-07-24T22:01:37.991000+00:00,http_server_requests_seconds_count,vets-service,10.42.1.123:8080,"{'__name__': 'http_server_requests_seconds_count', 'exception': 'None', 'instance': '10.42.1.123:8080', 'job': 'spring-petclinic', 'method': 'GET', 'outcome': 'SUCCESS', 'status': '200', 'uri': '/vets'}",286154,same_network,3,300
2026-07-24T22:01:37.824438+00:00,2026-07-24T22:01:37.991000+00:00,http_server_requests_seconds_count,vets-service,10.42.1.124:8080,"{'__name__': 'http_server_requests_seconds_count', 'exception': 'None', 'instance': '10.42.1.124:8080', 'job': 'spring-petclinic', 'method': 'GET', 'outcome': 'SUCCESS', 'status': '200', 'uri': '/actuator/health/**'}",1954,same_network,3,300
2026-07-24T22:01:37.824438+00:00,2026-07-24T22:01:37.991000+00:00,http_server_requests_seconds_count,vets-service,10.42.1.124:8080,"{'__name__': 'http_server_requests_seconds_count', 'exception': 'None', 'instance': '10.42.1.124:8080', 'job': 'spring-petclinic', 'method': 'GET', 'outcome': 'SUCCESS', 'status': '200', 'uri': '/actuator/prometheus'}",843,same_network,3,300
2026-07-24T22:01:37.824438+00:00,2026-07-24T22:01:37.991000+00:00,http_server_requests_seconds_count,vets-service,10.42.1.124:8080,"{'__name__': 'http_server_requests_seconds_count', 'exception': 'None', 'instance': '10.42.1.124:8080', 'job': 'spring-petclinic', 'method': 'GET', 'outcome': 'SUCCESS', 'status': '200', 'uri': '/vets'}",292794,same_network,3,300
2026-07-24T22:01:37.824438+00:00,2026-07-24T22:01:37.991000+00:00,http_server_requests_seconds_count,visits-service,10.42.1.125:8080,"{'__name__': 'http_server_requests_seconds_count', 'exception': 'None', 'instance': '10.42.1.125:8080', 'job': 'spring-petclinic', 'method': 'GET', 'outcome': 'SUCCESS', 'status': '200', 'uri': '/actuator/health/**'}",1952,same_network,3,300
2026-07-24T22:01:37.824438+00:00,2026-07-24T22:01:37.991000+00:00,http_server_requests_seconds_count,visits-service,10.42.1.125:8080,"{'__name__': 'http_server_requests_seconds_count', 'exception': 'None', 'instance': '10.42.1.125:8080', 'job': 'spring-petclinic', 'method': 'GET', 'outcome': 'SUCCESS', 'status': '200', 'uri': '/actuator/prometheus'}",842,same_network,3,300
2026-07-24T22:01:37.824438+00:00,2026-07-24T22:01:37.991000+00:00,http_server_requests_seconds_count,customers-service,10.42.1.126:8080,"{'__name__': 'http_server_requests_seconds_count', 'exception': 'None', 'instance': '10.42.1.126:8080', 'job': 'spring-petclinic', 'method': 'GET', 'outcome': 'SUCCESS', 'status': '200', 'uri': '/actuator/health/**'}",1942,same_network,3,300
2026-07-24T22:01:37.824438+00:00,2026-07-24T22:01:37.991000+00:00,http_server_requests_seconds_count,customers-service,10.42.1.126:8080,"{'__name__': 'http_server_requests_seconds_count', 'exception': 'None', 'instance': '10.42.1.126:8080', 'job': 'spring-petclinic', 'method': 'GET', 'outcome': 'SUCCESS', 'status': '200', 'uri': '/actuator/prometheus'}",838,same_network,3,300
2026-07-24T22:01:37.824438+00:00,2026-07-24T22:01:37.991000+00:00,http_server_requests_seconds_count,api-gateway,10.42.1.129:8080,"{'__name__': 'http_server_requests_seconds_count', 'exception': 'None', 'instance': '10.42.1.129:8080', 'job': 'spring-petclinic', 'method': 'GET', 'outcome': 'SUCCESS', 'status': '200', 'uri': '/actuator/health/{*path}'}",10,same_network,3,300
2026-07-24T22:01:37.824438+00:00,2026-07-24T22:01:37.991000+00:00,http_server_requests_seconds_count,api-gateway,10.42.1.129:8080,"{'__name__': 'http_server_requests_seconds_count', 'exception': 'None', 'instance': '10.42.1.129:8080', 'job': 'spring-petclinic', 'method': 'GET', 'outcome': 'SUCCESS', 'status': '200', 'uri': '/actuator/prometheus'}",9,same_network,3,300
2026-07-24T22:01:37.824438+00:00,2026-07-24T22:01:37.999000+00:00,http_server_requests_seconds_max,api-gateway,10.42.0.187:8080,"{'__name__': 'http_server_requests_seconds_max', 'exception': 'AbortedException', 'instance': '10.42.0.187:8080', 'job': 'spring-petclinic', 'method': 'GET', 'outcome': 'UNKNOWN', 'status': '200', 'uri': 'UNKNOWN'}",0,same_network,3,300
2026-07-24T22:01:37.824438+00:00,2026-07-24T22:01:37.999000+00:00,http_server_requests_seconds_max,api-gateway,10.42.0.187:8080,"{'__name__': 'http_server_requests_seconds_max', 'exception': 'AbortedException', 'instance': '10.42.0.187:8080', 'job': 'spring-petclinic', 'method': 'GET', 'outcome': 'UNKNOWN', 'status': '500', 'uri': 'UNKNOWN'}",0,same_network,3,300
2026-07-24T22:01:37.824438+00:00,2026-07-24T22:01:37.999000+00:00,http_server_requests_seconds_max,api-gateway,10.42.0.187:8080,"{'__name__': 'http_server_requests_seconds_max', 'exception': 'AnnotatedConnectException', 'instance': '10.42.0.187:8080', 'job': 'spring-petclinic', 'method': 'GET', 'outcome': 'SERVER_ERROR', 'status': '500', 'uri': 'UNKNOWN'}",0,same_network,3,300
2026-07-24T22:01:37.824438+00:00,2026-07-24T22:01:37.999000+00:00,http_server_requests_seconds_max,api-gateway,10.42.0.187:8080,"{'__name__': 'http_server_requests_seconds_max', 'exception': 'CancelledServerWebExchangeException', 'instance': '10.42.0.187:8080', 'job': 'spring-petclinic', 'method': 'GET', 'outcome': 'UNKNOWN', 'status': '200', 'uri': '/actuator/health/{*path}'}",0,same_network,3,300
2026-07-24T22:01:37.824438+00:00,2026-07-24T22:01:37.999000+00:00,http_server_requests_seconds_max,api-gateway,10.42.0.187:8080,"{'__name__': 'http_server_requests_seconds_max', 'exception': 'CancelledServerWebExchangeException', 'instance': '10.42.0.187:8080', 'job': 'spring-petclinic', 'method': 'GET', 'outcome': 'UNKNOWN', 'status': '200', 'uri': '/actuator/prometheus'}",0,same_network,3,300
2026-07-24T22:01:37.824438+00:00,2026-07-24T22:01:37.999000+00:00,http_server_requests_seconds_max,api-gateway,10.42.0.187:8080,"{'__name__': 'http_server_requests_seconds_max', 'exception': 'CancelledServerWebExchangeException', 'instance': '10.42.0.187:8080', 'job': 'spring-petclinic', 'method': 'GET', 'outcome': 'UNKNOWN', 'status': '200', 'uri': 'UNKNOWN'}",0,same_network,3,300
2026-07-24T22:01:37.824438+00:00,2026-07-24T22:01:37.999000+00:00,http_server_requests_seconds_max,customers-service,10.42.0.186:8080,"{'__name__': 'http_server_requests_seconds_max', 'exception': 'ClientAbortException', 'instance': '10.42.0.186:8080', 'job': 'spring-petclinic', 'method': 'GET', 'outcome': 'SUCCESS', 'status': '200', 'uri': '/actuator/prometheus'}",0,same_network,3,300
2026-07-24T22:01:37.824438+00:00,2026-07-24T22:01:37.999000+00:00,http_server_requests_seconds_max,api-gateway,10.42.0.187:8080,"{'__name__': 'http_server_requests_seconds_max', 'exception': 'IOException', 'instance': '10.42.0.187:8080', 'job': 'spring-petclinic', 'method': 'GET', 'outcome': 'SERVER_ERROR', 'status': '500', 'uri': 'UNKNOWN'}",0,same_network,3,300
2026-07-24T22:01:37.824438+00:00,2026-07-24T22:01:37.999000+00:00,http_server_requests_seconds_max,customers-service,10.42.0.186:8080,"{'__name__': 'http_server_requests_seconds_max', 'exception': 'None', 'instance': '10.42.0.186:8080', 'job': 'spring-petclinic', 'method': 'GET', 'outcome': 'SUCCESS', 'status': '200', 'uri': '/actuator/health/**'}",0.004156534,same_network,3,300
2026-07-24T22:01:37.824438+00:00,2026-07-24T22:01:37.999000+00:00,http_server_requests_seconds_max,customers-service,10.42.0.186:8080,"{'__name__': 'http_server_requests_seconds_max', 'exception': 'None', 'instance': '10.42.0.186:8080', 'job': 'spring-petclinic', 'method': 'GET', 'outcome': 'SUCCESS', 'status': '200', 'uri': '/actuator/prometheus'}",0.007842265,same_network,3,300
2026-07-24T22:01:37.824438+00:00,2026-07-24T22:01:37.999000+00:00,http_server_requests_seconds_max,api-gateway,10.42.0.187:8080,"{'__name__': 'http_server_requests_seconds_max', 'exception': 'None', 'instance': '10.42.0.187:8080', 'job': 'spring-petclinic', 'method': 'GET', 'outcome': 'SUCCESS', 'status': '200', 'uri': '/actuator/health/{*path}'}",0.003404235,same_network,3,300
2026-07-24T22:01:37.824438+00:00,2026-07-24T22:01:37.999000+00:00,http_server_requests_seconds_max,api-gateway,10.42.0.187:8080,"{'__name__': 'http_server_requests_seconds_max', 'exception': 'None', 'instance': '10.42.0.187:8080', 'job': 'spring-petclinic', 'method': 'GET', 'outcome': 'SUCCESS', 'status': '200', 'uri': '/actuator/prometheus'}",0.006169137,same_network,3,300
2026-07-24T22:01:37.824438+00:00,2026-07-24T22:01:37.999000+00:00,http_server_requests_seconds_max,api-gateway,10.42.0.187:8080,"{'__name__': 'http_server_requests_seconds_max', 'exception': 'None', 'instance': '10.42.0.187:8080', 'job': 'spring-petclinic', 'method': 'GET', 'outcome': 'SUCCESS', 'status': '200', 'uri': 'UNKNOWN'}",0.526975045,same_network,3,300
2026-07-24T22:01:37.824438+00:00,2026-07-24T22:01:37.999000+00:00,http_server_requests_seconds_max,visits-service,10.42.1.122:8080,"{'__name__': 'http_server_requests_seconds_max', 'exception': 'None', 'instance': '10.42.1.122:8080', 'job': 'spring-petclinic', 'method': 'GET', 'outcome': 'SUCCESS', 'status': '200', 'uri': '/actuator/health/**'}",0.017933486,same_network,3,300
2026-07-24T22:01:37.824438+00:00,2026-07-24T22:01:37.999000+00:00,http_server_requests_seconds_max,visits-service,10.42.1.122:8080,"{'__name__': 'http_server_requests_seconds_max', 'exception': 'None', 'instance': '10.42.1.122:8080', 'job': 'spring-petclinic', 'method': 'GET', 'outcome': 'SUCCESS', 'status': '200', 'uri': '/actuator/prometheus'}",0.004269326,same_network,3,300
2026-07-24T22:01:37.824438+00:00,2026-07-24T22:01:37.999000+00:00,http_server_requests_seconds_max,vets-service,10.42.1.123:8080,"{'__name__': 'http_server_requests_seconds_max', 'exception': 'None', 'instance': '10.42.1.123:8080', 'job': 'spring-petclinic', 'method': 'GET', 'outcome': 'SUCCESS', 'status': '200', 'uri': '/actuator/health/**'}",0.001588885,same_network,3,300
2026-07-24T22:01:37.824438+00:00,2026-07-24T22:01:37.999000+00:00,http_server_requests_seconds_max,vets-service,10.42.1.123:8080,"{'__name__': 'http_server_requests_seconds_max', 'exception': 'None', 'instance': '10.42.1.123:8080', 'job': 'spring-petclinic', 'method': 'GET', 'outcome': 'SUCCESS', 'status': '200', 'uri': '/actuator/prometheus'}",0.017353667,same_network,3,300
2026-07-24T22:01:37.824438+00:00,2026-07-24T22:01:37.999000+00:00,http_server_requests_seconds_max,vets-service,10.42.1.123:8080,"{'__name__': 'http_server_requests_seconds_max', 'exception': 'None', 'instance': '10.42.1.123:8080', 'job': 'spring-petclinic', 'method': 'GET', 'outcome': 'SUCCESS', 'status': '200', 'uri': '/vets'}",0.180341348,same_network,3,300
2026-07-24T22:01:37.824438+00:00,2026-07-24T22:01:37.999000+00:00,http_server_requests_seconds_max,vets-service,10.42.1.124:8080,"{'__name__': 'http_server_requests_seconds_max', 'exception': 'None', 'instance': '10.42.1.124:8080', 'job': 'spring-petclinic', 'method': 'GET', 'outcome': 'SUCCESS', 'status': '200', 'uri': '/actuator/health/**'}",0.0016555,same_network,3,300
2026-07-24T22:01:37.824438+00:00,2026-07-24T22:01:37.999000+00:00,http_server_requests_seconds_max,vets-service,10.42.1.124:8080,"{'__name__': 'http_server_requests_seconds_max', 'exception': 'None', 'instance': '10.42.1.124:8080', 'job': 'spring-petclinic', 'method': 'GET', 'outcome': 'SUCCESS', 'status': '200', 'uri': '/actuator/prometheus'}",0.004384405,same_network,3,300
2026-07-24T22:01:37.824438+00:00,2026-07-24T22:01:37.999000+00:00,http_server_requests_seconds_max,vets-service,10.42.1.124:8080,"{'__name__': 'http_server_requests_seconds_max', 'exception': 'None', 'instance': '10.42.1.124:8080', 'job': 'spring-petclinic', 'method': 'GET', 'outcome': 'SUCCESS', 'status': '200', 'uri': '/vets'}",0.189594582,same_network,3,300
2026-07-24T22:01:37.824438+00:00,2026-07-24T22:01:37.999000+00:00,http_server_requests_seconds_max,visits-service,10.42.1.125:8080,"{'__name__': 'http_server_requests_seconds_max', 'exception': 'None', 'instance': '10.42.1.125:8080', 'job': 'spring-petclinic', 'method': 'GET', 'outcome': 'SUCCESS', 'status': '200', 'uri': '/actuator/health/**'}",0.016826547,same_network,3,300
2026-07-24T22:01:37.824438+00:00,2026-07-24T22:01:37.999000+00:00,http_server_requests_seconds_max,visits-service,10.42.1.125:8080,"{'__name__': 'http_server_requests_seconds_max', 'exception': 'None', 'instance': '10.42.1.125:8080', 'job': 'spring-petclinic', 'method': 'GET', 'outcome': 'SUCCESS', 'status': '200', 'uri': '/actuator/prometheus'}",0.005814286,same_network,3,300
2026-07-24T22:01:37.824438+00:00,2026-07-24T22:01:37.999000+00:00,http_server_requests_seconds_max,customers-service,10.42.1.126:8080,"{'__name__': 'http_server_requests_seconds_max', 'exception': 'None', 'instance': '10.42.1.126:8080', 'job': 'spring-petclinic', 'method': 'GET', 'outcome': 'SUCCESS', 'status': '200', 'uri': '/actuator/health/**'}",0.001936591,same_network,3,300
2026-07-24T22:01:37.824438+00:00,2026-07-24T22:01:37.999000+00:00,http_server_requests_seconds_max,customers-service,10.42.1.126:8080,"{'__name__': 'http_server_requests_seconds_max', 'exception': 'None', 'instance': '10.42.1.126:8080', 'job': 'spring-petclinic', 'method': 'GET', 'outcome': 'SUCCESS', 'status': '200', 'uri': '/actuator/prometheus'}",0.009562102,same_network,3,300
2026-07-24T22:01:37.824438+00:00,2026-07-24T22:01:37.999000+00:00,http_server_requests_seconds_max,api-gateway,10.42.1.129:8080,"{'__name__': 'http_server_requests_seconds_max', 'exception': 'None', 'instance': '10.42.1.129:8080', 'job': 'spring-petclinic', 'method': 'GET', 'outcome': 'SUCCESS', 'status': '200', 'uri': '/actuator/health/{*path}'}",0.120397079,same_network,3,300
2026-07-24T22:01:37.824438+00:00,2026-07-24T22:01:37.999000+00:00,http_server_requests_seconds_max,api-gateway,10.42.1.129:8080,"{'__name__': 'http_server_requests_seconds_max', 'exception': 'None', 'instance': '10.42.1.129:8080', 'job': 'spring-petclinic', 'method': 'GET', 'outcome': 'SUCCESS', 'status': '200', 'uri': '/actuator/prometheus'}",0.28496448,same_network,3,300
2026-07-24T22:01:37.824438+00:00,2026-07-24T22:01:38.006000+00:00,http_server_requests_seconds_sum,api-gateway,10.42.0.187:8080,"{'__name__': 'http_server_requests_seconds_sum', 'exception': 'AbortedException', 'instance': '10.42.0.187:8080', 'job': 'spring-petclinic', 'method': 'GET', 'outcome': 'UNKNOWN', 'status': '200', 'uri': 'UNKNOWN'}",1940.909934275,same_network,3,300
2026-07-24T22:01:37.824438+00:00,2026-07-24T22:01:38.006000+00:00,http_server_requests_seconds_sum,api-gateway,10.42.0.187:8080,"{'__name__': 'http_server_requests_seconds_sum', 'exception': 'AbortedException', 'instance': '10.42.0.187:8080', 'job': 'spring-petclinic', 'method': 'GET', 'outcome': 'UNKNOWN', 'status': '500', 'uri': 'UNKNOWN'}",0.059373633,same_network,3,300
2026-07-24T22:01:37.824438+00:00,2026-07-24T22:01:38.006000+00:00,http_server_requests_seconds_sum,api-gateway,10.42.0.187:8080,"{'__name__': 'http_server_requests_seconds_sum', 'exception': 'AnnotatedConnectException', 'instance': '10.42.0.187:8080', 'job': 'spring-petclinic', 'method': 'GET', 'outcome': 'SERVER_ERROR', 'status': '500', 'uri': 'UNKNOWN'}",116.508028567,same_network,3,300
2026-07-24T22:01:37.824438+00:00,2026-07-24T22:01:38.006000+00:00,http_server_requests_seconds_sum,api-gateway,10.42.0.187:8080,"{'__name__': 'http_server_requests_seconds_sum', 'exception': 'CancelledServerWebExchangeException', 'instance': '10.42.0.187:8080', 'job': 'spring-petclinic', 'method': 'GET', 'outcome': 'UNKNOWN', 'status': '200', 'uri': '/actuator/health/{*path}'}",1.58601679,same_network,3,300
2026-07-24T22:01:37.824438+00:00,2026-07-24T22:01:38.006000+00:00,http_server_requests_seconds_sum,api-gateway,10.42.0.187:8080,"{'__name__': 'http_server_requests_seconds_sum', 'exception': 'CancelledServerWebExchangeException', 'instance': '10.42.0.187:8080', 'job': 'spring-petclinic', 'method': 'GET', 'outcome': 'UNKNOWN', 'status': '200', 'uri': '/actuator/prometheus'}",0.045098422,same_network,3,300
2026-07-24T22:01:37.824438+00:00,2026-07-24T22:01:38.006000+00:00,http_server_requests_seconds_sum,api-gateway,10.42.0.187:8080,"{'__name__': 'http_server_requests_seconds_sum', 'exception': 'CancelledServerWebExchangeException', 'instance': '10.42.0.187:8080', 'job': 'spring-petclinic', 'method': 'GET', 'outcome': 'UNKNOWN', 'status': '200', 'uri': 'UNKNOWN'}",148082.697844261,same_network,3,300
2026-07-24T22:01:37.824438+00:00,2026-07-24T22:01:38.006000+00:00,http_server_requests_seconds_sum,customers-service,10.42.0.186:8080,"{'__name__': 'http_server_requests_seconds_sum', 'exception': 'ClientAbortException', 'instance': '10.42.0.186:8080', 'job': 'spring-petclinic', 'method': 'GET', 'outcome': 'SUCCESS', 'status': '200', 'uri': '/actuator/prometheus'}",0.222459988,same_network,3,300
2026-07-24T22:01:37.824438+00:00,2026-07-24T22:01:38.006000+00:00,http_server_requests_seconds_sum,api-gateway,10.42.0.187:8080,"{'__name__': 'http_server_requests_seconds_sum', 'exception': 'IOException', 'instance': '10.42.0.187:8080', 'job': 'spring-petclinic', 'method': 'GET', 'outcome': 'SERVER_ERROR', 'status': '500', 'uri': 'UNKNOWN'}",0.12780342,same_network,3,300
2026-07-24T22:01:37.824438+00:00,2026-07-24T22:01:38.006000+00:00,http_server_requests_seconds_sum,customers-service,10.42.0.186:8080,"{'__name__': 'http_server_requests_seconds_sum', 'exception': 'None', 'instance': '10.42.0.186:8080', 'job': 'spring-petclinic', 'method': 'GET', 'outcome': 'SUCCESS', 'status': '200', 'uri': '/actuator/health/**'}",2.846151422,same_network,3,300
2026-07-24T22:01:37.824438+00:00,2026-07-24T22:01:38.006000+00:00,http_server_requests_seconds_sum,customers-service,10.42.0.186:8080,"{'__name__': 'http_server_requests_seconds_sum', 'exception': 'None', 'instance': '10.42.0.186:8080', 'job': 'spring-petclinic', 'method': 'GET', 'outcome': 'SUCCESS', 'status': '200', 'uri': '/actuator/prometheus'}",5.333235134,same_network,3,300
2026-07-24T22:01:37.824438+00:00,2026-07-24T22:01:38.006000+00:00,http_server_requests_seconds_sum,api-gateway,10.42.0.187:8080,"{'__name__': 'http_server_requests_seconds_sum', 'exception': 'None', 'instance': '10.42.0.187:8080', 'job': 'spring-petclinic', 'method': 'GET', 'outcome': 'SUCCESS', 'status': '200', 'uri': '/actuator/health/{*path}'}",9.875236244,same_network,3,300
2026-07-24T22:01:37.824438+00:00,2026-07-24T22:01:38.006000+00:00,http_server_requests_seconds_sum,api-gateway,10.42.0.187:8080,"{'__name__': 'http_server_requests_seconds_sum', 'exception': 'None', 'instance': '10.42.0.187:8080', 'job': 'spring-petclinic', 'method': 'GET', 'outcome': 'SUCCESS', 'status': '200', 'uri': '/actuator/prometheus'}",9.875407342,same_network,3,300
2026-07-24T22:01:37.824438+00:00,2026-07-24T22:01:38.006000+00:00,http_server_requests_seconds_sum,api-gateway,10.42.0.187:8080,"{'__name__': 'http_server_requests_seconds_sum', 'exception': 'None', 'instance': '10.42.0.187:8080', 'job': 'spring-petclinic', 'method': 'GET', 'outcome': 'SUCCESS', 'status': '200', 'uri': 'UNKNOWN'}",276517.334894333,same_network,3,300
2026-07-24T22:01:37.824438+00:00,2026-07-24T22:01:38.006000+00:00,http_server_requests_seconds_sum,visits-service,10.42.1.122:8080,"{'__name__': 'http_server_requests_seconds_sum', 'exception': 'None', 'instance': '10.42.1.122:8080', 'job': 'spring-petclinic', 'method': 'GET', 'outcome': 'SUCCESS', 'status': '200', 'uri': '/actuator/health/**'}",6.79769129,same_network,3,300
2026-07-24T22:01:37.824438+00:00,2026-07-24T22:01:38.006000+00:00,http_server_requests_seconds_sum,visits-service,10.42.1.122:8080,"{'__name__': 'http_server_requests_seconds_sum', 'exception': 'None', 'instance': '10.42.1.122:8080', 'job': 'spring-petclinic', 'method': 'GET', 'outcome': 'SUCCESS', 'status': '200', 'uri': '/actuator/prometheus'}",5.384925467,same_network,3,300
2026-07-24T22:01:37.824438+00:00,2026-07-24T22:01:38.006000+00:00,http_server_requests_seconds_sum,vets-service,10.42.1.123:8080,"{'__name__': 'http_server_requests_seconds_sum', 'exception': 'None', 'instance': '10.42.1.123:8080', 'job': 'spring-petclinic', 'method': 'GET', 'outcome': 'SUCCESS', 'status': '200', 'uri': '/actuator/health/**'}",4.031650454,same_network,3,300
2026-07-24T22:01:37.824438+00:00,2026-07-24T22:01:38.006000+00:00,http_server_requests_seconds_sum,vets-service,10.42.1.123:8080,"{'__name__': 'http_server_requests_seconds_sum', 'exception': 'None', 'instance': '10.42.1.123:8080', 'job': 'spring-petclinic', 'method': 'GET', 'outcome': 'SUCCESS', 'status': '200', 'uri': '/actuator/prometheus'}",4.899154536,same_network,3,300
2026-07-24T22:01:37.824438+00:00,2026-07-24T22:01:38.006000+00:00,http_server_requests_seconds_sum,vets-service,10.42.1.123:8080,"{'__name__': 'http_server_requests_seconds_sum', 'exception': 'None', 'instance': '10.42.1.123:8080', 'job': 'spring-petclinic', 'method': 'GET', 'outcome': 'SUCCESS', 'status': '200', 'uri': '/vets'}",38861.316181863,same_network,3,300
2026-07-24T22:01:37.824438+00:00,2026-07-24T22:01:38.006000+00:00,http_server_requests_seconds_sum,vets-service,10.42.1.124:8080,"{'__name__': 'http_server_requests_seconds_sum', 'exception': 'None', 'instance': '10.42.1.124:8080', 'job': 'spring-petclinic', 'method': 'GET', 'outcome': 'SUCCESS', 'status': '200', 'uri': '/actuator/health/**'}",4.262871766,same_network,3,300
2026-07-24T22:01:37.824438+00:00,2026-07-24T22:01:38.006000+00:00,http_server_requests_seconds_sum,vets-service,10.42.1.124:8080,"{'__name__': 'http_server_requests_seconds_sum', 'exception': 'None', 'instance': '10.42.1.124:8080', 'job': 'spring-petclinic', 'method': 'GET', 'outcome': 'SUCCESS', 'status': '200', 'uri': '/actuator/prometheus'}",6.229326992,same_network,3,300
2026-07-24T22:01:37.824438+00:00,2026-07-24T22:01:38.006000+00:00,http_server_requests_seconds_sum,vets-service,10.42.1.124:8080,"{'__name__': 'http_server_requests_seconds_sum', 'exception': 'None', 'instance': '10.42.1.124:8080', 'job': 'spring-petclinic', 'method': 'GET', 'outcome': 'SUCCESS', 'status': '200', 'uri': '/vets'}",39866.631681752,same_network,3,300
2026-07-24T22:01:37.824438+00:00,2026-07-24T22:01:38.006000+00:00,http_server_requests_seconds_sum,visits-service,10.42.1.125:8080,"{'__name__': 'http_server_requests_seconds_sum', 'exception': 'None', 'instance': '10.42.1.125:8080', 'job': 'spring-petclinic', 'method': 'GET', 'outcome': 'SUCCESS', 'status': '200', 'uri': '/actuator/health/**'}",5.6428117,same_network,3,300
2026-07-24T22:01:37.824438+00:00,2026-07-24T22:01:38.006000+00:00,http_server_requests_seconds_sum,visits-service,10.42.1.125:8080,"{'__name__': 'http_server_requests_seconds_sum', 'exception': 'None', 'instance': '10.42.1.125:8080', 'job': 'spring-petclinic', 'method': 'GET', 'outcome': 'SUCCESS', 'status': '200', 'uri': '/actuator/prometheus'}",4.090123452,same_network,3,300
2026-07-24T22:01:37.824438+00:00,2026-07-24T22:01:38.006000+00:00,http_server_requests_seconds_sum,customers-service,10.42.1.126:8080,"{'__name__': 'http_server_requests_seconds_sum', 'exception': 'None', 'instance': '10.42.1.126:8080', 'job': 'spring-petclinic', 'method': 'GET', 'outcome': 'SUCCESS', 'status': '200', 'uri': '/actuator/health/**'}",3.40227769,same_network,3,300
2026-07-24T22:01:37.824438+00:00,2026-07-24T22:01:38.006000+00:00,http_server_requests_seconds_sum,customers-service,10.42.1.126:8080,"{'__name__': 'http_server_requests_seconds_sum', 'exception': 'None', 'instance': '10.42.1.126:8080', 'job': 'spring-petclinic', 'method': 'GET', 'outcome': 'SUCCESS', 'status': '200', 'uri': '/actuator/prometheus'}",5.026439,same_network,3,300
2026-07-24T22:01:37.824438+00:00,2026-07-24T22:01:38.006000+00:00,http_server_requests_seconds_sum,api-gateway,10.42.1.129:8080,"{'__name__': 'http_server_requests_seconds_sum', 'exception': 'None', 'instance': '10.42.1.129:8080', 'job': 'spring-petclinic', 'method': 'GET', 'outcome': 'SUCCESS', 'status': '200', 'uri': '/actuator/health/{*path}'}",0.224144753,same_network,3,300
2026-07-24T22:01:37.824438+00:00,2026-07-24T22:01:38.006000+00:00,http_server_requests_seconds_sum,api-gateway,10.42.1.129:8080,"{'__name__': 'http_server_requests_seconds_sum', 'exception': 'None', 'instance': '10.42.1.129:8080', 'job': 'spring-petclinic', 'method': 'GET', 'outcome': 'SUCCESS', 'status': '200', 'uri': '/actuator/prometheus'}",0.410164499,same_network,3,300
2026-07-24T22:01:37.824438+00:00,2026-07-24T22:01:38.012000+00:00,spring_cloud_gateway_requests_seconds_count,api-gateway,10.42.0.187:8080,"{'__name__': 'spring_cloud_gateway_requests_seconds_count', 'httpMethod': 'GET', 'httpStatusCode': '200', 'instance': '10.42.0.187:8080', 'job': 'spring-petclinic', 'outcome': 'SUCCESSFUL', 'routeId': 'customers-service', 'routeUri': 'http://customers-service.spring-petclinic.svc.cluster.local:8080', 'status': 'OK'}",1130067,same_network,3,300
2026-07-24T22:01:37.824438+00:00,2026-07-24T22:01:38.012000+00:00,spring_cloud_gateway_requests_seconds_count,api-gateway,10.42.0.187:8080,"{'__name__': 'spring_cloud_gateway_requests_seconds_count', 'httpMethod': 'GET', 'httpStatusCode': '200', 'instance': '10.42.0.187:8080', 'job': 'spring-petclinic', 'outcome': 'SUCCESSFUL', 'routeId': 'vets-service', 'routeUri': 'http://vets-service.spring-petclinic.svc.cluster.local:8080', 'status': 'OK'}",565185,same_network,3,300
2026-07-24T22:01:37.824438+00:00,2026-07-24T22:01:38.012000+00:00,spring_cloud_gateway_requests_seconds_count,api-gateway,10.42.0.187:8080,"{'__name__': 'spring_cloud_gateway_requests_seconds_count', 'httpMethod': 'GET', 'httpStatusCode': '200', 'instance': '10.42.0.187:8080', 'job': 'spring-petclinic', 'outcome': 'SUCCESSFUL', 'routeId': 'visits-service', 'routeUri': 'http://visits-service.spring-petclinic.svc.cluster.local:8080', 'status': 'OK'}",566749,same_network,3,300
2026-07-24T22:01:37.824438+00:00,2026-07-24T22:01:38.012000+00:00,spring_cloud_gateway_requests_seconds_count,api-gateway,10.42.0.187:8080,"{'__name__': 'spring_cloud_gateway_requests_seconds_count', 'httpMethod': 'GET', 'httpStatusCode': '500', 'instance': '10.42.0.187:8080', 'job': 'spring-petclinic', 'outcome': 'SERVER_ERROR', 'routeId': 'customers-service', 'routeUri': 'http://customers-service.spring-petclinic.svc.cluster.local:8080', 'status': 'INTERNAL_SERVER_ERROR'}",2,same_network,3,300
2026-07-24T22:01:37.824438+00:00,2026-07-24T22:01:38.012000+00:00,spring_cloud_gateway_requests_seconds_count,api-gateway,10.42.0.187:8080,"{'__name__': 'spring_cloud_gateway_requests_seconds_count', 'httpMethod': 'GET', 'httpStatusCode': '500', 'instance': '10.42.0.187:8080', 'job': 'spring-petclinic', 'outcome': 'SERVER_ERROR', 'routeId': 'vets-service', 'routeUri': 'http://vets-service.spring-petclinic.svc.cluster.local:8080', 'status': 'INTERNAL_SERVER_ERROR'}",22,same_network,3,300
2026-07-24T22:01:37.824438+00:00,2026-07-24T22:01:38.012000+00:00,spring_cloud_gateway_requests_seconds_count,api-gateway,10.42.0.187:8080,"{'__name__': 'spring_cloud_gateway_requests_seconds_count', 'httpMethod': 'GET', 'httpStatusCode': '500', 'instance': '10.42.0.187:8080', 'job': 'spring-petclinic', 'outcome': 'SERVER_ERROR', 'routeId': 'visits-service', 'routeUri': 'http://visits-service.spring-petclinic.svc.cluster.local:8080', 'status': 'INTERNAL_SERVER_ERROR'}",26,same_network,3,300
2026-07-24T22:01:37.824438+00:00,2026-07-24T22:01:38.018000+00:00,spring_cloud_gateway_requests_seconds_max,api-gateway,10.42.0.187:8080,"{'__name__': 'spring_cloud_gateway_requests_seconds_max', 'httpMethod': 'GET', 'httpStatusCode': '200', 'instance': '10.42.0.187:8080', 'job': 'spring-petclinic', 'outcome': 'SUCCESSFUL', 'routeId': 'customers-service', 'routeUri': 'http://customers-service.spring-petclinic.svc.cluster.local:8080', 'status': 'OK'}",0.518161446,same_network,3,300
2026-07-24T22:01:37.824438+00:00,2026-07-24T22:01:38.018000+00:00,spring_cloud_gateway_requests_seconds_max,api-gateway,10.42.0.187:8080,"{'__name__': 'spring_cloud_gateway_requests_seconds_max', 'httpMethod': 'GET', 'httpStatusCode': '200', 'instance': '10.42.0.187:8080', 'job': 'spring-petclinic', 'outcome': 'SUCCESSFUL', 'routeId': 'vets-service', 'routeUri': 'http://vets-service.spring-petclinic.svc.cluster.local:8080', 'status': 'OK'}",0.228397156,same_network,3,300
2026-07-24T22:01:37.824438+00:00,2026-07-24T22:01:38.018000+00:00,spring_cloud_gateway_requests_seconds_max,api-gateway,10.42.0.187:8080,"{'__name__': 'spring_cloud_gateway_requests_seconds_max', 'httpMethod': 'GET', 'httpStatusCode': '200', 'instance': '10.42.0.187:8080', 'job': 'spring-petclinic', 'outcome': 'SUCCESSFUL', 'routeId': 'visits-service', 'routeUri': 'http://visits-service.spring-petclinic.svc.cluster.local:8080', 'status': 'OK'}",0.144364117,same_network,3,300
2026-07-24T22:01:37.824438+00:00,2026-07-24T22:01:38.018000+00:00,spring_cloud_gateway_requests_seconds_max,api-gateway,10.42.0.187:8080,"{'__name__': 'spring_cloud_gateway_requests_seconds_max', 'httpMethod': 'GET', 'httpStatusCode': '500', 'instance': '10.42.0.187:8080', 'job': 'spring-petclinic', 'outcome': 'SERVER_ERROR', 'routeId': 'customers-service', 'routeUri': 'http://customers-service.spring-petclinic.svc.cluster.local:8080', 'status': 'INTERNAL_SERVER_ERROR'}",0,same_network,3,300
2026-07-24T22:01:37.824438+00:00,2026-07-24T22:01:38.018000+00:00,spring_cloud_gateway_requests_seconds_max,api-gateway,10.42.0.187:8080,"{'__name__': 'spring_cloud_gateway_requests_seconds_max', 'httpMethod': 'GET', 'httpStatusCode': '500', 'instance': '10.42.0.187:8080', 'job': 'spring-petclinic', 'outcome': 'SERVER_ERROR', 'routeId': 'vets-service', 'routeUri': 'http://vets-service.spring-petclinic.svc.cluster.local:8080', 'status': 'INTERNAL_SERVER_ERROR'}",0,same_network,3,300
2026-07-24T22:01:37.824438+00:00,2026-07-24T22:01:38.018000+00:00,spring_cloud_gateway_requests_seconds_max,api-gateway,10.42.0.187:8080,"{'__name__': 'spring_cloud_gateway_requests_seconds_max', 'httpMethod': 'GET', 'httpStatusCode': '500', 'instance': '10.42.0.187:8080', 'job': 'spring-petclinic', 'outcome': 'SERVER_ERROR', 'routeId': 'visits-service', 'routeUri': 'http://visits-service.spring-petclinic.svc.cluster.local:8080', 'status': 'INTERNAL_SERVER_ERROR'}",0,same_network,3,300
2026-07-24T22:01:37.824438+00:00,2026-07-24T22:01:38.027000+00:00,spring_cloud_gateway_requests_seconds_sum,api-gateway,10.42.0.187:8080,"{'__name__': 'spring_cloud_gateway_requests_seconds_sum', 'httpMethod': 'GET', 'httpStatusCode': '200', 'instance': '10.42.0.187:8080', 'job': 'spring-petclinic', 'outcome': 'SUCCESSFUL', 'routeId': 'customers-service', 'routeUri': 'http://customers-service.spring-petclinic.svc.cluster.local:8080', 'status': 'OK'}",179838.711860113,same_network,3,300
2026-07-24T22:01:37.824438+00:00,2026-07-24T22:01:38.027000+00:00,spring_cloud_gateway_requests_seconds_sum,api-gateway,10.42.0.187:8080,"{'__name__': 'spring_cloud_gateway_requests_seconds_sum', 'httpMethod': 'GET', 'httpStatusCode': '200', 'instance': '10.42.0.187:8080', 'job': 'spring-petclinic', 'outcome': 'SUCCESSFUL', 'routeId': 'vets-service', 'routeUri': 'http://vets-service.spring-petclinic.svc.cluster.local:8080', 'status': 'OK'}",77308.36355672,same_network,3,300
2026-07-24T22:01:37.824438+00:00,2026-07-24T22:01:38.027000+00:00,spring_cloud_gateway_requests_seconds_sum,api-gateway,10.42.0.187:8080,"{'__name__': 'spring_cloud_gateway_requests_seconds_sum', 'httpMethod': 'GET', 'httpStatusCode': '200', 'instance': '10.42.0.187:8080', 'job': 'spring-petclinic', 'outcome': 'SUCCESSFUL', 'routeId': 'visits-service', 'routeUri': 'http://visits-service.spring-petclinic.svc.cluster.local:8080', 'status': 'OK'}",15317.566915206,same_network,3,300
2026-07-24T22:01:37.824438+00:00,2026-07-24T22:01:38.027000+00:00,spring_cloud_gateway_requests_seconds_sum,api-gateway,10.42.0.187:8080,"{'__name__': 'spring_cloud_gateway_requests_seconds_sum', 'httpMethod': 'GET', 'httpStatusCode': '500', 'instance': '10.42.0.187:8080', 'job': 'spring-petclinic', 'outcome': 'SERVER_ERROR', 'routeId': 'customers-service', 'routeUri': 'http://customers-service.spring-petclinic.svc.cluster.local:8080', 'status': 'INTERNAL_SERVER_ERROR'}",0.150802858,same_network,3,300
2026-07-24T22:01:37.824438+00:00,2026-07-24T22:01:38.027000+00:00,spring_cloud_gateway_requests_seconds_sum,api-gateway,10.42.0.187:8080,"{'__name__': 'spring_cloud_gateway_requests_seconds_sum', 'httpMethod': 'GET', 'httpStatusCode': '500', 'instance': '10.42.0.187:8080', 'job': 'spring-petclinic', 'outcome': 'SERVER_ERROR', 'routeId': 'vets-service', 'routeUri': 'http://vets-service.spring-petclinic.svc.cluster.local:8080', 'status': 'INTERNAL_SERVER_ERROR'}",52.224064757,same_network,3,300
2026-07-24T22:01:37.824438+00:00,2026-07-24T22:01:38.027000+00:00,spring_cloud_gateway_requests_seconds_sum,api-gateway,10.42.0.187:8080,"{'__name__': 'spring_cloud_gateway_requests_seconds_sum', 'httpMethod': 'GET', 'httpStatusCode': '500', 'instance': '10.42.0.187:8080', 'job': 'spring-petclinic', 'outcome': 'SERVER_ERROR', 'routeId': 'visits-service', 'routeUri': 'http://visits-service.spring-petclinic.svc.cluster.local:8080', 'status': 'INTERNAL_SERVER_ERROR'}",45.667181616,same_network,3,300
2026-07-24T22:01:37.824438+00:00,2026-07-24T22:01:38.034000+00:00,spring_cloud_gateway_routes_count,api-gateway,10.42.0.187:8080,"{'__name__': 'spring_cloud_gateway_routes_count', 'instance': '10.42.0.187:8080', 'job': 'spring-petclinic'}",3,same_network,3,300
2026-07-24T22:01:37.824438+00:00,2026-07-24T22:01:38.034000+00:00,spring_cloud_gateway_routes_count,api-gateway,10.42.1.129:8080,"{'__name__': 'spring_cloud_gateway_routes_count', 'instance': '10.42.1.129:8080', 'job': 'spring-petclinic'}",3,same_network,3,300
2026-07-24T22:01:37.824438+00:00,2026-07-24T22:01:38.037000+00:00,spring_data_repository_invocations_seconds_count,customers-service,10.42.0.186:8080,"{'__name__': 'spring_data_repository_invocations_seconds_count', 'exception': 'None', 'instance': '10.42.0.186:8080', 'job': 'spring-petclinic', 'method': 'findAll', 'repository': 'OwnerRepository', 'state': 'SUCCESS'}",297887,same_network,3,300
2026-07-24T22:01:37.824438+00:00,2026-07-24T22:01:38.037000+00:00,spring_data_repository_invocations_seconds_count,customers-service,10.42.0.186:8080,"{'__name__': 'spring_data_repository_invocations_seconds_count', 'exception': 'None', 'instance': '10.42.0.186:8080', 'job': 'spring-petclinic', 'method': 'findById', 'repository': 'OwnerRepository', 'state': 'SUCCESS'}",297476,same_network,3,300
2026-07-24T22:01:37.824438+00:00,2026-07-24T22:01:38.037000+00:00,spring_data_repository_invocations_seconds_count,visits-service,10.42.1.122:8080,"{'__name__': 'spring_data_repository_invocations_seconds_count', 'exception': 'None', 'instance': '10.42.1.122:8080', 'job': 'spring-petclinic', 'method': 'findByPetId', 'repository': 'VisitRepository', 'state': 'SUCCESS'}",292766,same_network,3,300
2026-07-24T22:01:37.824438+00:00,2026-07-24T22:01:38.037000+00:00,spring_data_repository_invocations_seconds_count,vets-service,10.42.1.123:8080,"{'__name__': 'spring_data_repository_invocations_seconds_count', 'exception': 'None', 'instance': '10.42.1.123:8080', 'job': 'spring-petclinic', 'method': 'findAll', 'repository': 'VetRepository', 'state': 'SUCCESS'}",286155,same_network,3,300
2026-07-24T22:01:37.824438+00:00,2026-07-24T22:01:38.037000+00:00,spring_data_repository_invocations_seconds_count,vets-service,10.42.1.124:8080,"{'__name__': 'spring_data_repository_invocations_seconds_count', 'exception': 'None', 'instance': '10.42.1.124:8080', 'job': 'spring-petclinic', 'method': 'findAll', 'repository': 'VetRepository', 'state': 'SUCCESS'}",292794,same_network,3,300
2026-07-24T22:01:37.824438+00:00,2026-07-24T22:01:38.037000+00:00,spring_data_repository_invocations_seconds_count,visits-service,10.42.1.125:8080,"{'__name__': 'spring_data_repository_invocations_seconds_count', 'exception': 'None', 'instance': '10.42.1.125:8080', 'job': 'spring-petclinic', 'method': 'findByPetId', 'repository': 'VisitRepository', 'state': 'SUCCESS'}",286540,same_network,3,300
2026-07-24T22:01:37.824438+00:00,2026-07-24T22:01:38.037000+00:00,spring_data_repository_invocations_seconds_count,customers-service,10.42.1.126:8080,"{'__name__': 'spring_data_repository_invocations_seconds_count', 'exception': 'None', 'instance': '10.42.1.126:8080', 'job': 'spring-petclinic', 'method': 'findAll', 'repository': 'OwnerRepository', 'state': 'SUCCESS'}",285480,same_network,3,300
2026-07-24T22:01:37.824438+00:00,2026-07-24T22:01:38.037000+00:00,spring_data_repository_invocations_seconds_count,customers-service,10.42.1.126:8080,"{'__name__': 'spring_data_repository_invocations_seconds_count', 'exception': 'None', 'instance': '10.42.1.126:8080', 'job': 'spring-petclinic', 'method': 'findById', 'repository': 'OwnerRepository', 'state': 'SUCCESS'}",286306,same_network,3,300
2026-07-24T22:01:37.824438+00:00,2026-07-24T22:01:38.037000+00:00,spring_data_repository_invocations_seconds_count,customers-service,10.42.0.186:8080,"{'__name__': 'spring_data_repository_invocations_seconds_count', 'exception': 'PersistenceException', 'instance': '10.42.0.186:8080', 'job': 'spring-petclinic', 'method': 'findAll', 'repository': 'OwnerRepository', 'state': 'ERROR'}",6,same_network,3,300
2026-07-24T22:01:37.824438+00:00,2026-07-24T22:01:38.037000+00:00,spring_data_repository_invocations_seconds_count,customers-service,10.42.0.186:8080,"{'__name__': 'spring_data_repository_invocations_seconds_count', 'exception': 'PersistenceException', 'instance': '10.42.0.186:8080', 'job': 'spring-petclinic', 'method': 'findById', 'repository': 'OwnerRepository', 'state': 'ERROR'}",1,same_network,3,300
2026-07-24T22:01:37.824438+00:00,2026-07-24T22:01:38.043000+00:00,spring_data_repository_invocations_seconds_max,customers-service,10.42.0.186:8080,"{'__name__': 'spring_data_repository_invocations_seconds_max', 'exception': 'None', 'instance': '10.42.0.186:8080', 'job': 'spring-petclinic', 'method': 'findAll', 'repository': 'OwnerRepository', 'state': 'SUCCESS'}",0.325866649,same_network,3,300
2026-07-24T22:01:37.824438+00:00,2026-07-24T22:01:38.043000+00:00,spring_data_repository_invocations_seconds_max,customers-service,10.42.0.186:8080,"{'__name__': 'spring_data_repository_invocations_seconds_max', 'exception': 'None', 'instance': '10.42.0.186:8080', 'job': 'spring-petclinic', 'method': 'findById', 'repository': 'OwnerRepository', 'state': 'SUCCESS'}",0.032719278,same_network,3,300
2026-07-24T22:01:37.824438+00:00,2026-07-24T22:01:38.043000+00:00,spring_data_repository_invocations_seconds_max,visits-service,10.42.1.122:8080,"{'__name__': 'spring_data_repository_invocations_seconds_max', 'exception': 'None', 'instance': '10.42.1.122:8080', 'job': 'spring-petclinic', 'method': 'findByPetId', 'repository': 'VisitRepository', 'state': 'SUCCESS'}",0.044713397,same_network,3,300
2026-07-24T22:01:37.824438+00:00,2026-07-24T22:01:38.043000+00:00,spring_data_repository_invocations_seconds_max,vets-service,10.42.1.123:8080,"{'__name__': 'spring_data_repository_invocations_seconds_max', 'exception': 'None', 'instance': '10.42.1.123:8080', 'job': 'spring-petclinic', 'method': 'findAll', 'repository': 'VetRepository', 'state': 'SUCCESS'}",0.11093086,same_network,3,300
2026-07-24T22:01:37.824438+00:00,2026-07-24T22:01:38.043000+00:00,spring_data_repository_invocations_seconds_max,vets-service,10.42.1.124:8080,"{'__name__': 'spring_data_repository_invocations_seconds_max', 'exception': 'None', 'instance': '10.42.1.124:8080', 'job': 'spring-petclinic', 'method': 'findAll', 'repository': 'VetRepository', 'state': 'SUCCESS'}",0.136622555,same_network,3,300
2026-07-24T22:01:37.824438+00:00,2026-07-24T22:01:38.043000+00:00,spring_data_repository_invocations_seconds_max,visits-service,10.42.1.125:8080,"{'__name__': 'spring_data_repository_invocations_seconds_max', 'exception': 'None', 'instance': '10.42.1.125:8080', 'job': 'spring-petclinic', 'method': 'findByPetId', 'repository': 'VisitRepository', 'state': 'SUCCESS'}",0.048053222,same_network,3,300
2026-07-24T22:01:37.824438+00:00,2026-07-24T22:01:38.043000+00:00,spring_data_repository_invocations_seconds_max,customers-service,10.42.1.126:8080,"{'__name__': 'spring_data_repository_invocations_seconds_max', 'exception': 'None', 'instance': '10.42.1.126:8080', 'job': 'spring-petclinic', 'method': 'findAll', 'repository': 'OwnerRepository', 'state': 'SUCCESS'}",0.162935354,same_network,3,300
2026-07-24T22:01:37.824438+00:00,2026-07-24T22:01:38.043000+00:00,spring_data_repository_invocations_seconds_max,customers-service,10.42.1.126:8080,"{'__name__': 'spring_data_repository_invocations_seconds_max', 'exception': 'None', 'instance': '10.42.1.126:8080', 'job': 'spring-petclinic', 'method': 'findById', 'repository': 'OwnerRepository', 'state': 'SUCCESS'}",0.047050469,same_network,3,300
2026-07-24T22:01:37.824438+00:00,2026-07-24T22:01:38.043000+00:00,spring_data_repository_invocations_seconds_max,customers-service,10.42.0.186:8080,"{'__name__': 'spring_data_repository_invocations_seconds_max', 'exception': 'PersistenceException', 'instance': '10.42.0.186:8080', 'job': 'spring-petclinic', 'method': 'findAll', 'repository': 'OwnerRepository', 'state': 'ERROR'}",0,same_network,3,300
2026-07-24T22:01:37.824438+00:00,2026-07-24T22:01:38.043000+00:00,spring_data_repository_invocations_seconds_max,customers-service,10.42.0.186:8080,"{'__name__': 'spring_data_repository_invocations_seconds_max', 'exception': 'PersistenceException', 'instance': '10.42.0.186:8080', 'job': 'spring-petclinic', 'method': 'findById', 'repository': 'OwnerRepository', 'state': 'ERROR'}",0,same_network,3,300
2026-07-24T22:01:37.824438+00:00,2026-07-24T22:01:38.047000+00:00,spring_data_repository_invocations_seconds_sum,customers-service,10.42.0.186:8080,"{'__name__': 'spring_data_repository_invocations_seconds_sum', 'exception': 'None', 'instance': '10.42.0.186:8080', 'job': 'spring-petclinic', 'method': 'findAll', 'repository': 'OwnerRepository', 'state': 'SUCCESS'}",27967.043074446,same_network,3,300
2026-07-24T22:01:37.824438+00:00,2026-07-24T22:01:38.047000+00:00,spring_data_repository_invocations_seconds_sum,customers-service,10.42.0.186:8080,"{'__name__': 'spring_data_repository_invocations_seconds_sum', 'exception': 'None', 'instance': '10.42.0.186:8080', 'job': 'spring-petclinic', 'method': 'findById', 'repository': 'OwnerRepository', 'state': 'SUCCESS'}",2696.244683063,same_network,3,300
2026-07-24T22:01:37.824438+00:00,2026-07-24T22:01:38.047000+00:00,spring_data_repository_invocations_seconds_sum,visits-service,10.42.1.122:8080,"{'__name__': 'spring_data_repository_invocations_seconds_sum', 'exception': 'None', 'instance': '10.42.1.122:8080', 'job': 'spring-petclinic', 'method': 'findByPetId', 'repository': 'VisitRepository', 'state': 'SUCCESS'}",3718.69942652,same_network,3,300
2026-07-24T22:01:37.824438+00:00,2026-07-24T22:01:38.047000+00:00,spring_data_repository_invocations_seconds_sum,vets-service,10.42.1.123:8080,"{'__name__': 'spring_data_repository_invocations_seconds_sum', 'exception': 'None', 'instance': '10.42.1.123:8080', 'job': 'spring-petclinic', 'method': 'findAll', 'repository': 'VetRepository', 'state': 'SUCCESS'}",18684.728962488,same_network,3,300
2026-07-24T22:01:37.824438+00:00,2026-07-24T22:01:38.047000+00:00,spring_data_repository_invocations_seconds_sum,vets-service,10.42.1.124:8080,"{'__name__': 'spring_data_repository_invocations_seconds_sum', 'exception': 'None', 'instance': '10.42.1.124:8080', 'job': 'spring-petclinic', 'method': 'findAll', 'repository': 'VetRepository', 'state': 'SUCCESS'}",19101.620926773,same_network,3,300
2026-07-24T22:01:37.824438+00:00,2026-07-24T22:01:38.047000+00:00,spring_data_repository_invocations_seconds_sum,visits-service,10.42.1.125:8080,"{'__name__': 'spring_data_repository_invocations_seconds_sum', 'exception': 'None', 'instance': '10.42.1.125:8080', 'job': 'spring-petclinic', 'method': 'findByPetId', 'repository': 'VisitRepository', 'state': 'SUCCESS'}",3553.098254044,same_network,3,300
2026-07-24T22:01:37.824438+00:00,2026-07-24T22:01:38.047000+00:00,spring_data_repository_invocations_seconds_sum,customers-service,10.42.1.126:8080,"{'__name__': 'spring_data_repository_invocations_seconds_sum', 'exception': 'None', 'instance': '10.42.1.126:8080', 'job': 'spring-petclinic', 'method': 'findAll', 'repository': 'OwnerRepository', 'state': 'SUCCESS'}",29244.852816617,same_network,3,300
2026-07-24T22:01:37.824438+00:00,2026-07-24T22:01:38.047000+00:00,spring_data_repository_invocations_seconds_sum,customers-service,10.42.1.126:8080,"{'__name__': 'spring_data_repository_invocations_seconds_sum', 'exception': 'None', 'instance': '10.42.1.126:8080', 'job': 'spring-petclinic', 'method': 'findById', 'repository': 'OwnerRepository', 'state': 'SUCCESS'}",2777.310031581,same_network,3,300
2026-07-24T22:01:37.824438+00:00,2026-07-24T22:01:38.047000+00:00,spring_data_repository_invocations_seconds_sum,customers-service,10.42.0.186:8080,"{'__name__': 'spring_data_repository_invocations_seconds_sum', 'exception': 'PersistenceException', 'instance': '10.42.0.186:8080', 'job': 'spring-petclinic', 'method': 'findAll', 'repository': 'OwnerRepository', 'state': 'ERROR'}",162.317731366,same_network,3,300
2026-07-24T22:01:37.824438+00:00,2026-07-24T22:01:38.047000+00:00,spring_data_repository_invocations_seconds_sum,customers-service,10.42.0.186:8080,"{'__name__': 'spring_data_repository_invocations_seconds_sum', 'exception': 'PersistenceException', 'instance': '10.42.0.186:8080', 'job': 'spring-petclinic', 'method': 'findById', 'repository': 'OwnerRepository', 'state': 'ERROR'}",27.935482957,same_network,3,300
2026-07-24T22:01:37.824438+00:00,2026-07-24T22:01:38.054000+00:00,petclinic_owner_seconds_count,customers-service,10.42.0.186:8080,"{'__name__': 'petclinic_owner_seconds_count', 'exception': 'CannotCreateTransactionException', 'instance': '10.42.0.186:8080', 'job': 'spring-petclinic', 'method': 'GET', 'outcome': 'SERVER_ERROR', 'status': '500', 'uri': '/owners'}",1,same_network,3,300
2026-07-24T22:01:37.824438+00:00,2026-07-24T22:01:38.054000+00:00,petclinic_owner_seconds_count,customers-service,10.42.0.186:8080,"{'__name__': 'petclinic_owner_seconds_count', 'exception': 'CannotCreateTransactionException', 'instance': '10.42.0.186:8080', 'job': 'spring-petclinic', 'method': 'GET', 'outcome': 'SERVER_ERROR', 'status': '500', 'uri': '/owners/{ownerId}'}",2,same_network,3,300
2026-07-24T22:01:37.824438+00:00,2026-07-24T22:01:38.054000+00:00,petclinic_owner_seconds_count,customers-service,10.42.0.186:8080,"{'__name__': 'petclinic_owner_seconds_count', 'exception': 'JpaSystemException', 'instance': '10.42.0.186:8080', 'job': 'spring-petclinic', 'method': 'GET', 'outcome': 'SERVER_ERROR', 'status': '500', 'uri': '/owners/{ownerId}'}",1,same_network,3,300
2026-07-24T22:01:37.824438+00:00,2026-07-24T22:01:38.054000+00:00,petclinic_owner_seconds_count,customers-service,10.42.0.186:8080,"{'__name__': 'petclinic_owner_seconds_count', 'exception': 'None', 'instance': '10.42.0.186:8080', 'job': 'spring-petclinic', 'method': 'GET', 'outcome': 'SUCCESS', 'status': '200', 'uri': '/owners'}",297886,same_network,3,300
2026-07-24T22:01:37.824438+00:00,2026-07-24T22:01:38.054000+00:00,petclinic_owner_seconds_count,customers-service,10.42.0.186:8080,"{'__name__': 'petclinic_owner_seconds_count', 'exception': 'None', 'instance': '10.42.0.186:8080', 'job': 'spring-petclinic', 'method': 'GET', 'outcome': 'SUCCESS', 'status': '200', 'uri': '/owners/{ownerId}'}",297473,same_network,3,300
2026-07-24T22:01:37.824438+00:00,2026-07-24T22:01:38.054000+00:00,petclinic_owner_seconds_count,customers-service,10.42.1.126:8080,"{'__name__': 'petclinic_owner_seconds_count', 'exception': 'None', 'instance': '10.42.1.126:8080', 'job': 'spring-petclinic', 'method': 'GET', 'outcome': 'SUCCESS', 'status': '200', 'uri': '/owners'}",285479,same_network,3,300
2026-07-24T22:01:37.824438+00:00,2026-07-24T22:01:38.054000+00:00,petclinic_owner_seconds_count,customers-service,10.42.1.126:8080,"{'__name__': 'petclinic_owner_seconds_count', 'exception': 'None', 'instance': '10.42.1.126:8080', 'job': 'spring-petclinic', 'method': 'GET', 'outcome': 'SUCCESS', 'status': '200', 'uri': '/owners/{ownerId}'}",286305,same_network,3,300
2026-07-24T22:01:37.824438+00:00,2026-07-24T22:01:38.054000+00:00,petclinic_owner_seconds_count,customers-service,10.42.0.186:8080,"{'__name__': 'petclinic_owner_seconds_count', 'exception': 'TransactionSystemException', 'instance': '10.42.0.186:8080', 'job': 'spring-petclinic', 'method': 'GET', 'outcome': 'SERVER_ERROR', 'status': '500', 'uri': '/owners'}",6,same_network,3,300
2026-07-24T22:01:37.824438+00:00,2026-07-24T22:01:38.054000+00:00,petclinic_owner_seconds_count,customers-service,10.42.0.186:8080,"{'__name__': 'petclinic_owner_seconds_count', 'exception': 'TransactionSystemException', 'instance': '10.42.0.186:8080', 'job': 'spring-petclinic', 'method': 'GET', 'outcome': 'SERVER_ERROR', 'status': '500', 'uri': '/owners/{ownerId}'}",1,same_network,3,300
2026-07-24T22:01:37.824438+00:00,2026-07-24T22:01:38.057000+00:00,petclinic_owner_seconds_max,customers-service,10.42.0.186:8080,"{'__name__': 'petclinic_owner_seconds_max', 'exception': 'CannotCreateTransactionException', 'instance': '10.42.0.186:8080', 'job': 'spring-petclinic', 'method': 'GET', 'outcome': 'SERVER_ERROR', 'status': '500', 'uri': '/owners'}",0,same_network,3,300
2026-07-24T22:01:37.824438+00:00,2026-07-24T22:01:38.057000+00:00,petclinic_owner_seconds_max,customers-service,10.42.0.186:8080,"{'__name__': 'petclinic_owner_seconds_max', 'exception': 'CannotCreateTransactionException', 'instance': '10.42.0.186:8080', 'job': 'spring-petclinic', 'method': 'GET', 'outcome': 'SERVER_ERROR', 'status': '500', 'uri': '/owners/{ownerId}'}",0,same_network,3,300
2026-07-24T22:01:37.824438+00:00,2026-07-24T22:01:38.057000+00:00,petclinic_owner_seconds_max,customers-service,10.42.0.186:8080,"{'__name__': 'petclinic_owner_seconds_max', 'exception': 'JpaSystemException', 'instance': '10.42.0.186:8080', 'job': 'spring-petclinic', 'method': 'GET', 'outcome': 'SERVER_ERROR', 'status': '500', 'uri': '/owners/{ownerId}'}",0,same_network,3,300
2026-07-24T22:01:37.824438+00:00,2026-07-24T22:01:38.057000+00:00,petclinic_owner_seconds_max,customers-service,10.42.0.186:8080,"{'__name__': 'petclinic_owner_seconds_max', 'exception': 'None', 'instance': '10.42.0.186:8080', 'job': 'spring-petclinic', 'method': 'GET', 'outcome': 'SUCCESS', 'status': '200', 'uri': '/owners'}",0.514533798,same_network,3,300
2026-07-24T22:01:37.824438+00:00,2026-07-24T22:01:38.057000+00:00,petclinic_owner_seconds_max,customers-service,10.42.0.186:8080,"{'__name__': 'petclinic_owner_seconds_max', 'exception': 'None', 'instance': '10.42.0.186:8080', 'job': 'spring-petclinic', 'method': 'GET', 'outcome': 'SUCCESS', 'status': '200', 'uri': '/owners/{ownerId}'}",0.510798134,same_network,3,300
2026-07-24T22:01:37.824438+00:00,2026-07-24T22:01:38.057000+00:00,petclinic_owner_seconds_max,customers-service,10.42.1.126:8080,"{'__name__': 'petclinic_owner_seconds_max', 'exception': 'None', 'instance': '10.42.1.126:8080', 'job': 'spring-petclinic', 'method': 'GET', 'outcome': 'SUCCESS', 'status': '200', 'uri': '/owners'}",0.381193679,same_network,3,300
2026-07-24T22:01:37.824438+00:00,2026-07-24T22:01:38.057000+00:00,petclinic_owner_seconds_max,customers-service,10.42.1.126:8080,"{'__name__': 'petclinic_owner_seconds_max', 'exception': 'None', 'instance': '10.42.1.126:8080', 'job': 'spring-petclinic', 'method': 'GET', 'outcome': 'SUCCESS', 'status': '200', 'uri': '/owners/{ownerId}'}",0.259281476,same_network,3,300
2026-07-24T22:01:37.824438+00:00,2026-07-24T22:01:38.057000+00:00,petclinic_owner_seconds_max,customers-service,10.42.0.186:8080,"{'__name__': 'petclinic_owner_seconds_max', 'exception': 'TransactionSystemException', 'instance': '10.42.0.186:8080', 'job': 'spring-petclinic', 'method': 'GET', 'outcome': 'SERVER_ERROR', 'status': '500', 'uri': '/owners'}",0,same_network,3,300
2026-07-24T22:01:37.824438+00:00,2026-07-24T22:01:38.057000+00:00,petclinic_owner_seconds_max,customers-service,10.42.0.186:8080,"{'__name__': 'petclinic_owner_seconds_max', 'exception': 'TransactionSystemException', 'instance': '10.42.0.186:8080', 'job': 'spring-petclinic', 'method': 'GET', 'outcome': 'SERVER_ERROR', 'status': '500', 'uri': '/owners/{ownerId}'}",0,same_network,3,300
2026-07-24T22:01:37.824438+00:00,2026-07-24T22:01:38.063000+00:00,petclinic_owner_seconds_sum,customers-service,10.42.0.186:8080,"{'__name__': 'petclinic_owner_seconds_sum', 'exception': 'CannotCreateTransactionException', 'instance': '10.42.0.186:8080', 'job': 'spring-petclinic', 'method': 'GET', 'outcome': 'SERVER_ERROR', 'status': '500', 'uri': '/owners'}",30.011462249,same_network,3,300
2026-07-24T22:01:37.824438+00:00,2026-07-24T22:01:38.063000+00:00,petclinic_owner_seconds_sum,customers-service,10.42.0.186:8080,"{'__name__': 'petclinic_owner_seconds_sum', 'exception': 'CannotCreateTransactionException', 'instance': '10.42.0.186:8080', 'job': 'spring-petclinic', 'method': 'GET', 'outcome': 'SERVER_ERROR', 'status': '500', 'uri': '/owners/{ownerId}'}",57.928555052,same_network,3,300
2026-07-24T22:01:37.824438+00:00,2026-07-24T22:01:38.063000+00:00,petclinic_owner_seconds_sum,customers-service,10.42.0.186:8080,"{'__name__': 'petclinic_owner_seconds_sum', 'exception': 'JpaSystemException', 'instance': '10.42.0.186:8080', 'job': 'spring-petclinic', 'method': 'GET', 'outcome': 'SERVER_ERROR', 'status': '500', 'uri': '/owners/{ownerId}'}",29.962295767,same_network,3,300
2026-07-24T22:01:37.824438+00:00,2026-07-24T22:01:38.063000+00:00,petclinic_owner_seconds_sum,customers-service,10.42.0.186:8080,"{'__name__': 'petclinic_owner_seconds_sum', 'exception': 'None', 'instance': '10.42.0.186:8080', 'job': 'spring-petclinic', 'method': 'GET', 'outcome': 'SUCCESS', 'status': '200', 'uri': '/owners'}",69761.053195457,same_network,3,300
2026-07-24T22:01:37.824438+00:00,2026-07-24T22:01:38.063000+00:00,petclinic_owner_seconds_sum,customers-service,10.42.0.186:8080,"{'__name__': 'petclinic_owner_seconds_sum', 'exception': 'None', 'instance': '10.42.0.186:8080', 'job': 'spring-petclinic', 'method': 'GET', 'outcome': 'SUCCESS', 'status': '200', 'uri': '/owners/{ownerId}'}",44075.303802752,same_network,3,300
2026-07-24T22:01:37.824438+00:00,2026-07-24T22:01:38.063000+00:00,petclinic_owner_seconds_sum,customers-service,10.42.1.126:8080,"{'__name__': 'petclinic_owner_seconds_sum', 'exception': 'None', 'instance': '10.42.1.126:8080', 'job': 'spring-petclinic', 'method': 'GET', 'outcome': 'SUCCESS', 'status': '200', 'uri': '/owners'}",61826.252034733,same_network,3,300
2026-07-24T22:01:37.824438+00:00,2026-07-24T22:01:38.063000+00:00,petclinic_owner_seconds_sum,customers-service,10.42.1.126:8080,"{'__name__': 'petclinic_owner_seconds_sum', 'exception': 'None', 'instance': '10.42.1.126:8080', 'job': 'spring-petclinic', 'method': 'GET', 'outcome': 'SUCCESS', 'status': '200', 'uri': '/owners/{ownerId}'}",36129.521165893,same_network,3,300
2026-07-24T22:01:37.824438+00:00,2026-07-24T22:01:38.063000+00:00,petclinic_owner_seconds_sum,customers-service,10.42.0.186:8080,"{'__name__': 'petclinic_owner_seconds_sum', 'exception': 'TransactionSystemException', 'instance': '10.42.0.186:8080', 'job': 'spring-petclinic', 'method': 'GET', 'outcome': 'SERVER_ERROR', 'status': '500', 'uri': '/owners'}",162.536228172,same_network,3,300
2026-07-24T22:01:37.824438+00:00,2026-07-24T22:01:38.063000+00:00,petclinic_owner_seconds_sum,customers-service,10.42.0.186:8080,"{'__name__': 'petclinic_owner_seconds_sum', 'exception': 'TransactionSystemException', 'instance': '10.42.0.186:8080', 'job': 'spring-petclinic', 'method': 'GET', 'outcome': 'SERVER_ERROR', 'status': '500', 'uri': '/owners/{ownerId}'}",27.98418218,same_network,3,300
2026-07-24T22:01:37.824438+00:00,2026-07-24T22:01:38.068000+00:00,petclinic_visit_seconds_count,visits-service,10.42.1.122:8080,"{'__name__': 'petclinic_visit_seconds_count', 'exception': 'None', 'instance': '10.42.1.122:8080', 'job': 'spring-petclinic', 'method': 'GET', 'outcome': 'SUCCESS', 'status': '200', 'uri': '/owners/*/pets/{petId}/visits'}",292766,same_network,3,300
2026-07-24T22:01:37.824438+00:00,2026-07-24T22:01:38.068000+00:00,petclinic_visit_seconds_count,visits-service,10.42.1.125:8080,"{'__name__': 'petclinic_visit_seconds_count', 'exception': 'None', 'instance': '10.42.1.125:8080', 'job': 'spring-petclinic', 'method': 'GET', 'outcome': 'SUCCESS', 'status': '200', 'uri': '/owners/*/pets/{petId}/visits'}",286540,same_network,3,300
2026-07-24T22:01:37.824438+00:00,2026-07-24T22:01:38.073000+00:00,petclinic_visit_seconds_max,visits-service,10.42.1.122:8080,"{'__name__': 'petclinic_visit_seconds_max', 'exception': 'None', 'instance': '10.42.1.122:8080', 'job': 'spring-petclinic', 'method': 'GET', 'outcome': 'SUCCESS', 'status': '200', 'uri': '/owners/*/pets/{petId}/visits'}",0.045776938,same_network,3,300
2026-07-24T22:01:37.824438+00:00,2026-07-24T22:01:38.073000+00:00,petclinic_visit_seconds_max,visits-service,10.42.1.125:8080,"{'__name__': 'petclinic_visit_seconds_max', 'exception': 'None', 'instance': '10.42.1.125:8080', 'job': 'spring-petclinic', 'method': 'GET', 'outcome': 'SUCCESS', 'status': '200', 'uri': '/owners/*/pets/{petId}/visits'}",0.04900623,same_network,3,300
2026-07-24T22:01:37.824438+00:00,2026-07-24T22:01:38.080000+00:00,petclinic_visit_seconds_sum,visits-service,10.42.1.122:8080,"{'__name__': 'petclinic_visit_seconds_sum', 'exception': 'None', 'instance': '10.42.1.122:8080', 'job': 'spring-petclinic', 'method': 'GET', 'outcome': 'SUCCESS', 'status': '200', 'uri': '/owners/*/pets/{petId}/visits'}",4405.366606533,same_network,3,300
2026-07-24T22:01:37.824438+00:00,2026-07-24T22:01:38.080000+00:00,petclinic_visit_seconds_sum,visits-service,10.42.1.125:8080,"{'__name__': 'petclinic_visit_seconds_sum', 'exception': 'None', 'instance': '10.42.1.125:8080', 'job': 'spring-petclinic', 'method': 'GET', 'outcome': 'SUCCESS', 'status': '200', 'uri': '/owners/*/pets/{petId}/visits'}",4377.228634815,same_network,3,300
2026-07-24T22:01:37.824438+00:00,2026-07-24T22:01:38.085000+00:00,hikaricp_connections,customers-service,10.42.0.186:8080,"{'__name__': 'hikaricp_connections', 'instance': '10.42.0.186:8080', 'job': 'spring-petclinic', 'pool': 'HikariPool-1'}",10,same_network,3,300
2026-07-24T22:01:37.824438+00:00,2026-07-24T22:01:38.085000+00:00,hikaricp_connections,visits-service,10.42.1.122:8080,"{'__name__': 'hikaricp_connections', 'instance': '10.42.1.122:8080', 'job': 'spring-petclinic', 'pool': 'HikariPool-1'}",10,same_network,3,300
2026-07-24T22:01:37.824438+00:00,2026-07-24T22:01:38.085000+00:00,hikaricp_connections,vets-service,10.42.1.123:8080,"{'__name__': 'hikaricp_connections', 'instance': '10.42.1.123:8080', 'job': 'spring-petclinic', 'pool': 'HikariPool-1'}",10,same_network,3,300
2026-07-24T22:01:37.824438+00:00,2026-07-24T22:01:38.085000+00:00,hikaricp_connections,vets-service,10.42.1.124:8080,"{'__name__': 'hikaricp_connections', 'instance': '10.42.1.124:8080', 'job': 'spring-petclinic', 'pool': 'HikariPool-1'}",10,same_network,3,300
2026-07-24T22:01:37.824438+00:00,2026-07-24T22:01:38.085000+00:00,hikaricp_connections,visits-service,10.42.1.125:8080,"{'__name__': 'hikaricp_connections', 'instance': '10.42.1.125:8080', 'job': 'spring-petclinic', 'pool': 'HikariPool-1'}",10,same_network,3,300
2026-07-24T22:01:37.824438+00:00,2026-07-24T22:01:38.085000+00:00,hikaricp_connections,customers-service,10.42.1.126:8080,"{'__name__': 'hikaricp_connections', 'instance': '10.42.1.126:8080', 'job': 'spring-petclinic', 'pool': 'HikariPool-1'}",10,same_network,3,300
2026-07-24T22:01:37.824438+00:00,2026-07-24T22:01:38.089000+00:00,hikaricp_connections_active,customers-service,10.42.0.186:8080,"{'__name__': 'hikaricp_connections_active', 'instance': '10.42.0.186:8080', 'job': 'spring-petclinic', 'pool': 'HikariPool-1'}",8,same_network,3,300
2026-07-24T22:01:37.824438+00:00,2026-07-24T22:01:38.089000+00:00,hikaricp_connections_active,visits-service,10.42.1.122:8080,"{'__name__': 'hikaricp_connections_active', 'instance': '10.42.1.122:8080', 'job': 'spring-petclinic', 'pool': 'HikariPool-1'}",1,same_network,3,300
2026-07-24T22:01:37.824438+00:00,2026-07-24T22:01:38.089000+00:00,hikaricp_connections_active,vets-service,10.42.1.123:8080,"{'__name__': 'hikaricp_connections_active', 'instance': '10.42.1.123:8080', 'job': 'spring-petclinic', 'pool': 'HikariPool-1'}",3,same_network,3,300
2026-07-24T22:01:37.824438+00:00,2026-07-24T22:01:38.089000+00:00,hikaricp_connections_active,vets-service,10.42.1.124:8080,"{'__name__': 'hikaricp_connections_active', 'instance': '10.42.1.124:8080', 'job': 'spring-petclinic', 'pool': 'HikariPool-1'}",2,same_network,3,300
2026-07-24T22:01:37.824438+00:00,2026-07-24T22:01:38.089000+00:00,hikaricp_connections_active,visits-service,10.42.1.125:8080,"{'__name__': 'hikaricp_connections_active', 'instance': '10.42.1.125:8080', 'job': 'spring-petclinic', 'pool': 'HikariPool-1'}",0,same_network,3,300
2026-07-24T22:01:37.824438+00:00,2026-07-24T22:01:38.089000+00:00,hikaricp_connections_active,customers-service,10.42.1.126:8080,"{'__name__': 'hikaricp_connections_active', 'instance': '10.42.1.126:8080', 'job': 'spring-petclinic', 'pool': 'HikariPool-1'}",10,same_network,3,300
2026-07-24T22:01:37.824438+00:00,2026-07-24T22:01:38.098000+00:00,hikaricp_connections_idle,customers-service,10.42.0.186:8080,"{'__name__': 'hikaricp_connections_idle', 'instance': '10.42.0.186:8080', 'job': 'spring-petclinic', 'pool': 'HikariPool-1'}",2,same_network,3,300
2026-07-24T22:01:37.824438+00:00,2026-07-24T22:01:38.098000+00:00,hikaricp_connections_idle,visits-service,10.42.1.122:8080,"{'__name__': 'hikaricp_connections_idle', 'instance': '10.42.1.122:8080', 'job': 'spring-petclinic', 'pool': 'HikariPool-1'}",9,same_network,3,300
2026-07-24T22:01:37.824438+00:00,2026-07-24T22:01:38.098000+00:00,hikaricp_connections_idle,vets-service,10.42.1.123:8080,"{'__name__': 'hikaricp_connections_idle', 'instance': '10.42.1.123:8080', 'job': 'spring-petclinic', 'pool': 'HikariPool-1'}",7,same_network,3,300
2026-07-24T22:01:37.824438+00:00,2026-07-24T22:01:38.098000+00:00,hikaricp_connections_idle,vets-service,10.42.1.124:8080,"{'__name__': 'hikaricp_connections_idle', 'instance': '10.42.1.124:8080', 'job': 'spring-petclinic', 'pool': 'HikariPool-1'}",8,same_network,3,300
2026-07-24T22:01:37.824438+00:00,2026-07-24T22:01:38.098000+00:00,hikaricp_connections_idle,visits-service,10.42.1.125:8080,"{'__name__': 'hikaricp_connections_idle', 'instance': '10.42.1.125:8080', 'job': 'spring-petclinic', 'pool': 'HikariPool-1'}",10,same_network,3,300
2026-07-24T22:01:37.824438+00:00,2026-07-24T22:01:38.098000+00:00,hikaricp_connections_idle,customers-service,10.42.1.126:8080,"{'__name__': 'hikaricp_connections_idle', 'instance': '10.42.1.126:8080', 'job': 'spring-petclinic', 'pool': 'HikariPool-1'}",0,same_network,3,300
2026-07-24T22:01:37.824438+00:00,2026-07-24T22:01:38.103000+00:00,hikaricp_connections_max,customers-service,10.42.0.186:8080,"{'__name__': 'hikaricp_connections_max', 'instance': '10.42.0.186:8080', 'job': 'spring-petclinic', 'pool': 'HikariPool-1'}",10,same_network,3,300
2026-07-24T22:01:37.824438+00:00,2026-07-24T22:01:38.103000+00:00,hikaricp_connections_max,visits-service,10.42.1.122:8080,"{'__name__': 'hikaricp_connections_max', 'instance': '10.42.1.122:8080', 'job': 'spring-petclinic', 'pool': 'HikariPool-1'}",10,same_network,3,300
2026-07-24T22:01:37.824438+00:00,2026-07-24T22:01:38.103000+00:00,hikaricp_connections_max,vets-service,10.42.1.123:8080,"{'__name__': 'hikaricp_connections_max', 'instance': '10.42.1.123:8080', 'job': 'spring-petclinic', 'pool': 'HikariPool-1'}",10,same_network,3,300
2026-07-24T22:01:37.824438+00:00,2026-07-24T22:01:38.103000+00:00,hikaricp_connections_max,vets-service,10.42.1.124:8080,"{'__name__': 'hikaricp_connections_max', 'instance': '10.42.1.124:8080', 'job': 'spring-petclinic', 'pool': 'HikariPool-1'}",10,same_network,3,300
2026-07-24T22:01:37.824438+00:00,2026-07-24T22:01:38.103000+00:00,hikaricp_connections_max,visits-service,10.42.1.125:8080,"{'__name__': 'hikaricp_connections_max', 'instance': '10.42.1.125:8080', 'job': 'spring-petclinic', 'pool': 'HikariPool-1'}",10,same_network,3,300
2026-07-24T22:01:37.824438+00:00,2026-07-24T22:01:38.103000+00:00,hikaricp_connections_max,customers-service,10.42.1.126:8080,"{'__name__': 'hikaricp_connections_max', 'instance': '10.42.1.126:8080', 'job': 'spring-petclinic', 'pool': 'HikariPool-1'}",10,same_network,3,300
2026-07-24T22:01:37.824438+00:00,2026-07-24T22:01:38.109000+00:00,hikaricp_connections_min,customers-service,10.42.0.186:8080,"{'__name__': 'hikaricp_connections_min', 'instance': '10.42.0.186:8080', 'job': 'spring-petclinic', 'pool': 'HikariPool-1'}",10,same_network,3,300
2026-07-24T22:01:37.824438+00:00,2026-07-24T22:01:38.109000+00:00,hikaricp_connections_min,visits-service,10.42.1.122:8080,"{'__name__': 'hikaricp_connections_min', 'instance': '10.42.1.122:8080', 'job': 'spring-petclinic', 'pool': 'HikariPool-1'}",10,same_network,3,300
2026-07-24T22:01:37.824438+00:00,2026-07-24T22:01:38.109000+00:00,hikaricp_connections_min,vets-service,10.42.1.123:8080,"{'__name__': 'hikaricp_connections_min', 'instance': '10.42.1.123:8080', 'job': 'spring-petclinic', 'pool': 'HikariPool-1'}",10,same_network,3,300
2026-07-24T22:01:37.824438+00:00,2026-07-24T22:01:38.109000+00:00,hikaricp_connections_min,vets-service,10.42.1.124:8080,"{'__name__': 'hikaricp_connections_min', 'instance': '10.42.1.124:8080', 'job': 'spring-petclinic', 'pool': 'HikariPool-1'}",10,same_network,3,300
2026-07-24T22:01:37.824438+00:00,2026-07-24T22:01:38.109000+00:00,hikaricp_connections_min,visits-service,10.42.1.125:8080,"{'__name__': 'hikaricp_connections_min', 'instance': '10.42.1.125:8080', 'job': 'spring-petclinic', 'pool': 'HikariPool-1'}",10,same_network,3,300
2026-07-24T22:01:37.824438+00:00,2026-07-24T22:01:38.109000+00:00,hikaricp_connections_min,customers-service,10.42.1.126:8080,"{'__name__': 'hikaricp_connections_min', 'instance': '10.42.1.126:8080', 'job': 'spring-petclinic', 'pool': 'HikariPool-1'}",10,same_network,3,300
2026-07-24T22:01:37.824438+00:00,2026-07-24T22:01:38.114000+00:00,hikaricp_connections_pending,customers-service,10.42.0.186:8080,"{'__name__': 'hikaricp_connections_pending', 'instance': '10.42.0.186:8080', 'job': 'spring-petclinic', 'pool': 'HikariPool-1'}",0,same_network,3,300
2026-07-24T22:01:37.824438+00:00,2026-07-24T22:01:38.114000+00:00,hikaricp_connections_pending,visits-service,10.42.1.122:8080,"{'__name__': 'hikaricp_connections_pending', 'instance': '10.42.1.122:8080', 'job': 'spring-petclinic', 'pool': 'HikariPool-1'}",0,same_network,3,300
2026-07-24T22:01:37.824438+00:00,2026-07-24T22:01:38.114000+00:00,hikaricp_connections_pending,vets-service,10.42.1.123:8080,"{'__name__': 'hikaricp_connections_pending', 'instance': '10.42.1.123:8080', 'job': 'spring-petclinic', 'pool': 'HikariPool-1'}",0,same_network,3,300
2026-07-24T22:01:37.824438+00:00,2026-07-24T22:01:38.114000+00:00,hikaricp_connections_pending,vets-service,10.42.1.124:8080,"{'__name__': 'hikaricp_connections_pending', 'instance': '10.42.1.124:8080', 'job': 'spring-petclinic', 'pool': 'HikariPool-1'}",0,same_network,3,300
2026-07-24T22:01:37.824438+00:00,2026-07-24T22:01:38.114000+00:00,hikaricp_connections_pending,visits-service,10.42.1.125:8080,"{'__name__': 'hikaricp_connections_pending', 'instance': '10.42.1.125:8080', 'job': 'spring-petclinic', 'pool': 'HikariPool-1'}",0,same_network,3,300
2026-07-24T22:01:37.824438+00:00,2026-07-24T22:01:38.114000+00:00,hikaricp_connections_pending,customers-service,10.42.1.126:8080,"{'__name__': 'hikaricp_connections_pending', 'instance': '10.42.1.126:8080', 'job': 'spring-petclinic', 'pool': 'HikariPool-1'}",2,same_network,3,300
2026-07-24T22:01:37.824438+00:00,2026-07-24T22:01:38.120000+00:00,hikaricp_connections_timeout_total,customers-service,10.42.0.186:8080,"{'__name__': 'hikaricp_connections_timeout_total', 'instance': '10.42.0.186:8080', 'job': 'spring-petclinic', 'pool': 'HikariPool-1'}",2,same_network,3,300
2026-07-24T22:01:37.824438+00:00,2026-07-24T22:01:38.120000+00:00,hikaricp_connections_timeout_total,visits-service,10.42.1.122:8080,"{'__name__': 'hikaricp_connections_timeout_total', 'instance': '10.42.1.122:8080', 'job': 'spring-petclinic', 'pool': 'HikariPool-1'}",0,same_network,3,300
2026-07-24T22:01:37.824438+00:00,2026-07-24T22:01:38.120000+00:00,hikaricp_connections_timeout_total,vets-service,10.42.1.123:8080,"{'__name__': 'hikaricp_connections_timeout_total', 'instance': '10.42.1.123:8080', 'job': 'spring-petclinic', 'pool': 'HikariPool-1'}",0,same_network,3,300
2026-07-24T22:01:37.824438+00:00,2026-07-24T22:01:38.120000+00:00,hikaricp_connections_timeout_total,vets-service,10.42.1.124:8080,"{'__name__': 'hikaricp_connections_timeout_total', 'instance': '10.42.1.124:8080', 'job': 'spring-petclinic', 'pool': 'HikariPool-1'}",0,same_network,3,300
2026-07-24T22:01:37.824438+00:00,2026-07-24T22:01:38.120000+00:00,hikaricp_connections_timeout_total,visits-service,10.42.1.125:8080,"{'__name__': 'hikaricp_connections_timeout_total', 'instance': '10.42.1.125:8080', 'job': 'spring-petclinic', 'pool': 'HikariPool-1'}",0,same_network,3,300
2026-07-24T22:01:37.824438+00:00,2026-07-24T22:01:38.120000+00:00,hikaricp_connections_timeout_total,customers-service,10.42.1.126:8080,"{'__name__': 'hikaricp_connections_timeout_total', 'instance': '10.42.1.126:8080', 'job': 'spring-petclinic', 'pool': 'HikariPool-1'}",0,same_network,3,300
2026-07-24T22:01:37.824438+00:00,2026-07-24T22:01:38.127000+00:00,hikaricp_connections_acquire_seconds_count,customers-service,10.42.0.186:8080,"{'__name__': 'hikaricp_connections_acquire_seconds_count', 'instance': '10.42.0.186:8080', 'job': 'spring-petclinic', 'pool': 'HikariPool-1'}",595378,same_network,3,300
2026-07-24T22:01:37.824438+00:00,2026-07-24T22:01:38.127000+00:00,hikaricp_connections_acquire_seconds_count,visits-service,10.42.1.122:8080,"{'__name__': 'hikaricp_connections_acquire_seconds_count', 'instance': '10.42.1.122:8080', 'job': 'spring-petclinic', 'pool': 'HikariPool-1'}",292767,same_network,3,300
2026-07-24T22:01:37.824438+00:00,2026-07-24T22:01:38.127000+00:00,hikaricp_connections_acquire_seconds_count,vets-service,10.42.1.123:8080,"{'__name__': 'hikaricp_connections_acquire_seconds_count', 'instance': '10.42.1.123:8080', 'job': 'spring-petclinic', 'pool': 'HikariPool-1'}",286157,same_network,3,300
2026-07-24T22:01:37.824438+00:00,2026-07-24T22:01:38.127000+00:00,hikaricp_connections_acquire_seconds_count,vets-service,10.42.1.124:8080,"{'__name__': 'hikaricp_connections_acquire_seconds_count', 'instance': '10.42.1.124:8080', 'job': 'spring-petclinic', 'pool': 'HikariPool-1'}",292796,same_network,3,300
2026-07-24T22:01:37.824438+00:00,2026-07-24T22:01:38.127000+00:00,hikaricp_connections_acquire_seconds_count,visits-service,10.42.1.125:8080,"{'__name__': 'hikaricp_connections_acquire_seconds_count', 'instance': '10.42.1.125:8080', 'job': 'spring-petclinic', 'pool': 'HikariPool-1'}",286540,same_network,3,300
2026-07-24T22:01:37.824438+00:00,2026-07-24T22:01:38.127000+00:00,hikaricp_connections_acquire_seconds_count,customers-service,10.42.1.126:8080,"{'__name__': 'hikaricp_connections_acquire_seconds_count', 'instance': '10.42.1.126:8080', 'job': 'spring-petclinic', 'pool': 'HikariPool-1'}",571794,same_network,3,300
2026-07-24T22:01:37.824438+00:00,2026-07-24T22:01:38.140000+00:00,hikaricp_connections_acquire_seconds_max,customers-service,10.42.0.186:8080,"{'__name__': 'hikaricp_connections_acquire_seconds_max', 'instance': '10.42.0.186:8080', 'job': 'spring-petclinic', 'pool': 'HikariPool-1'}",0.454941729,same_network,3,300
2026-07-24T22:01:37.824438+00:00,2026-07-24T22:01:38.140000+00:00,hikaricp_connections_acquire_seconds_max,visits-service,10.42.1.122:8080,"{'__name__': 'hikaricp_connections_acquire_seconds_max', 'instance': '10.42.1.122:8080', 'job': 'spring-petclinic', 'pool': 'HikariPool-1'}",0.034742945,same_network,3,300
2026-07-24T22:01:37.824438+00:00,2026-07-24T22:01:38.140000+00:00,hikaricp_connections_acquire_seconds_max,vets-service,10.42.1.123:8080,"{'__name__': 'hikaricp_connections_acquire_seconds_max', 'instance': '10.42.1.123:8080', 'job': 'spring-petclinic', 'pool': 'HikariPool-1'}",0.053167303,same_network,3,300
2026-07-24T22:01:37.824438+00:00,2026-07-24T22:01:38.140000+00:00,hikaricp_connections_acquire_seconds_max,vets-service,10.42.1.124:8080,"{'__name__': 'hikaricp_connections_acquire_seconds_max', 'instance': '10.42.1.124:8080', 'job': 'spring-petclinic', 'pool': 'HikariPool-1'}",0.030526934,same_network,3,300
2026-07-24T22:01:37.824438+00:00,2026-07-24T22:01:38.140000+00:00,hikaricp_connections_acquire_seconds_max,visits-service,10.42.1.125:8080,"{'__name__': 'hikaricp_connections_acquire_seconds_max', 'instance': '10.42.1.125:8080', 'job': 'spring-petclinic', 'pool': 'HikariPool-1'}",0.020983934,same_network,3,300
2026-07-24T22:01:37.824438+00:00,2026-07-24T22:01:38.140000+00:00,hikaricp_connections_acquire_seconds_max,customers-service,10.42.1.126:8080,"{'__name__': 'hikaricp_connections_acquire_seconds_max', 'instance': '10.42.1.126:8080', 'job': 'spring-petclinic', 'pool': 'HikariPool-1'}",0.2198686,same_network,3,300
2026-07-24T22:01:37.824438+00:00,2026-07-24T22:01:38.147000+00:00,hikaricp_connections_acquire_seconds_sum,customers-service,10.42.0.186:8080,"{'__name__': 'hikaricp_connections_acquire_seconds_sum', 'instance': '10.42.0.186:8080', 'job': 'spring-petclinic', 'pool': 'HikariPool-1'}",59155.769489438,same_network,3,300
2026-07-24T22:01:37.824438+00:00,2026-07-24T22:01:38.147000+00:00,hikaricp_connections_acquire_seconds_sum,visits-service,10.42.1.122:8080,"{'__name__': 'hikaricp_connections_acquire_seconds_sum', 'instance': '10.42.1.122:8080', 'job': 'spring-petclinic', 'pool': 'HikariPool-1'}",683.419717121,same_network,3,300
2026-07-24T22:01:37.824438+00:00,2026-07-24T22:01:38.147000+00:00,hikaricp_connections_acquire_seconds_sum,vets-service,10.42.1.123:8080,"{'__name__': 'hikaricp_connections_acquire_seconds_sum', 'instance': '10.42.1.123:8080', 'job': 'spring-petclinic', 'pool': 'HikariPool-1'}",7336.791993328,same_network,3,300
2026-07-24T22:01:37.824438+00:00,2026-07-24T22:01:38.147000+00:00,hikaricp_connections_acquire_seconds_sum,vets-service,10.42.1.124:8080,"{'__name__': 'hikaricp_connections_acquire_seconds_sum', 'instance': '10.42.1.124:8080', 'job': 'spring-petclinic', 'pool': 'HikariPool-1'}",7804.197735057,same_network,3,300
2026-07-24T22:01:37.824438+00:00,2026-07-24T22:01:38.147000+00:00,hikaricp_connections_acquire_seconds_sum,visits-service,10.42.1.125:8080,"{'__name__': 'hikaricp_connections_acquire_seconds_sum', 'instance': '10.42.1.125:8080', 'job': 'spring-petclinic', 'pool': 'HikariPool-1'}",511.200432554,same_network,3,300
2026-07-24T22:01:37.824438+00:00,2026-07-24T22:01:38.147000+00:00,hikaricp_connections_acquire_seconds_sum,customers-service,10.42.1.126:8080,"{'__name__': 'hikaricp_connections_acquire_seconds_sum', 'instance': '10.42.1.126:8080', 'job': 'spring-petclinic', 'pool': 'HikariPool-1'}",41370.055390833,same_network,3,300
2026-07-24T22:01:37.824438+00:00,2026-07-24T22:01:38.154000+00:00,hikaricp_connections_creation_seconds_count,customers-service,10.42.0.186:8080,"{'__name__': 'hikaricp_connections_creation_seconds_count', 'instance': '10.42.0.186:8080', 'job': 'spring-petclinic', 'pool': 'HikariPool-1'}",78,same_network,3,300
2026-07-24T22:01:37.824438+00:00,2026-07-24T22:01:38.154000+00:00,hikaricp_connections_creation_seconds_count,visits-service,10.42.1.122:8080,"{'__name__': 'hikaricp_connections_creation_seconds_count', 'instance': '10.42.1.122:8080', 'job': 'spring-petclinic', 'pool': 'HikariPool-1'}",274,same_network,3,300
2026-07-24T22:01:37.824438+00:00,2026-07-24T22:01:38.154000+00:00,hikaricp_connections_creation_seconds_count,vets-service,10.42.1.123:8080,"{'__name__': 'hikaricp_connections_creation_seconds_count', 'instance': '10.42.1.123:8080', 'job': 'spring-petclinic', 'pool': 'HikariPool-1'}",274,same_network,3,300
2026-07-24T22:01:37.824438+00:00,2026-07-24T22:01:38.154000+00:00,hikaricp_connections_creation_seconds_count,vets-service,10.42.1.124:8080,"{'__name__': 'hikaricp_connections_creation_seconds_count', 'instance': '10.42.1.124:8080', 'job': 'spring-petclinic', 'pool': 'HikariPool-1'}",264,same_network,3,300
2026-07-24T22:01:37.824438+00:00,2026-07-24T22:01:38.154000+00:00,hikaricp_connections_creation_seconds_count,visits-service,10.42.1.125:8080,"{'__name__': 'hikaricp_connections_creation_seconds_count', 'instance': '10.42.1.125:8080', 'job': 'spring-petclinic', 'pool': 'HikariPool-1'}",260,same_network,3,300
2026-07-24T22:01:37.824438+00:00,2026-07-24T22:01:38.154000+00:00,hikaricp_connections_creation_seconds_count,customers-service,10.42.1.126:8080,"{'__name__': 'hikaricp_connections_creation_seconds_count', 'instance': '10.42.1.126:8080', 'job': 'spring-petclinic', 'pool': 'HikariPool-1'}",257,same_network,3,300
2026-07-24T22:01:37.824438+00:00,2026-07-24T22:01:38.160000+00:00,hikaricp_connections_creation_seconds_max,customers-service,10.42.0.186:8080,"{'__name__': 'hikaricp_connections_creation_seconds_max', 'instance': '10.42.0.186:8080', 'job': 'spring-petclinic', 'pool': 'HikariPool-1'}",0.098,same_network,3,300
2026-07-24T22:01:37.824438+00:00,2026-07-24T22:01:38.160000+00:00,hikaricp_connections_creation_seconds_max,visits-service,10.42.1.122:8080,"{'__name__': 'hikaricp_connections_creation_seconds_max', 'instance': '10.42.1.122:8080', 'job': 'spring-petclinic', 'pool': 'HikariPool-1'}",0.104,same_network,3,300
2026-07-24T22:01:37.824438+00:00,2026-07-24T22:01:38.160000+00:00,hikaricp_connections_creation_seconds_max,vets-service,10.42.1.123:8080,"{'__name__': 'hikaricp_connections_creation_seconds_max', 'instance': '10.42.1.123:8080', 'job': 'spring-petclinic', 'pool': 'HikariPool-1'}",0.1,same_network,3,300
2026-07-24T22:01:37.824438+00:00,2026-07-24T22:01:38.160000+00:00,hikaricp_connections_creation_seconds_max,vets-service,10.42.1.124:8080,"{'__name__': 'hikaricp_connections_creation_seconds_max', 'instance': '10.42.1.124:8080', 'job': 'spring-petclinic', 'pool': 'HikariPool-1'}",0.115,same_network,3,300
2026-07-24T22:01:37.824438+00:00,2026-07-24T22:01:38.160000+00:00,hikaricp_connections_creation_seconds_max,visits-service,10.42.1.125:8080,"{'__name__': 'hikaricp_connections_creation_seconds_max', 'instance': '10.42.1.125:8080', 'job': 'spring-petclinic', 'pool': 'HikariPool-1'}",0.108,same_network,3,300
2026-07-24T22:01:37.824438+00:00,2026-07-24T22:01:38.160000+00:00,hikaricp_connections_creation_seconds_max,customers-service,10.42.1.126:8080,"{'__name__': 'hikaricp_connections_creation_seconds_max', 'instance': '10.42.1.126:8080', 'job': 'spring-petclinic', 'pool': 'HikariPool-1'}",0.118,same_network,3,300
2026-07-24T22:01:37.824438+00:00,2026-07-24T22:01:38.167000+00:00,hikaricp_connections_creation_seconds_sum,customers-service,10.42.0.186:8080,"{'__name__': 'hikaricp_connections_creation_seconds_sum', 'instance': '10.42.0.186:8080', 'job': 'spring-petclinic', 'pool': 'HikariPool-1'}",7.478,same_network,3,300
2026-07-24T22:01:37.824438+00:00,2026-07-24T22:01:38.167000+00:00,hikaricp_connections_creation_seconds_sum,visits-service,10.42.1.122:8080,"{'__name__': 'hikaricp_connections_creation_seconds_sum', 'instance': '10.42.1.122:8080', 'job': 'spring-petclinic', 'pool': 'HikariPool-1'}",970.1,same_network,3,300
2026-07-24T22:01:37.824438+00:00,2026-07-24T22:01:38.167000+00:00,hikaricp_connections_creation_seconds_sum,vets-service,10.42.1.123:8080,"{'__name__': 'hikaricp_connections_creation_seconds_sum', 'instance': '10.42.1.123:8080', 'job': 'spring-petclinic', 'pool': 'HikariPool-1'}",958.157,same_network,3,300
2026-07-24T22:01:37.824438+00:00,2026-07-24T22:01:38.167000+00:00,hikaricp_connections_creation_seconds_sum,vets-service,10.42.1.124:8080,"{'__name__': 'hikaricp_connections_creation_seconds_sum', 'instance': '10.42.1.124:8080', 'job': 'spring-petclinic', 'pool': 'HikariPool-1'}",908.507,same_network,3,300
2026-07-24T22:01:37.824438+00:00,2026-07-24T22:01:38.167000+00:00,hikaricp_connections_creation_seconds_sum,visits-service,10.42.1.125:8080,"{'__name__': 'hikaricp_connections_creation_seconds_sum', 'instance': '10.42.1.125:8080', 'job': 'spring-petclinic', 'pool': 'HikariPool-1'}",912.436,same_network,3,300
2026-07-24T22:01:37.824438+00:00,2026-07-24T22:01:38.167000+00:00,hikaricp_connections_creation_seconds_sum,customers-service,10.42.1.126:8080,"{'__name__': 'hikaricp_connections_creation_seconds_sum', 'instance': '10.42.1.126:8080', 'job': 'spring-petclinic', 'pool': 'HikariPool-1'}",899.111,same_network,3,300
2026-07-24T22:01:37.824438+00:00,2026-07-24T22:01:38.171000+00:00,hikaricp_connections_usage_seconds_count,customers-service,10.42.0.186:8080,"{'__name__': 'hikaricp_connections_usage_seconds_count', 'instance': '10.42.0.186:8080', 'job': 'spring-petclinic', 'pool': 'HikariPool-1'}",595358,same_network,3,300
2026-07-24T22:01:37.824438+00:00,2026-07-24T22:01:38.171000+00:00,hikaricp_connections_usage_seconds_count,visits-service,10.42.1.122:8080,"{'__name__': 'hikaricp_connections_usage_seconds_count', 'instance': '10.42.1.122:8080', 'job': 'spring-petclinic', 'pool': 'HikariPool-1'}",292766,same_network,3,300
2026-07-24T22:01:37.824438+00:00,2026-07-24T22:01:38.171000+00:00,hikaricp_connections_usage_seconds_count,vets-service,10.42.1.123:8080,"{'__name__': 'hikaricp_connections_usage_seconds_count', 'instance': '10.42.1.123:8080', 'job': 'spring-petclinic', 'pool': 'HikariPool-1'}",286154,same_network,3,300
2026-07-24T22:01:37.824438+00:00,2026-07-24T22:01:38.171000+00:00,hikaricp_connections_usage_seconds_count,vets-service,10.42.1.124:8080,"{'__name__': 'hikaricp_connections_usage_seconds_count', 'instance': '10.42.1.124:8080', 'job': 'spring-petclinic', 'pool': 'HikariPool-1'}",292794,same_network,3,300
2026-07-24T22:01:37.824438+00:00,2026-07-24T22:01:38.171000+00:00,hikaricp_connections_usage_seconds_count,visits-service,10.42.1.125:8080,"{'__name__': 'hikaricp_connections_usage_seconds_count', 'instance': '10.42.1.125:8080', 'job': 'spring-petclinic', 'pool': 'HikariPool-1'}",286540,same_network,3,300
2026-07-24T22:01:37.824438+00:00,2026-07-24T22:01:38.171000+00:00,hikaricp_connections_usage_seconds_count,customers-service,10.42.1.126:8080,"{'__name__': 'hikaricp_connections_usage_seconds_count', 'instance': '10.42.1.126:8080', 'job': 'spring-petclinic', 'pool': 'HikariPool-1'}",571784,same_network,3,300
2026-07-24T22:01:37.824438+00:00,2026-07-24T22:01:38.176000+00:00,hikaricp_connections_usage_seconds_max,customers-service,10.42.0.186:8080,"{'__name__': 'hikaricp_connections_usage_seconds_max', 'instance': '10.42.0.186:8080', 'job': 'spring-petclinic', 'pool': 'HikariPool-1'}",0.232,same_network,3,300
2026-07-24T22:01:37.824438+00:00,2026-07-24T22:01:38.176000+00:00,hikaricp_connections_usage_seconds_max,visits-service,10.42.1.122:8080,"{'__name__': 'hikaricp_connections_usage_seconds_max', 'instance': '10.42.1.122:8080', 'job': 'spring-petclinic', 'pool': 'HikariPool-1'}",0.039,same_network,3,300
2026-07-24T22:01:37.824438+00:00,2026-07-24T22:01:38.176000+00:00,hikaricp_connections_usage_seconds_max,vets-service,10.42.1.123:8080,"{'__name__': 'hikaricp_connections_usage_seconds_max', 'instance': '10.42.1.123:8080', 'job': 'spring-petclinic', 'pool': 'HikariPool-1'}",0.195,same_network,3,300
2026-07-24T22:01:37.824438+00:00,2026-07-24T22:01:38.176000+00:00,hikaricp_connections_usage_seconds_max,vets-service,10.42.1.124:8080,"{'__name__': 'hikaricp_connections_usage_seconds_max', 'instance': '10.42.1.124:8080', 'job': 'spring-petclinic', 'pool': 'HikariPool-1'}",0.188,same_network,3,300
2026-07-24T22:01:37.824438+00:00,2026-07-24T22:01:38.176000+00:00,hikaricp_connections_usage_seconds_max,visits-service,10.42.1.125:8080,"{'__name__': 'hikaricp_connections_usage_seconds_max', 'instance': '10.42.1.125:8080', 'job': 'spring-petclinic', 'pool': 'HikariPool-1'}",0.048,same_network,3,300
2026-07-24T22:01:37.824438+00:00,2026-07-24T22:01:38.176000+00:00,hikaricp_connections_usage_seconds_max,customers-service,10.42.1.126:8080,"{'__name__': 'hikaricp_connections_usage_seconds_max', 'instance': '10.42.1.126:8080', 'job': 'spring-petclinic', 'pool': 'HikariPool-1'}",0.26,same_network,3,300
2026-07-24T22:01:37.824438+00:00,2026-07-24T22:01:38.180000+00:00,hikaricp_connections_usage_seconds_sum,customers-service,10.42.0.186:8080,"{'__name__': 'hikaricp_connections_usage_seconds_sum', 'instance': '10.42.0.186:8080', 'job': 'spring-petclinic', 'pool': 'HikariPool-1'}",53773.078,same_network,3,300
2026-07-24T22:01:37.824438+00:00,2026-07-24T22:01:38.180000+00:00,hikaricp_connections_usage_seconds_sum,visits-service,10.42.1.122:8080,"{'__name__': 'hikaricp_connections_usage_seconds_sum', 'instance': '10.42.1.122:8080', 'job': 'spring-petclinic', 'pool': 'HikariPool-1'}",2964.297,same_network,3,300
2026-07-24T22:01:37.824438+00:00,2026-07-24T22:01:38.180000+00:00,hikaricp_connections_usage_seconds_sum,vets-service,10.42.1.123:8080,"{'__name__': 'hikaricp_connections_usage_seconds_sum', 'instance': '10.42.1.123:8080', 'job': 'spring-petclinic', 'pool': 'HikariPool-1'}",30936.294,same_network,3,300
2026-07-24T22:01:37.824438+00:00,2026-07-24T22:01:38.180000+00:00,hikaricp_connections_usage_seconds_sum,vets-service,10.42.1.124:8080,"{'__name__': 'hikaricp_connections_usage_seconds_sum', 'instance': '10.42.1.124:8080', 'job': 'spring-petclinic', 'pool': 'HikariPool-1'}",31603.529,same_network,3,300
2026-07-24T22:01:37.824438+00:00,2026-07-24T22:01:38.180000+00:00,hikaricp_connections_usage_seconds_sum,visits-service,10.42.1.125:8080,"{'__name__': 'hikaricp_connections_usage_seconds_sum', 'instance': '10.42.1.125:8080', 'job': 'spring-petclinic', 'pool': 'HikariPool-1'}",2966.174,same_network,3,300
2026-07-24T22:01:37.824438+00:00,2026-07-24T22:01:38.180000+00:00,hikaricp_connections_usage_seconds_sum,customers-service,10.42.1.126:8080,"{'__name__': 'hikaricp_connections_usage_seconds_sum', 'instance': '10.42.1.126:8080', 'job': 'spring-petclinic', 'pool': 'HikariPool-1'}",55811.719,same_network,3,300
2026-07-24T22:01:37.824438+00:00,2026-07-24T22:01:38.184000+00:00,jdbc_connections_active,customers-service,10.42.0.186:8080,"{'__name__': 'jdbc_connections_active', 'instance': '10.42.0.186:8080', 'job': 'spring-petclinic', 'name': 'dataSource'}",8,same_network,3,300
2026-07-24T22:01:37.824438+00:00,2026-07-24T22:01:38.184000+00:00,jdbc_connections_active,visits-service,10.42.1.122:8080,"{'__name__': 'jdbc_connections_active', 'instance': '10.42.1.122:8080', 'job': 'spring-petclinic', 'name': 'dataSource'}",1,same_network,3,300
2026-07-24T22:01:37.824438+00:00,2026-07-24T22:01:38.184000+00:00,jdbc_connections_active,vets-service,10.42.1.123:8080,"{'__name__': 'jdbc_connections_active', 'instance': '10.42.1.123:8080', 'job': 'spring-petclinic', 'name': 'dataSource'}",3,same_network,3,300
2026-07-24T22:01:37.824438+00:00,2026-07-24T22:01:38.184000+00:00,jdbc_connections_active,vets-service,10.42.1.124:8080,"{'__name__': 'jdbc_connections_active', 'instance': '10.42.1.124:8080', 'job': 'spring-petclinic', 'name': 'dataSource'}",2,same_network,3,300
2026-07-24T22:01:37.824438+00:00,2026-07-24T22:01:38.184000+00:00,jdbc_connections_active,visits-service,10.42.1.125:8080,"{'__name__': 'jdbc_connections_active', 'instance': '10.42.1.125:8080', 'job': 'spring-petclinic', 'name': 'dataSource'}",0,same_network,3,300
2026-07-24T22:01:37.824438+00:00,2026-07-24T22:01:38.184000+00:00,jdbc_connections_active,customers-service,10.42.1.126:8080,"{'__name__': 'jdbc_connections_active', 'instance': '10.42.1.126:8080', 'job': 'spring-petclinic', 'name': 'dataSource'}",10,same_network,3,300
2026-07-24T22:01:37.824438+00:00,2026-07-24T22:01:38.188000+00:00,jdbc_connections_idle,customers-service,10.42.0.186:8080,"{'__name__': 'jdbc_connections_idle', 'instance': '10.42.0.186:8080', 'job': 'spring-petclinic', 'name': 'dataSource'}",2,same_network,3,300
2026-07-24T22:01:37.824438+00:00,2026-07-24T22:01:38.188000+00:00,jdbc_connections_idle,visits-service,10.42.1.122:8080,"{'__name__': 'jdbc_connections_idle', 'instance': '10.42.1.122:8080', 'job': 'spring-petclinic', 'name': 'dataSource'}",9,same_network,3,300
2026-07-24T22:01:37.824438+00:00,2026-07-24T22:01:38.188000+00:00,jdbc_connections_idle,vets-service,10.42.1.123:8080,"{'__name__': 'jdbc_connections_idle', 'instance': '10.42.1.123:8080', 'job': 'spring-petclinic', 'name': 'dataSource'}",7,same_network,3,300
2026-07-24T22:01:37.824438+00:00,2026-07-24T22:01:38.188000+00:00,jdbc_connections_idle,vets-service,10.42.1.124:8080,"{'__name__': 'jdbc_connections_idle', 'instance': '10.42.1.124:8080', 'job': 'spring-petclinic', 'name': 'dataSource'}",8,same_network,3,300
2026-07-24T22:01:37.824438+00:00,2026-07-24T22:01:38.188000+00:00,jdbc_connections_idle,visits-service,10.42.1.125:8080,"{'__name__': 'jdbc_connections_idle', 'instance': '10.42.1.125:8080', 'job': 'spring-petclinic', 'name': 'dataSource'}",10,same_network,3,300
2026-07-24T22:01:37.824438+00:00,2026-07-24T22:01:38.188000+00:00,jdbc_connections_idle,customers-service,10.42.1.126:8080,"{'__name__': 'jdbc_connections_idle', 'instance': '10.42.1.126:8080', 'job': 'spring-petclinic', 'name': 'dataSource'}",0,same_network,3,300
2026-07-24T22:01:37.824438+00:00,2026-07-24T22:01:38.195000+00:00,jdbc_connections_max,customers-service,10.42.0.186:8080,"{'__name__': 'jdbc_connections_max', 'instance': '10.42.0.186:8080', 'job': 'spring-petclinic', 'name': 'dataSource'}",10,same_network,3,300
2026-07-24T22:01:37.824438+00:00,2026-07-24T22:01:38.195000+00:00,jdbc_connections_max,visits-service,10.42.1.122:8080,"{'__name__': 'jdbc_connections_max', 'instance': '10.42.1.122:8080', 'job': 'spring-petclinic', 'name': 'dataSource'}",10,same_network,3,300
2026-07-24T22:01:37.824438+00:00,2026-07-24T22:01:38.195000+00:00,jdbc_connections_max,vets-service,10.42.1.123:8080,"{'__name__': 'jdbc_connections_max', 'instance': '10.42.1.123:8080', 'job': 'spring-petclinic', 'name': 'dataSource'}",10,same_network,3,300
2026-07-24T22:01:37.824438+00:00,2026-07-24T22:01:38.195000+00:00,jdbc_connections_max,vets-service,10.42.1.124:8080,"{'__name__': 'jdbc_connections_max', 'instance': '10.42.1.124:8080', 'job': 'spring-petclinic', 'name': 'dataSource'}",10,same_network,3,300
2026-07-24T22:01:37.824438+00:00,2026-07-24T22:01:38.195000+00:00,jdbc_connections_max,visits-service,10.42.1.125:8080,"{'__name__': 'jdbc_connections_max', 'instance': '10.42.1.125:8080', 'job': 'spring-petclinic', 'name': 'dataSource'}",10,same_network,3,300
2026-07-24T22:01:37.824438+00:00,2026-07-24T22:01:38.195000+00:00,jdbc_connections_max,customers-service,10.42.1.126:8080,"{'__name__': 'jdbc_connections_max', 'instance': '10.42.1.126:8080', 'job': 'spring-petclinic', 'name': 'dataSource'}",10,same_network,3,300
2026-07-24T22:01:37.824438+00:00,2026-07-24T22:01:38.200000+00:00,jdbc_connections_min,customers-service,10.42.0.186:8080,"{'__name__': 'jdbc_connections_min', 'instance': '10.42.0.186:8080', 'job': 'spring-petclinic', 'name': 'dataSource'}",10,same_network,3,300
2026-07-24T22:01:37.824438+00:00,2026-07-24T22:01:38.200000+00:00,jdbc_connections_min,visits-service,10.42.1.122:8080,"{'__name__': 'jdbc_connections_min', 'instance': '10.42.1.122:8080', 'job': 'spring-petclinic', 'name': 'dataSource'}",10,same_network,3,300
2026-07-24T22:01:37.824438+00:00,2026-07-24T22:01:38.200000+00:00,jdbc_connections_min,vets-service,10.42.1.123:8080,"{'__name__': 'jdbc_connections_min', 'instance': '10.42.1.123:8080', 'job': 'spring-petclinic', 'name': 'dataSource'}",10,same_network,3,300
2026-07-24T22:01:37.824438+00:00,2026-07-24T22:01:38.200000+00:00,jdbc_connections_min,vets-service,10.42.1.124:8080,"{'__name__': 'jdbc_connections_min', 'instance': '10.42.1.124:8080', 'job': 'spring-petclinic', 'name': 'dataSource'}",10,same_network,3,300
2026-07-24T22:01:37.824438+00:00,2026-07-24T22:01:38.200000+00:00,jdbc_connections_min,visits-service,10.42.1.125:8080,"{'__name__': 'jdbc_connections_min', 'instance': '10.42.1.125:8080', 'job': 'spring-petclinic', 'name': 'dataSource'}",10,same_network,3,300
2026-07-24T22:01:37.824438+00:00,2026-07-24T22:01:38.200000+00:00,jdbc_connections_min,customers-service,10.42.1.126:8080,"{'__name__': 'jdbc_connections_min', 'instance': '10.42.1.126:8080', 'job': 'spring-petclinic', 'name': 'dataSource'}",10,same_network,3,300
2026-07-24T22:01:37.824438+00:00,2026-07-24T22:01:38.205000+00:00,container_network_receive_bytes_total,visits-service,augusto-almondes,"{'__name__': 'container_network_receive_bytes_total', 'beta_kubernetes_io_arch': 'amd64', 'beta_kubernetes_io_instance_type': 'k3s', 'beta_kubernetes_io_os': 'linux', 'id': '/kubepods.slice/kubepods-besteffort.slice/kubepods-besteffort-pod07c98de3_903e_4594_897f_2c8d02326386.slice/cri-containerd-78cb0991f2215bba7766e453130cd6629145f4cb69967ab6841e765a002dd5bd.scope', 'image': 'docker.io/rancher/mirrored-pause:3.6', 'instance': 'augusto-almondes', 'interface': 'eth0', 'job': 'kubernetes-cadvisor', 'kubernetes_io_arch': 'amd64', 'kubernetes_io_hostname': 'augusto-almondes', 'kubernetes_io_os': 'linux', 'name': '78cb0991f2215bba7766e453130cd6629145f4cb69967ab6841e765a002dd5bd', 'namespace': 'spring-petclinic', 'node_kubernetes_io_instance_type': 'k3s', 'pod': 'visits-service-859d489b98-v28jh'}",320403964,same_network,3,300
2026-07-24T22:01:37.824438+00:00,2026-07-24T22:01:38.205000+00:00,container_network_receive_bytes_total,vets-service,augusto-almondes,"{'__name__': 'container_network_receive_bytes_total', 'beta_kubernetes_io_arch': 'amd64', 'beta_kubernetes_io_instance_type': 'k3s', 'beta_kubernetes_io_os': 'linux', 'id': '/kubepods.slice/kubepods-besteffort.slice/kubepods-besteffort-pod37c58633_3a89_4b91_8817_d95841fa9c04.slice/cri-containerd-3d072be83235a90f43adf1b2786dedb708b2eadf4ce06678d0446a5c1cf7d1bf.scope', 'image': 'docker.io/rancher/mirrored-pause:3.6', 'instance': 'augusto-almondes', 'interface': 'eth0', 'job': 'kubernetes-cadvisor', 'kubernetes_io_arch': 'amd64', 'kubernetes_io_hostname': 'augusto-almondes', 'kubernetes_io_os': 'linux', 'name': '3d072be83235a90f43adf1b2786dedb708b2eadf4ce06678d0446a5c1cf7d1bf', 'namespace': 'spring-petclinic', 'node_kubernetes_io_instance_type': 'k3s', 'pod': 'vets-service-68cc5897b6-gr89c'}",1259499113,same_network,3,300
2026-07-24T22:01:37.824438+00:00,2026-07-24T22:01:38.205000+00:00,container_network_receive_bytes_total,customers-service,notebook-vivy,"{'__name__': 'container_network_receive_bytes_total', 'beta_kubernetes_io_arch': 'amd64', 'beta_kubernetes_io_instance_type': 'k3s', 'beta_kubernetes_io_os': 'linux', 'id': '/kubepods.slice/kubepods-besteffort.slice/kubepods-besteffort-pod461d7b21_3e4e_4af8_ae9e_5c2edf453cf6.slice/cri-containerd-fd1e043bde697e972772a0aa9fe92c09dc38468de0e796b4fcc7ccb62c2cc331.scope', 'image': 'docker.io/rancher/mirrored-pause:3.6', 'instance': 'notebook-vivy', 'interface': 'eth0', 'job': 'kubernetes-cadvisor', 'kubernetes_io_arch': 'amd64', 'kubernetes_io_hostname': 'notebook-vivy', 'kubernetes_io_os': 'linux', 'name': 'fd1e043bde697e972772a0aa9fe92c09dc38468de0e796b4fcc7ccb62c2cc331', 'namespace': 'spring-petclinic', 'node_kubernetes_io_instance_type': 'k3s', 'node_role_kubernetes_io_control_plane': 'true', 'pod': 'customers-service-754bdcc448-g5gns'}",3830057601,same_network,3,300
2026-07-24T22:01:37.824438+00:00,2026-07-24T22:01:38.205000+00:00,container_network_receive_bytes_total,,notebook-vivy,"{'__name__': 'container_network_receive_bytes_total', 'beta_kubernetes_io_arch': 'amd64', 'beta_kubernetes_io_instance_type': 'k3s', 'beta_kubernetes_io_os': 'linux', 'id': '/kubepods.slice/kubepods-besteffort.slice/kubepods-besteffort-pod61c59b0e_baf9_48d9_ae8a_9a9a72cf52af.slice/cri-containerd-1adc220d89ff318103e137809efebdbdb53d40bfc366b15aebb7dda0164e3c84.scope', 'image': 'docker.io/rancher/mirrored-pause:3.6', 'instance': 'notebook-vivy', 'interface': 'eth0', 'job': 'kubernetes-cadvisor', 'kubernetes_io_arch': 'amd64', 'kubernetes_io_hostname': 'notebook-vivy', 'kubernetes_io_os': 'linux', 'name': '1adc220d89ff318103e137809efebdbdb53d40bfc366b15aebb7dda0164e3c84', 'namespace': 'spring-petclinic', 'node_kubernetes_io_instance_type': 'k3s', 'node_role_kubernetes_io_control_plane': 'true', 'pod': 'prometheus-6d9b5b9b7c-c9njq'}",963683464,same_network,3,300
2026-07-24T22:01:37.824438+00:00,2026-07-24T22:01:38.205000+00:00,container_network_receive_bytes_total,visits-service,augusto-almondes,"{'__name__': 'container_network_receive_bytes_total', 'beta_kubernetes_io_arch': 'amd64', 'beta_kubernetes_io_instance_type': 'k3s', 'beta_kubernetes_io_os': 'linux', 'id': '/kubepods.slice/kubepods-besteffort.slice/kubepods-besteffort-pod6e6c7e0b_abf8_47e8_9b7f_73fed236fe33.slice/cri-containerd-36634f28d8d5262f3c40800bd8233f19285c32bdf1c30883fc9d08ad552c5fcc.scope', 'image': 'docker.io/rancher/mirrored-pause:3.6', 'instance': 'augusto-almondes', 'interface': 'eth0', 'job': 'kubernetes-cadvisor', 'kubernetes_io_arch': 'amd64', 'kubernetes_io_hostname': 'augusto-almondes', 'kubernetes_io_os': 'linux', 'name': '36634f28d8d5262f3c40800bd8233f19285c32bdf1c30883fc9d08ad552c5fcc', 'namespace': 'spring-petclinic', 'node_kubernetes_io_instance_type': 'k3s', 'pod': 'visits-service-859d489b98-qpm6m'}",313453530,same_network,3,300
2026-07-24T22:01:37.824438+00:00,2026-07-24T22:01:38.205000+00:00,container_network_receive_bytes_total,,notebook-vivy,"{'__name__': 'container_network_receive_bytes_total', 'beta_kubernetes_io_arch': 'amd64', 'beta_kubernetes_io_instance_type': 'k3s', 'beta_kubernetes_io_os': 'linux', 'id': '/kubepods.slice/kubepods-besteffort.slice/kubepods-besteffort-pod818aa63c_0637_4d0f_bd16_9785508f386f.slice/cri-containerd-257fc1a313926de0c88bf51147ec32916a10686b887e16d8bb4ca05843baf589.scope', 'image': 'docker.io/rancher/mirrored-pause:3.6', 'instance': 'notebook-vivy', 'interface': 'eth0', 'job': 'kubernetes-cadvisor', 'kubernetes_io_arch': 'amd64', 'kubernetes_io_hostname': 'notebook-vivy', 'kubernetes_io_os': 'linux', 'name': '257fc1a313926de0c88bf51147ec32916a10686b887e16d8bb4ca05843baf589', 'namespace': 'spring-petclinic', 'node_kubernetes_io_instance_type': 'k3s', 'node_role_kubernetes_io_control_plane': 'true', 'pod': 'config-server-799b6bb84c-g2tr5'}",6936,same_network,3,300
2026-07-24T22:01:37.824438+00:00,2026-07-24T22:01:38.205000+00:00,container_network_receive_bytes_total,,macbookair-vivy,"{'__name__': 'container_network_receive_bytes_total', 'beta_kubernetes_io_arch': 'amd64', 'beta_kubernetes_io_instance_type': 'k3s', 'beta_kubernetes_io_os': 'linux', 'id': '/kubepods.slice/kubepods-besteffort.slice/kubepods-besteffort-podbb8e7e86_67b2_4503_b6ea_265ba0e9fc0c.slice/cri-containerd-41001c13718012a62944ab802abddb11401442e875bc7d1cf10aa9c870850224.scope', 'image': 'docker.io/rancher/mirrored-pause:3.6', 'instance': 'macbookair-vivy', 'interface': 'eth0', 'job': 'kubernetes-cadvisor', 'kubernetes_io_arch': 'amd64', 'kubernetes_io_hostname': 'macbookair-vivy', 'kubernetes_io_os': 'linux', 'name': '41001c13718012a62944ab802abddb11401442e875bc7d1cf10aa9c870850224', 'namespace': 'spring-petclinic', 'node_kubernetes_io_instance_type': 'k3s', 'pod': 'mysql-7dcf5984bc-22j65', 'role': 'database'}",8666025409,same_network,3,300
2026-07-24T22:01:37.824438+00:00,2026-07-24T22:01:38.205000+00:00,container_network_receive_bytes_total,,notebook-vivy,"{'__name__': 'container_network_receive_bytes_total', 'beta_kubernetes_io_arch': 'amd64', 'beta_kubernetes_io_instance_type': 'k3s', 'beta_kubernetes_io_os': 'linux', 'id': '/kubepods.slice/kubepods-besteffort.slice/kubepods-besteffort-podceb031e9_6468_4f4b_80a0_24260acd6e8a.slice/cri-containerd-40053313449c00a55736ce939108bea56e6a102b12b42e1a31bd001b2cb943bb.scope', 'image': 'docker.io/rancher/mirrored-pause:3.6', 'instance': 'notebook-vivy', 'interface': 'eth0', 'job': 'kubernetes-cadvisor', 'kubernetes_io_arch': 'amd64', 'kubernetes_io_hostname': 'notebook-vivy', 'kubernetes_io_os': 'linux', 'name': '40053313449c00a55736ce939108bea56e6a102b12b42e1a31bd001b2cb943bb', 'namespace': 'spring-petclinic', 'node_kubernetes_io_instance_type': 'k3s', 'node_role_kubernetes_io_control_plane': 'true', 'pod': 'discovery-server-6694f65985-cr2kx'}",6978,same_network,3,300
2026-07-24T22:01:37.824438+00:00,2026-07-24T22:01:38.205000+00:00,container_network_receive_bytes_total,customers-service,augusto-almondes,"{'__name__': 'container_network_receive_bytes_total', 'beta_kubernetes_io_arch': 'amd64', 'beta_kubernetes_io_instance_type': 'k3s', 'beta_kubernetes_io_os': 'linux', 'id': '/kubepods.slice/kubepods-besteffort.slice/kubepods-besteffort-pode37399aa_5830_4643_8b7d_68f55d86f0b1.slice/cri-containerd-e7e17f8994d91ad485dcadb505533c11157a9c4ea3fe4f1d557d045c51189815.scope', 'image': 'docker.io/rancher/mirrored-pause:3.6', 'instance': 'augusto-almondes', 'interface': 'eth0', 'job': 'kubernetes-cadvisor', 'kubernetes_io_arch': 'amd64', 'kubernetes_io_hostname': 'augusto-almondes', 'kubernetes_io_os': 'linux', 'name': 'e7e17f8994d91ad485dcadb505533c11157a9c4ea3fe4f1d557d045c51189815', 'namespace': 'spring-petclinic', 'node_kubernetes_io_instance_type': 'k3s', 'pod': 'customers-service-754bdcc448-vqzd7'}",3711913231,same_network,3,300
2026-07-24T22:01:37.824438+00:00,2026-07-24T22:01:38.205000+00:00,container_network_receive_bytes_total,vets-service,augusto-almondes,"{'__name__': 'container_network_receive_bytes_total', 'beta_kubernetes_io_arch': 'amd64', 'beta_kubernetes_io_instance_type': 'k3s', 'beta_kubernetes_io_os': 'linux', 'id': '/kubepods.slice/kubepods-besteffort.slice/kubepods-besteffort-pode8be662b_d64d_4461_b18e_e524621757f2.slice/cri-containerd-1858b7a840027f969d237d1c10d7ecc22ef5e38a29d202d5760513652eb60797.scope', 'image': 'docker.io/rancher/mirrored-pause:3.6', 'instance': 'augusto-almondes', 'interface': 'eth0', 'job': 'kubernetes-cadvisor', 'kubernetes_io_arch': 'amd64', 'kubernetes_io_hostname': 'augusto-almondes', 'kubernetes_io_os': 'linux', 'name': '1858b7a840027f969d237d1c10d7ecc22ef5e38a29d202d5760513652eb60797', 'namespace': 'spring-petclinic', 'node_kubernetes_io_instance_type': 'k3s', 'pod': 'vets-service-68cc5897b6-cj224'}",1290149390,same_network,3,300
2026-07-24T22:01:37.824438+00:00,2026-07-24T22:01:38.205000+00:00,container_network_receive_bytes_total,api-gateway,notebook-vivy,"{'__name__': 'container_network_receive_bytes_total', 'beta_kubernetes_io_arch': 'amd64', 'beta_kubernetes_io_instance_type': 'k3s', 'beta_kubernetes_io_os': 'linux', 'id': '/kubepods.slice/kubepods-burstable.slice/kubepods-burstable-pod0938bf77_f775_4395_8d68_3f3e730442fa.slice/cri-containerd-a6fd5250d3bfc2badbe10894f62c473ef988a39eb319025e754de23b80c1ab4c.scope', 'image': 'docker.io/rancher/mirrored-pause:3.6', 'instance': 'notebook-vivy', 'interface': 'eth0', 'job': 'kubernetes-cadvisor', 'kubernetes_io_arch': 'amd64', 'kubernetes_io_hostname': 'notebook-vivy', 'kubernetes_io_os': 'linux', 'name': 'a6fd5250d3bfc2badbe10894f62c473ef988a39eb319025e754de23b80c1ab4c', 'namespace': 'spring-petclinic', 'node_kubernetes_io_instance_type': 'k3s', 'node_role_kubernetes_io_control_plane': 'true', 'pod': 'api-gateway-78f775b647-m4zpr'}",3488382309,same_network,3,300
2026-07-24T22:01:37.824438+00:00,2026-07-24T22:01:38.205000+00:00,container_network_receive_bytes_total,,notebook-vivy,"{'__name__': 'container_network_receive_bytes_total', 'beta_kubernetes_io_arch': 'amd64', 'beta_kubernetes_io_instance_type': 'k3s', 'beta_kubernetes_io_os': 'linux', 'id': '/kubepods.slice/kubepods-burstable.slice/kubepods-burstable-pod09c597ef_7768_4ae9_a0f5_1a6a4d12429f.slice/cri-containerd-71a203b5d7433062735bda847d7d37feb6bf4a60472b7731f6d1b0fe96211934.scope', 'image': 'docker.io/rancher/mirrored-pause:3.6', 'instance': 'notebook-vivy', 'interface': 'eth0', 'job': 'kubernetes-cadvisor', 'kubernetes_io_arch': 'amd64', 'kubernetes_io_hostname': 'notebook-vivy', 'kubernetes_io_os': 'linux', 'name': '71a203b5d7433062735bda847d7d37feb6bf4a60472b7731f6d1b0fe96211934', 'namespace': 'spring-petclinic', 'node_kubernetes_io_instance_type': 'k3s', 'node_role_kubernetes_io_control_plane': 'true', 'pod': 'zipkin-76d97d46df-4kcr9'}",4662910152,same_network,3,300
2026-07-24T22:01:37.824438+00:00,2026-07-24T22:01:38.205000+00:00,container_network_receive_bytes_total,,augusto-almondes,"{'__name__': 'container_network_receive_bytes_total', 'beta_kubernetes_io_arch': 'amd64', 'beta_kubernetes_io_instance_type': 'k3s', 'beta_kubernetes_io_os': 'linux', 'id': '/kubepods.slice/kubepods-burstable.slice/kubepods-burstable-pod1f46dbde_909b_4d3f_b97d_2a39953c86a7.slice/cri-containerd-ba8d023b76c7725ee06abbed55f557de3ff14db60b35b51171c3b1a89ccf72e2.scope', 'image': 'docker.io/rancher/mirrored-pause:3.6', 'instance': 'augusto-almondes', 'interface': 'eth0', 'job': 'kubernetes-cadvisor', 'kubernetes_io_arch': 'amd64', 'kubernetes_io_hostname': 'augusto-almondes', 'kubernetes_io_os': 'linux', 'name': 'ba8d023b76c7725ee06abbed55f557de3ff14db60b35b51171c3b1a89ccf72e2', 'namespace': 'spring-petclinic', 'node_kubernetes_io_instance_type': 'k3s', 'pod': 'promtail-f6prj'}",6888897,same_network,3,300
2026-07-24T22:01:37.824438+00:00,2026-07-24T22:01:38.205000+00:00,container_network_receive_bytes_total,,notebook-vivy,"{'__name__': 'container_network_receive_bytes_total', 'beta_kubernetes_io_arch': 'amd64', 'beta_kubernetes_io_instance_type': 'k3s', 'beta_kubernetes_io_os': 'linux', 'id': '/kubepods.slice/kubepods-burstable.slice/kubepods-burstable-pod4150c254_a41f_4f8b_8f98_d26a0c6ac7e0.slice/cri-containerd-5a7cfa41636ef4b9b6979fd30de1bffc1033fc4d1a59062a0d942b86307ef87a.scope', 'image': 'docker.io/rancher/mirrored-pause:3.6', 'instance': 'notebook-vivy', 'interface': 'eth0', 'job': 'kubernetes-cadvisor', 'kubernetes_io_arch': 'amd64', 'kubernetes_io_hostname': 'notebook-vivy', 'kubernetes_io_os': 'linux', 'name': '5a7cfa41636ef4b9b6979fd30de1bffc1033fc4d1a59062a0d942b86307ef87a', 'namespace': 'spring-petclinic', 'node_kubernetes_io_instance_type': 'k3s', 'node_role_kubernetes_io_control_plane': 'true', 'pod': 'loki-84cd674d9f-5jbmr'}",948598810,same_network,3,300
2026-07-24T22:01:37.824438+00:00,2026-07-24T22:01:38.205000+00:00,container_network_receive_bytes_total,api-gateway,augusto-almondes,"{'__name__': 'container_network_receive_bytes_total', 'beta_kubernetes_io_arch': 'amd64', 'beta_kubernetes_io_instance_type': 'k3s', 'beta_kubernetes_io_os': 'linux', 'id': '/kubepods.slice/kubepods-burstable.slice/kubepods-burstable-pod8329aa55_845e_49e6_bc48_19166a540b8f.slice/cri-containerd-faae04884b29c370b3bb7fec91e75dac682e34a15f8a391ce4220d76bdf21c1c.scope', 'image': 'docker.io/rancher/mirrored-pause:3.6', 'instance': 'augusto-almondes', 'interface': 'eth0', 'job': 'kubernetes-cadvisor', 'kubernetes_io_arch': 'amd64', 'kubernetes_io_hostname': 'augusto-almondes', 'kubernetes_io_os': 'linux', 'name': 'faae04884b29c370b3bb7fec91e75dac682e34a15f8a391ce4220d76bdf21c1c', 'namespace': 'spring-petclinic', 'node_kubernetes_io_instance_type': 'k3s', 'pod': 'api-gateway-78f775b647-cs4l5'}",138181,same_network,3,300
2026-07-24T22:01:37.824438+00:00,2026-07-24T22:01:38.205000+00:00,container_network_receive_bytes_total,,macbookair-vivy,"{'__name__': 'container_network_receive_bytes_total', 'beta_kubernetes_io_arch': 'amd64', 'beta_kubernetes_io_instance_type': 'k3s', 'beta_kubernetes_io_os': 'linux', 'id': '/kubepods.slice/kubepods-burstable.slice/kubepods-burstable-pod83bca641_4313_46eb_880d_ed7d9b73c3b4.slice/cri-containerd-fa71dc8ca33ab1aaee8733e1064f6c903582a47168f208c39fa0d84958e0adf6.scope', 'image': 'docker.io/rancher/mirrored-pause:3.6', 'instance': 'macbookair-vivy', 'interface': 'eth0', 'job': 'kubernetes-cadvisor', 'kubernetes_io_arch': 'amd64', 'kubernetes_io_hostname': 'macbookair-vivy', 'kubernetes_io_os': 'linux', 'name': 'fa71dc8ca33ab1aaee8733e1064f6c903582a47168f208c39fa0d84958e0adf6', 'namespace': 'spring-petclinic', 'node_kubernetes_io_instance_type': 'k3s', 'pod': 'promtail-6th4p', 'role': 'database'}",1742599,same_network,3,300
2026-07-24T22:01:37.824438+00:00,2026-07-24T22:01:38.205000+00:00,container_network_receive_bytes_total,,notebook-vivy,"{'__name__': 'container_network_receive_bytes_total', 'beta_kubernetes_io_arch': 'amd64', 'beta_kubernetes_io_instance_type': 'k3s', 'beta_kubernetes_io_os': 'linux', 'id': '/kubepods.slice/kubepods-burstable.slice/kubepods-burstable-podb25714d0_13cb_4579_b8b1_7a8606f015ca.slice/cri-containerd-42cc5d6d1ba003bd2b36c4cfe046d938102ebaf4057c03c2ebe008cb716d2ac8.scope', 'image': 'docker.io/rancher/mirrored-pause:3.6', 'instance': 'notebook-vivy', 'interface': 'eth0', 'job': 'kubernetes-cadvisor', 'kubernetes_io_arch': 'amd64', 'kubernetes_io_hostname': 'notebook-vivy', 'kubernetes_io_os': 'linux', 'name': '42cc5d6d1ba003bd2b36c4cfe046d938102ebaf4057c03c2ebe008cb716d2ac8', 'namespace': 'spring-petclinic', 'node_kubernetes_io_instance_type': 'k3s', 'node_role_kubernetes_io_control_plane': 'true', 'pod': 'promtail-rsjq4'}",12078944,same_network,3,300
2026-07-24T22:01:37.824438+00:00,2026-07-24T22:01:38.214000+00:00,container_network_transmit_bytes_total,visits-service,augusto-almondes,"{'__name__': 'container_network_transmit_bytes_total', 'beta_kubernetes_io_arch': 'amd64', 'beta_kubernetes_io_instance_type': 'k3s', 'beta_kubernetes_io_os': 'linux', 'id': '/kubepods.slice/kubepods-besteffort.slice/kubepods-besteffort-pod07c98de3_903e_4594_897f_2c8d02326386.slice/cri-containerd-78cb0991f2215bba7766e453130cd6629145f4cb69967ab6841e765a002dd5bd.scope', 'image': 'docker.io/rancher/mirrored-pause:3.6', 'instance': 'augusto-almondes', 'interface': 'eth0', 'job': 'kubernetes-cadvisor', 'kubernetes_io_arch': 'amd64', 'kubernetes_io_hostname': 'augusto-almondes', 'kubernetes_io_os': 'linux', 'name': '78cb0991f2215bba7766e453130cd6629145f4cb69967ab6841e765a002dd5bd', 'namespace': 'spring-petclinic', 'node_kubernetes_io_instance_type': 'k3s', 'pod': 'visits-service-859d489b98-v28jh'}",351823320,same_network,3,300
2026-07-24T22:01:37.824438+00:00,2026-07-24T22:01:38.214000+00:00,container_network_transmit_bytes_total,vets-service,augusto-almondes,"{'__name__': 'container_network_transmit_bytes_total', 'beta_kubernetes_io_arch': 'amd64', 'beta_kubernetes_io_instance_type': 'k3s', 'beta_kubernetes_io_os': 'linux', 'id': '/kubepods.slice/kubepods-besteffort.slice/kubepods-besteffort-pod37c58633_3a89_4b91_8817_d95841fa9c04.slice/cri-containerd-3d072be83235a90f43adf1b2786dedb708b2eadf4ce06678d0446a5c1cf7d1bf.scope', 'image': 'docker.io/rancher/mirrored-pause:3.6', 'instance': 'augusto-almondes', 'interface': 'eth0', 'job': 'kubernetes-cadvisor', 'kubernetes_io_arch': 'amd64', 'kubernetes_io_hostname': 'augusto-almondes', 'kubernetes_io_os': 'linux', 'name': '3d072be83235a90f43adf1b2786dedb708b2eadf4ce06678d0446a5c1cf7d1bf', 'namespace': 'spring-petclinic', 'node_kubernetes_io_instance_type': 'k3s', 'pod': 'vets-service-68cc5897b6-gr89c'}",1564330367,same_network,3,300
2026-07-24T22:01:37.824438+00:00,2026-07-24T22:01:38.214000+00:00,container_network_transmit_bytes_total,customers-service,notebook-vivy,"{'__name__': 'container_network_transmit_bytes_total', 'beta_kubernetes_io_arch': 'amd64', 'beta_kubernetes_io_instance_type': 'k3s', 'beta_kubernetes_io_os': 'linux', 'id': '/kubepods.slice/kubepods-besteffort.slice/kubepods-besteffort-pod461d7b21_3e4e_4af8_ae9e_5c2edf453cf6.slice/cri-containerd-fd1e043bde697e972772a0aa9fe92c09dc38468de0e796b4fcc7ccb62c2cc331.scope', 'image': 'docker.io/rancher/mirrored-pause:3.6', 'instance': 'notebook-vivy', 'interface': 'eth0', 'job': 'kubernetes-cadvisor', 'kubernetes_io_arch': 'amd64', 'kubernetes_io_hostname': 'notebook-vivy', 'kubernetes_io_os': 'linux', 'name': 'fd1e043bde697e972772a0aa9fe92c09dc38468de0e796b4fcc7ccb62c2cc331', 'namespace': 'spring-petclinic', 'node_kubernetes_io_instance_type': 'k3s', 'node_role_kubernetes_io_control_plane': 'true', 'pod': 'customers-service-754bdcc448-g5gns'}",3810293171,same_network,3,300
2026-07-24T22:01:37.824438+00:00,2026-07-24T22:01:38.214000+00:00,container_network_transmit_bytes_total,,notebook-vivy,"{'__name__': 'container_network_transmit_bytes_total', 'beta_kubernetes_io_arch': 'amd64', 'beta_kubernetes_io_instance_type': 'k3s', 'beta_kubernetes_io_os': 'linux', 'id': '/kubepods.slice/kubepods-besteffort.slice/kubepods-besteffort-pod61c59b0e_baf9_48d9_ae8a_9a9a72cf52af.slice/cri-containerd-1adc220d89ff318103e137809efebdbdb53d40bfc366b15aebb7dda0164e3c84.scope', 'image': 'docker.io/rancher/mirrored-pause:3.6', 'instance': 'notebook-vivy', 'interface': 'eth0', 'job': 'kubernetes-cadvisor', 'kubernetes_io_arch': 'amd64', 'kubernetes_io_hostname': 'notebook-vivy', 'kubernetes_io_os': 'linux', 'name': '1adc220d89ff318103e137809efebdbdb53d40bfc366b15aebb7dda0164e3c84', 'namespace': 'spring-petclinic', 'node_kubernetes_io_instance_type': 'k3s', 'node_role_kubernetes_io_control_plane': 'true', 'pod': 'prometheus-6d9b5b9b7c-c9njq'}",109188445,same_network,3,300
2026-07-24T22:01:37.824438+00:00,2026-07-24T22:01:38.214000+00:00,container_network_transmit_bytes_total,visits-service,augusto-almondes,"{'__name__': 'container_network_transmit_bytes_total', 'beta_kubernetes_io_arch': 'amd64', 'beta_kubernetes_io_instance_type': 'k3s', 'beta_kubernetes_io_os': 'linux', 'id': '/kubepods.slice/kubepods-besteffort.slice/kubepods-besteffort-pod6e6c7e0b_abf8_47e8_9b7f_73fed236fe33.slice/cri-containerd-36634f28d8d5262f3c40800bd8233f19285c32bdf1c30883fc9d08ad552c5fcc.scope', 'image': 'docker.io/rancher/mirrored-pause:3.6', 'instance': 'augusto-almondes', 'interface': 'eth0', 'job': 'kubernetes-cadvisor', 'kubernetes_io_arch': 'amd64', 'kubernetes_io_hostname': 'augusto-almondes', 'kubernetes_io_os': 'linux', 'name': '36634f28d8d5262f3c40800bd8233f19285c32bdf1c30883fc9d08ad552c5fcc', 'namespace': 'spring-petclinic', 'node_kubernetes_io_instance_type': 'k3s', 'pod': 'visits-service-859d489b98-qpm6m'}",344366325,same_network,3,300
2026-07-24T22:01:37.824438+00:00,2026-07-24T22:01:38.214000+00:00,container_network_transmit_bytes_total,,notebook-vivy,"{'__name__': 'container_network_transmit_bytes_total', 'beta_kubernetes_io_arch': 'amd64', 'beta_kubernetes_io_instance_type': 'k3s', 'beta_kubernetes_io_os': 'linux', 'id': '/kubepods.slice/kubepods-besteffort.slice/kubepods-besteffort-pod818aa63c_0637_4d0f_bd16_9785508f386f.slice/cri-containerd-257fc1a313926de0c88bf51147ec32916a10686b887e16d8bb4ca05843baf589.scope', 'image': 'docker.io/rancher/mirrored-pause:3.6', 'instance': 'notebook-vivy', 'interface': 'eth0', 'job': 'kubernetes-cadvisor', 'kubernetes_io_arch': 'amd64', 'kubernetes_io_hostname': 'notebook-vivy', 'kubernetes_io_os': 'linux', 'name': '257fc1a313926de0c88bf51147ec32916a10686b887e16d8bb4ca05843baf589', 'namespace': 'spring-petclinic', 'node_kubernetes_io_instance_type': 'k3s', 'node_role_kubernetes_io_control_plane': 'true', 'pod': 'config-server-799b6bb84c-g2tr5'}",42,same_network,3,300
2026-07-24T22:01:37.824438+00:00,2026-07-24T22:01:38.214000+00:00,container_network_transmit_bytes_total,,macbookair-vivy,"{'__name__': 'container_network_transmit_bytes_total', 'beta_kubernetes_io_arch': 'amd64', 'beta_kubernetes_io_instance_type': 'k3s', 'beta_kubernetes_io_os': 'linux', 'id': '/kubepods.slice/kubepods-besteffort.slice/kubepods-besteffort-podbb8e7e86_67b2_4503_b6ea_265ba0e9fc0c.slice/cri-containerd-41001c13718012a62944ab802abddb11401442e875bc7d1cf10aa9c870850224.scope', 'image': 'docker.io/rancher/mirrored-pause:3.6', 'instance': 'macbookair-vivy', 'interface': 'eth0', 'job': 'kubernetes-cadvisor', 'kubernetes_io_arch': 'amd64', 'kubernetes_io_hostname': 'macbookair-vivy', 'kubernetes_io_os': 'linux', 'name': '41001c13718012a62944ab802abddb11401442e875bc7d1cf10aa9c870850224', 'namespace': 'spring-petclinic', 'node_kubernetes_io_instance_type': 'k3s', 'pod': 'mysql-7dcf5984bc-22j65', 'role': 'database'}",12034251515,same_network,3,300
2026-07-24T22:01:37.824438+00:00,2026-07-24T22:01:38.214000+00:00,container_network_transmit_bytes_total,,notebook-vivy,"{'__name__': 'container_network_transmit_bytes_total', 'beta_kubernetes_io_arch': 'amd64', 'beta_kubernetes_io_instance_type': 'k3s', 'beta_kubernetes_io_os': 'linux', 'id': '/kubepods.slice/kubepods-besteffort.slice/kubepods-besteffort-podceb031e9_6468_4f4b_80a0_24260acd6e8a.slice/cri-containerd-40053313449c00a55736ce939108bea56e6a102b12b42e1a31bd001b2cb943bb.scope', 'image': 'docker.io/rancher/mirrored-pause:3.6', 'instance': 'notebook-vivy', 'interface': 'eth0', 'job': 'kubernetes-cadvisor', 'kubernetes_io_arch': 'amd64', 'kubernetes_io_hostname': 'notebook-vivy', 'kubernetes_io_os': 'linux', 'name': '40053313449c00a55736ce939108bea56e6a102b12b42e1a31bd001b2cb943bb', 'namespace': 'spring-petclinic', 'node_kubernetes_io_instance_type': 'k3s', 'node_role_kubernetes_io_control_plane': 'true', 'pod': 'discovery-server-6694f65985-cr2kx'}",42,same_network,3,300
2026-07-24T22:01:37.824438+00:00,2026-07-24T22:01:38.214000+00:00,container_network_transmit_bytes_total,customers-service,augusto-almondes,"{'__name__': 'container_network_transmit_bytes_total', 'beta_kubernetes_io_arch': 'amd64', 'beta_kubernetes_io_instance_type': 'k3s', 'beta_kubernetes_io_os': 'linux', 'id': '/kubepods.slice/kubepods-besteffort.slice/kubepods-besteffort-pode37399aa_5830_4643_8b7d_68f55d86f0b1.slice/cri-containerd-e7e17f8994d91ad485dcadb505533c11157a9c4ea3fe4f1d557d045c51189815.scope', 'image': 'docker.io/rancher/mirrored-pause:3.6', 'instance': 'augusto-almondes', 'interface': 'eth0', 'job': 'kubernetes-cadvisor', 'kubernetes_io_arch': 'amd64', 'kubernetes_io_hostname': 'augusto-almondes', 'kubernetes_io_os': 'linux', 'name': 'e7e17f8994d91ad485dcadb505533c11157a9c4ea3fe4f1d557d045c51189815', 'namespace': 'spring-petclinic', 'node_kubernetes_io_instance_type': 'k3s', 'pod': 'customers-service-754bdcc448-vqzd7'}",3688078958,same_network,3,300
2026-07-24T22:01:37.824438+00:00,2026-07-24T22:01:38.214000+00:00,container_network_transmit_bytes_total,vets-service,augusto-almondes,"{'__name__': 'container_network_transmit_bytes_total', 'beta_kubernetes_io_arch': 'amd64', 'beta_kubernetes_io_instance_type': 'k3s', 'beta_kubernetes_io_os': 'linux', 'id': '/kubepods.slice/kubepods-besteffort.slice/kubepods-besteffort-pode8be662b_d64d_4461_b18e_e524621757f2.slice/cri-containerd-1858b7a840027f969d237d1c10d7ecc22ef5e38a29d202d5760513652eb60797.scope', 'image': 'docker.io/rancher/mirrored-pause:3.6', 'instance': 'augusto-almondes', 'interface': 'eth0', 'job': 'kubernetes-cadvisor', 'kubernetes_io_arch': 'amd64', 'kubernetes_io_hostname': 'augusto-almondes', 'kubernetes_io_os': 'linux', 'name': '1858b7a840027f969d237d1c10d7ecc22ef5e38a29d202d5760513652eb60797', 'namespace': 'spring-petclinic', 'node_kubernetes_io_instance_type': 'k3s', 'pod': 'vets-service-68cc5897b6-cj224'}",1601441944,same_network,3,300
2026-07-24T22:01:37.824438+00:00,2026-07-24T22:01:38.214000+00:00,container_network_transmit_bytes_total,api-gateway,notebook-vivy,"{'__name__': 'container_network_transmit_bytes_total', 'beta_kubernetes_io_arch': 'amd64', 'beta_kubernetes_io_instance_type': 'k3s', 'beta_kubernetes_io_os': 'linux', 'id': '/kubepods.slice/kubepods-burstable.slice/kubepods-burstable-pod0938bf77_f775_4395_8d68_3f3e730442fa.slice/cri-containerd-a6fd5250d3bfc2badbe10894f62c473ef988a39eb319025e754de23b80c1ab4c.scope', 'image': 'docker.io/rancher/mirrored-pause:3.6', 'instance': 'notebook-vivy', 'interface': 'eth0', 'job': 'kubernetes-cadvisor', 'kubernetes_io_arch': 'amd64', 'kubernetes_io_hostname': 'notebook-vivy', 'kubernetes_io_os': 'linux', 'name': 'a6fd5250d3bfc2badbe10894f62c473ef988a39eb319025e754de23b80c1ab4c', 'namespace': 'spring-petclinic', 'node_kubernetes_io_instance_type': 'k3s', 'node_role_kubernetes_io_control_plane': 'true', 'pod': 'api-gateway-78f775b647-m4zpr'}",6184478888,same_network,3,300
2026-07-24T22:01:37.824438+00:00,2026-07-24T22:01:38.214000+00:00,container_network_transmit_bytes_total,,notebook-vivy,"{'__name__': 'container_network_transmit_bytes_total', 'beta_kubernetes_io_arch': 'amd64', 'beta_kubernetes_io_instance_type': 'k3s', 'beta_kubernetes_io_os': 'linux', 'id': '/kubepods.slice/kubepods-burstable.slice/kubepods-burstable-pod09c597ef_7768_4ae9_a0f5_1a6a4d12429f.slice/cri-containerd-71a203b5d7433062735bda847d7d37feb6bf4a60472b7731f6d1b0fe96211934.scope', 'image': 'docker.io/rancher/mirrored-pause:3.6', 'instance': 'notebook-vivy', 'interface': 'eth0', 'job': 'kubernetes-cadvisor', 'kubernetes_io_arch': 'amd64', 'kubernetes_io_hostname': 'notebook-vivy', 'kubernetes_io_os': 'linux', 'name': '71a203b5d7433062735bda847d7d37feb6bf4a60472b7731f6d1b0fe96211934', 'namespace': 'spring-petclinic', 'node_kubernetes_io_instance_type': 'k3s', 'node_role_kubernetes_io_control_plane': 'true', 'pod': 'zipkin-76d97d46df-4kcr9'}",661537427,same_network,3,300
2026-07-24T22:01:37.824438+00:00,2026-07-24T22:01:38.214000+00:00,container_network_transmit_bytes_total,,augusto-almondes,"{'__name__': 'container_network_transmit_bytes_total', 'beta_kubernetes_io_arch': 'amd64', 'beta_kubernetes_io_instance_type': 'k3s', 'beta_kubernetes_io_os': 'linux', 'id': '/kubepods.slice/kubepods-burstable.slice/kubepods-burstable-pod1f46dbde_909b_4d3f_b97d_2a39953c86a7.slice/cri-containerd-ba8d023b76c7725ee06abbed55f557de3ff14db60b35b51171c3b1a89ccf72e2.scope', 'image': 'docker.io/rancher/mirrored-pause:3.6', 'instance': 'augusto-almondes', 'interface': 'eth0', 'job': 'kubernetes-cadvisor', 'kubernetes_io_arch': 'amd64', 'kubernetes_io_hostname': 'augusto-almondes', 'kubernetes_io_os': 'linux', 'name': 'ba8d023b76c7725ee06abbed55f557de3ff14db60b35b51171c3b1a89ccf72e2', 'namespace': 'spring-petclinic', 'node_kubernetes_io_instance_type': 'k3s', 'pod': 'promtail-f6prj'}",296096238,same_network,3,300
2026-07-24T22:01:37.824438+00:00,2026-07-24T22:01:38.214000+00:00,container_network_transmit_bytes_total,,notebook-vivy,"{'__name__': 'container_network_transmit_bytes_total', 'beta_kubernetes_io_arch': 'amd64', 'beta_kubernetes_io_instance_type': 'k3s', 'beta_kubernetes_io_os': 'linux', 'id': '/kubepods.slice/kubepods-burstable.slice/kubepods-burstable-pod4150c254_a41f_4f8b_8f98_d26a0c6ac7e0.slice/cri-containerd-5a7cfa41636ef4b9b6979fd30de1bffc1033fc4d1a59062a0d942b86307ef87a.scope', 'image': 'docker.io/rancher/mirrored-pause:3.6', 'instance': 'notebook-vivy', 'interface': 'eth0', 'job': 'kubernetes-cadvisor', 'kubernetes_io_arch': 'amd64', 'kubernetes_io_hostname': 'notebook-vivy', 'kubernetes_io_os': 'linux', 'name': '5a7cfa41636ef4b9b6979fd30de1bffc1033fc4d1a59062a0d942b86307ef87a', 'namespace': 'spring-petclinic', 'node_kubernetes_io_instance_type': 'k3s', 'node_role_kubernetes_io_control_plane': 'true', 'pod': 'loki-84cd674d9f-5jbmr'}",338328770,same_network,3,300
2026-07-24T22:01:37.824438+00:00,2026-07-24T22:01:38.214000+00:00,container_network_transmit_bytes_total,api-gateway,augusto-almondes,"{'__name__': 'container_network_transmit_bytes_total', 'beta_kubernetes_io_arch': 'amd64', 'beta_kubernetes_io_instance_type': 'k3s', 'beta_kubernetes_io_os': 'linux', 'id': '/kubepods.slice/kubepods-burstable.slice/kubepods-burstable-pod8329aa55_845e_49e6_bc48_19166a540b8f.slice/cri-containerd-faae04884b29c370b3bb7fec91e75dac682e34a15f8a391ce4220d76bdf21c1c.scope', 'image': 'docker.io/rancher/mirrored-pause:3.6', 'instance': 'augusto-almondes', 'interface': 'eth0', 'job': 'kubernetes-cadvisor', 'kubernetes_io_arch': 'amd64', 'kubernetes_io_hostname': 'augusto-almondes', 'kubernetes_io_os': 'linux', 'name': 'faae04884b29c370b3bb7fec91e75dac682e34a15f8a391ce4220d76bdf21c1c', 'namespace': 'spring-petclinic', 'node_kubernetes_io_instance_type': 'k3s', 'pod': 'api-gateway-78f775b647-cs4l5'}",117457,same_network,3,300
2026-07-24T22:01:37.824438+00:00,2026-07-24T22:01:38.214000+00:00,container_network_transmit_bytes_total,,macbookair-vivy,"{'__name__': 'container_network_transmit_bytes_total', 'beta_kubernetes_io_arch': 'amd64', 'beta_kubernetes_io_instance_type': 'k3s', 'beta_kubernetes_io_os': 'linux', 'id': '/kubepods.slice/kubepods-burstable.slice/kubepods-burstable-pod83bca641_4313_46eb_880d_ed7d9b73c3b4.slice/cri-containerd-fa71dc8ca33ab1aaee8733e1064f6c903582a47168f208c39fa0d84958e0adf6.scope', 'image': 'docker.io/rancher/mirrored-pause:3.6', 'instance': 'macbookair-vivy', 'interface': 'eth0', 'job': 'kubernetes-cadvisor', 'kubernetes_io_arch': 'amd64', 'kubernetes_io_hostname': 'macbookair-vivy', 'kubernetes_io_os': 'linux', 'name': 'fa71dc8ca33ab1aaee8733e1064f6c903582a47168f208c39fa0d84958e0adf6', 'namespace': 'spring-petclinic', 'node_kubernetes_io_instance_type': 'k3s', 'pod': 'promtail-6th4p', 'role': 'database'}",560837,same_network,3,300
2026-07-24T22:01:37.824438+00:00,2026-07-24T22:01:38.214000+00:00,container_network_transmit_bytes_total,,notebook-vivy,"{'__name__': 'container_network_transmit_bytes_total', 'beta_kubernetes_io_arch': 'amd64', 'beta_kubernetes_io_instance_type': 'k3s', 'beta_kubernetes_io_os': 'linux', 'id': '/kubepods.slice/kubepods-burstable.slice/kubepods-burstable-podb25714d0_13cb_4579_b8b1_7a8606f015ca.slice/cri-containerd-42cc5d6d1ba003bd2b36c4cfe046d938102ebaf4057c03c2ebe008cb716d2ac8.scope', 'image': 'docker.io/rancher/mirrored-pause:3.6', 'instance': 'notebook-vivy', 'interface': 'eth0', 'job': 'kubernetes-cadvisor', 'kubernetes_io_arch': 'amd64', 'kubernetes_io_hostname': 'notebook-vivy', 'kubernetes_io_os': 'linux', 'name': '42cc5d6d1ba003bd2b36c4cfe046d938102ebaf4057c03c2ebe008cb716d2ac8', 'namespace': 'spring-petclinic', 'node_kubernetes_io_instance_type': 'k3s', 'node_role_kubernetes_io_control_plane': 'true', 'pod': 'promtail-rsjq4'}",300437210,same_network,3,300
2026-07-24T22:01:37.824438+00:00,2026-07-24T22:01:38.221000+00:00,executor_active_threads,customers-service,10.42.0.186:8080,"{'__name__': 'executor_active_threads', 'instance': '10.42.0.186:8080', 'job': 'spring-petclinic', 'name': 'applicationTaskExecutor'}",0,same_network,3,300
2026-07-24T22:01:37.824438+00:00,2026-07-24T22:01:38.221000+00:00,executor_active_threads,api-gateway,10.42.0.187:8080,"{'__name__': 'executor_active_threads', 'instance': '10.42.0.187:8080', 'job': 'spring-petclinic', 'name': 'applicationTaskExecutor'}",0,same_network,3,300
2026-07-24T22:01:37.824438+00:00,2026-07-24T22:01:38.221000+00:00,executor_active_threads,visits-service,10.42.1.122:8080,"{'__name__': 'executor_active_threads', 'instance': '10.42.1.122:8080', 'job': 'spring-petclinic', 'name': 'applicationTaskExecutor'}",0,same_network,3,300
2026-07-24T22:01:37.824438+00:00,2026-07-24T22:01:38.221000+00:00,executor_active_threads,vets-service,10.42.1.123:8080,"{'__name__': 'executor_active_threads', 'instance': '10.42.1.123:8080', 'job': 'spring-petclinic', 'name': 'applicationTaskExecutor'}",0,same_network,3,300
2026-07-24T22:01:37.824438+00:00,2026-07-24T22:01:38.221000+00:00,executor_active_threads,vets-service,10.42.1.124:8080,"{'__name__': 'executor_active_threads', 'instance': '10.42.1.124:8080', 'job': 'spring-petclinic', 'name': 'applicationTaskExecutor'}",0,same_network,3,300
2026-07-24T22:01:37.824438+00:00,2026-07-24T22:01:38.221000+00:00,executor_active_threads,visits-service,10.42.1.125:8080,"{'__name__': 'executor_active_threads', 'instance': '10.42.1.125:8080', 'job': 'spring-petclinic', 'name': 'applicationTaskExecutor'}",0,same_network,3,300
2026-07-24T22:01:37.824438+00:00,2026-07-24T22:01:38.221000+00:00,executor_active_threads,customers-service,10.42.1.126:8080,"{'__name__': 'executor_active_threads', 'instance': '10.42.1.126:8080', 'job': 'spring-petclinic', 'name': 'applicationTaskExecutor'}",0,same_network,3,300
2026-07-24T22:01:37.824438+00:00,2026-07-24T22:01:38.221000+00:00,executor_active_threads,api-gateway,10.42.1.129:8080,"{'__name__': 'executor_active_threads', 'instance': '10.42.1.129:8080', 'job': 'spring-petclinic', 'name': 'applicationTaskExecutor'}",0,same_network,3,300
2026-07-24T22:01:37.824438+00:00,2026-07-24T22:01:38.226000+00:00,executor_completed_tasks_total,customers-service,10.42.0.186:8080,"{'__name__': 'executor_completed_tasks_total', 'instance': '10.42.0.186:8080', 'job': 'spring-petclinic', 'name': 'applicationTaskExecutor'}",0,same_network,3,300
2026-07-24T22:01:37.824438+00:00,2026-07-24T22:01:38.226000+00:00,executor_completed_tasks_total,api-gateway,10.42.0.187:8080,"{'__name__': 'executor_completed_tasks_total', 'instance': '10.42.0.187:8080', 'job': 'spring-petclinic', 'name': 'applicationTaskExecutor'}",0,same_network,3,300
2026-07-24T22:01:37.824438+00:00,2026-07-24T22:01:38.226000+00:00,executor_completed_tasks_total,visits-service,10.42.1.122:8080,"{'__name__': 'executor_completed_tasks_total', 'instance': '10.42.1.122:8080', 'job': 'spring-petclinic', 'name': 'applicationTaskExecutor'}",0,same_network,3,300
2026-07-24T22:01:37.824438+00:00,2026-07-24T22:01:38.226000+00:00,executor_completed_tasks_total,vets-service,10.42.1.123:8080,"{'__name__': 'executor_completed_tasks_total', 'instance': '10.42.1.123:8080', 'job': 'spring-petclinic', 'name': 'applicationTaskExecutor'}",0,same_network,3,300
2026-07-24T22:01:37.824438+00:00,2026-07-24T22:01:38.226000+00:00,executor_completed_tasks_total,vets-service,10.42.1.124:8080,"{'__name__': 'executor_completed_tasks_total', 'instance': '10.42.1.124:8080', 'job': 'spring-petclinic', 'name': 'applicationTaskExecutor'}",0,same_network,3,300
2026-07-24T22:01:37.824438+00:00,2026-07-24T22:01:38.226000+00:00,executor_completed_tasks_total,visits-service,10.42.1.125:8080,"{'__name__': 'executor_completed_tasks_total', 'instance': '10.42.1.125:8080', 'job': 'spring-petclinic', 'name': 'applicationTaskExecutor'}",0,same_network,3,300
2026-07-24T22:01:37.824438+00:00,2026-07-24T22:01:38.226000+00:00,executor_completed_tasks_total,customers-service,10.42.1.126:8080,"{'__name__': 'executor_completed_tasks_total', 'instance': '10.42.1.126:8080', 'job': 'spring-petclinic', 'name': 'applicationTaskExecutor'}",0,same_network,3,300
2026-07-24T22:01:37.824438+00:00,2026-07-24T22:01:38.226000+00:00,executor_completed_tasks_total,api-gateway,10.42.1.129:8080,"{'__name__': 'executor_completed_tasks_total', 'instance': '10.42.1.129:8080', 'job': 'spring-petclinic', 'name': 'applicationTaskExecutor'}",0,same_network,3,300
2026-07-24T22:01:37.824438+00:00,2026-07-24T22:01:38.230000+00:00,executor_pool_core_threads,customers-service,10.42.0.186:8080,"{'__name__': 'executor_pool_core_threads', 'instance': '10.42.0.186:8080', 'job': 'spring-petclinic', 'name': 'applicationTaskExecutor'}",8,same_network,3,300
2026-07-24T22:01:37.824438+00:00,2026-07-24T22:01:38.230000+00:00,executor_pool_core_threads,api-gateway,10.42.0.187:8080,"{'__name__': 'executor_pool_core_threads', 'instance': '10.42.0.187:8080', 'job': 'spring-petclinic', 'name': 'applicationTaskExecutor'}",8,same_network,3,300
2026-07-24T22:01:37.824438+00:00,2026-07-24T22:01:38.230000+00:00,executor_pool_core_threads,visits-service,10.42.1.122:8080,"{'__name__': 'executor_pool_core_threads', 'instance': '10.42.1.122:8080', 'job': 'spring-petclinic', 'name': 'applicationTaskExecutor'}",8,same_network,3,300
2026-07-24T22:01:37.824438+00:00,2026-07-24T22:01:38.230000+00:00,executor_pool_core_threads,vets-service,10.42.1.123:8080,"{'__name__': 'executor_pool_core_threads', 'instance': '10.42.1.123:8080', 'job': 'spring-petclinic', 'name': 'applicationTaskExecutor'}",8,same_network,3,300
2026-07-24T22:01:37.824438+00:00,2026-07-24T22:01:38.230000+00:00,executor_pool_core_threads,vets-service,10.42.1.124:8080,"{'__name__': 'executor_pool_core_threads', 'instance': '10.42.1.124:8080', 'job': 'spring-petclinic', 'name': 'applicationTaskExecutor'}",8,same_network,3,300
2026-07-24T22:01:37.824438+00:00,2026-07-24T22:01:38.230000+00:00,executor_pool_core_threads,visits-service,10.42.1.125:8080,"{'__name__': 'executor_pool_core_threads', 'instance': '10.42.1.125:8080', 'job': 'spring-petclinic', 'name': 'applicationTaskExecutor'}",8,same_network,3,300
2026-07-24T22:01:37.824438+00:00,2026-07-24T22:01:38.230000+00:00,executor_pool_core_threads,customers-service,10.42.1.126:8080,"{'__name__': 'executor_pool_core_threads', 'instance': '10.42.1.126:8080', 'job': 'spring-petclinic', 'name': 'applicationTaskExecutor'}",8,same_network,3,300
2026-07-24T22:01:37.824438+00:00,2026-07-24T22:01:38.230000+00:00,executor_pool_core_threads,api-gateway,10.42.1.129:8080,"{'__name__': 'executor_pool_core_threads', 'instance': '10.42.1.129:8080', 'job': 'spring-petclinic', 'name': 'applicationTaskExecutor'}",8,same_network,3,300
2026-07-24T22:01:37.824438+00:00,2026-07-24T22:01:38.236000+00:00,executor_pool_max_threads,customers-service,10.42.0.186:8080,"{'__name__': 'executor_pool_max_threads', 'instance': '10.42.0.186:8080', 'job': 'spring-petclinic', 'name': 'applicationTaskExecutor'}",2147483647,same_network,3,300
2026-07-24T22:01:37.824438+00:00,2026-07-24T22:01:38.236000+00:00,executor_pool_max_threads,api-gateway,10.42.0.187:8080,"{'__name__': 'executor_pool_max_threads', 'instance': '10.42.0.187:8080', 'job': 'spring-petclinic', 'name': 'applicationTaskExecutor'}",2147483647,same_network,3,300
2026-07-24T22:01:37.824438+00:00,2026-07-24T22:01:38.236000+00:00,executor_pool_max_threads,visits-service,10.42.1.122:8080,"{'__name__': 'executor_pool_max_threads', 'instance': '10.42.1.122:8080', 'job': 'spring-petclinic', 'name': 'applicationTaskExecutor'}",2147483647,same_network,3,300
2026-07-24T22:01:37.824438+00:00,2026-07-24T22:01:38.236000+00:00,executor_pool_max_threads,vets-service,10.42.1.123:8080,"{'__name__': 'executor_pool_max_threads', 'instance': '10.42.1.123:8080', 'job': 'spring-petclinic', 'name': 'applicationTaskExecutor'}",2147483647,same_network,3,300
2026-07-24T22:01:37.824438+00:00,2026-07-24T22:01:38.236000+00:00,executor_pool_max_threads,vets-service,10.42.1.124:8080,"{'__name__': 'executor_pool_max_threads', 'instance': '10.42.1.124:8080', 'job': 'spring-petclinic', 'name': 'applicationTaskExecutor'}",2147483647,same_network,3,300
2026-07-24T22:01:37.824438+00:00,2026-07-24T22:01:38.236000+00:00,executor_pool_max_threads,visits-service,10.42.1.125:8080,"{'__name__': 'executor_pool_max_threads', 'instance': '10.42.1.125:8080', 'job': 'spring-petclinic', 'name': 'applicationTaskExecutor'}",2147483647,same_network,3,300
2026-07-24T22:01:37.824438+00:00,2026-07-24T22:01:38.236000+00:00,executor_pool_max_threads,customers-service,10.42.1.126:8080,"{'__name__': 'executor_pool_max_threads', 'instance': '10.42.1.126:8080', 'job': 'spring-petclinic', 'name': 'applicationTaskExecutor'}",2147483647,same_network,3,300
2026-07-24T22:01:37.824438+00:00,2026-07-24T22:01:38.236000+00:00,executor_pool_max_threads,api-gateway,10.42.1.129:8080,"{'__name__': 'executor_pool_max_threads', 'instance': '10.42.1.129:8080', 'job': 'spring-petclinic', 'name': 'applicationTaskExecutor'}",2147483647,same_network,3,300
2026-07-24T22:01:37.824438+00:00,2026-07-24T22:01:38.240000+00:00,executor_pool_size_threads,customers-service,10.42.0.186:8080,"{'__name__': 'executor_pool_size_threads', 'instance': '10.42.0.186:8080', 'job': 'spring-petclinic', 'name': 'applicationTaskExecutor'}",0,same_network,3,300
2026-07-24T22:01:37.824438+00:00,2026-07-24T22:01:38.240000+00:00,executor_pool_size_threads,api-gateway,10.42.0.187:8080,"{'__name__': 'executor_pool_size_threads', 'instance': '10.42.0.187:8080', 'job': 'spring-petclinic', 'name': 'applicationTaskExecutor'}",0,same_network,3,300
2026-07-24T22:01:37.824438+00:00,2026-07-24T22:01:38.240000+00:00,executor_pool_size_threads,visits-service,10.42.1.122:8080,"{'__name__': 'executor_pool_size_threads', 'instance': '10.42.1.122:8080', 'job': 'spring-petclinic', 'name': 'applicationTaskExecutor'}",0,same_network,3,300
2026-07-24T22:01:37.824438+00:00,2026-07-24T22:01:38.240000+00:00,executor_pool_size_threads,vets-service,10.42.1.123:8080,"{'__name__': 'executor_pool_size_threads', 'instance': '10.42.1.123:8080', 'job': 'spring-petclinic', 'name': 'applicationTaskExecutor'}",0,same_network,3,300
2026-07-24T22:01:37.824438+00:00,2026-07-24T22:01:38.240000+00:00,executor_pool_size_threads,vets-service,10.42.1.124:8080,"{'__name__': 'executor_pool_size_threads', 'instance': '10.42.1.124:8080', 'job': 'spring-petclinic', 'name': 'applicationTaskExecutor'}",0,same_network,3,300
2026-07-24T22:01:37.824438+00:00,2026-07-24T22:01:38.240000+00:00,executor_pool_size_threads,visits-service,10.42.1.125:8080,"{'__name__': 'executor_pool_size_threads', 'instance': '10.42.1.125:8080', 'job': 'spring-petclinic', 'name': 'applicationTaskExecutor'}",0,same_network,3,300
2026-07-24T22:01:37.824438+00:00,2026-07-24T22:01:38.240000+00:00,executor_pool_size_threads,customers-service,10.42.1.126:8080,"{'__name__': 'executor_pool_size_threads', 'instance': '10.42.1.126:8080', 'job': 'spring-petclinic', 'name': 'applicationTaskExecutor'}",0,same_network,3,300
2026-07-24T22:01:37.824438+00:00,2026-07-24T22:01:38.240000+00:00,executor_pool_size_threads,api-gateway,10.42.1.129:8080,"{'__name__': 'executor_pool_size_threads', 'instance': '10.42.1.129:8080', 'job': 'spring-petclinic', 'name': 'applicationTaskExecutor'}",0,same_network,3,300
2026-07-24T22:01:37.824438+00:00,2026-07-24T22:01:38.245000+00:00,executor_queue_remaining_tasks,customers-service,10.42.0.186:8080,"{'__name__': 'executor_queue_remaining_tasks', 'instance': '10.42.0.186:8080', 'job': 'spring-petclinic', 'name': 'applicationTaskExecutor'}",2147483647,same_network,3,300
2026-07-24T22:01:37.824438+00:00,2026-07-24T22:01:38.245000+00:00,executor_queue_remaining_tasks,api-gateway,10.42.0.187:8080,"{'__name__': 'executor_queue_remaining_tasks', 'instance': '10.42.0.187:8080', 'job': 'spring-petclinic', 'name': 'applicationTaskExecutor'}",2147483647,same_network,3,300
2026-07-24T22:01:37.824438+00:00,2026-07-24T22:01:38.245000+00:00,executor_queue_remaining_tasks,visits-service,10.42.1.122:8080,"{'__name__': 'executor_queue_remaining_tasks', 'instance': '10.42.1.122:8080', 'job': 'spring-petclinic', 'name': 'applicationTaskExecutor'}",2147483647,same_network,3,300
2026-07-24T22:01:37.824438+00:00,2026-07-24T22:01:38.245000+00:00,executor_queue_remaining_tasks,vets-service,10.42.1.123:8080,"{'__name__': 'executor_queue_remaining_tasks', 'instance': '10.42.1.123:8080', 'job': 'spring-petclinic', 'name': 'applicationTaskExecutor'}",2147483647,same_network,3,300
2026-07-24T22:01:37.824438+00:00,2026-07-24T22:01:38.245000+00:00,executor_queue_remaining_tasks,vets-service,10.42.1.124:8080,"{'__name__': 'executor_queue_remaining_tasks', 'instance': '10.42.1.124:8080', 'job': 'spring-petclinic', 'name': 'applicationTaskExecutor'}",2147483647,same_network,3,300
2026-07-24T22:01:37.824438+00:00,2026-07-24T22:01:38.245000+00:00,executor_queue_remaining_tasks,visits-service,10.42.1.125:8080,"{'__name__': 'executor_queue_remaining_tasks', 'instance': '10.42.1.125:8080', 'job': 'spring-petclinic', 'name': 'applicationTaskExecutor'}",2147483647,same_network,3,300
2026-07-24T22:01:37.824438+00:00,2026-07-24T22:01:38.245000+00:00,executor_queue_remaining_tasks,customers-service,10.42.1.126:8080,"{'__name__': 'executor_queue_remaining_tasks', 'instance': '10.42.1.126:8080', 'job': 'spring-petclinic', 'name': 'applicationTaskExecutor'}",2147483647,same_network,3,300
2026-07-24T22:01:37.824438+00:00,2026-07-24T22:01:38.245000+00:00,executor_queue_remaining_tasks,api-gateway,10.42.1.129:8080,"{'__name__': 'executor_queue_remaining_tasks', 'instance': '10.42.1.129:8080', 'job': 'spring-petclinic', 'name': 'applicationTaskExecutor'}",2147483647,same_network,3,300
2026-07-24T22:01:37.824438+00:00,2026-07-24T22:01:38.251000+00:00,executor_queued_tasks,customers-service,10.42.0.186:8080,"{'__name__': 'executor_queued_tasks', 'instance': '10.42.0.186:8080', 'job': 'spring-petclinic', 'name': 'applicationTaskExecutor'}",0,same_network,3,300
2026-07-24T22:01:37.824438+00:00,2026-07-24T22:01:38.251000+00:00,executor_queued_tasks,api-gateway,10.42.0.187:8080,"{'__name__': 'executor_queued_tasks', 'instance': '10.42.0.187:8080', 'job': 'spring-petclinic', 'name': 'applicationTaskExecutor'}",0,same_network,3,300
2026-07-24T22:01:37.824438+00:00,2026-07-24T22:01:38.251000+00:00,executor_queued_tasks,visits-service,10.42.1.122:8080,"{'__name__': 'executor_queued_tasks', 'instance': '10.42.1.122:8080', 'job': 'spring-petclinic', 'name': 'applicationTaskExecutor'}",0,same_network,3,300
2026-07-24T22:01:37.824438+00:00,2026-07-24T22:01:38.251000+00:00,executor_queued_tasks,vets-service,10.42.1.123:8080,"{'__name__': 'executor_queued_tasks', 'instance': '10.42.1.123:8080', 'job': 'spring-petclinic', 'name': 'applicationTaskExecutor'}",0,same_network,3,300
2026-07-24T22:01:37.824438+00:00,2026-07-24T22:01:38.251000+00:00,executor_queued_tasks,vets-service,10.42.1.124:8080,"{'__name__': 'executor_queued_tasks', 'instance': '10.42.1.124:8080', 'job': 'spring-petclinic', 'name': 'applicationTaskExecutor'}",0,same_network,3,300
2026-07-24T22:01:37.824438+00:00,2026-07-24T22:01:38.251000+00:00,executor_queued_tasks,visits-service,10.42.1.125:8080,"{'__name__': 'executor_queued_tasks', 'instance': '10.42.1.125:8080', 'job': 'spring-petclinic', 'name': 'applicationTaskExecutor'}",0,same_network,3,300
2026-07-24T22:01:37.824438+00:00,2026-07-24T22:01:38.251000+00:00,executor_queued_tasks,customers-service,10.42.1.126:8080,"{'__name__': 'executor_queued_tasks', 'instance': '10.42.1.126:8080', 'job': 'spring-petclinic', 'name': 'applicationTaskExecutor'}",0,same_network,3,300
2026-07-24T22:01:37.824438+00:00,2026-07-24T22:01:38.251000+00:00,executor_queued_tasks,api-gateway,10.42.1.129:8080,"{'__name__': 'executor_queued_tasks', 'instance': '10.42.1.129:8080', 'job': 'spring-petclinic', 'name': 'applicationTaskExecutor'}",0,same_network,3,300
2026-07-24T22:01:37.824438+00:00,2026-07-24T22:01:38.255000+00:00,jvm_threads_daemon_threads,customers-service,10.42.0.186:8080,"{'__name__': 'jvm_threads_daemon_threads', 'instance': '10.42.0.186:8080', 'job': 'spring-petclinic'}",44,same_network,3,300
2026-07-24T22:01:37.824438+00:00,2026-07-24T22:01:38.255000+00:00,jvm_threads_daemon_threads,api-gateway,10.42.0.187:8080,"{'__name__': 'jvm_threads_daemon_threads', 'instance': '10.42.0.187:8080', 'job': 'spring-petclinic'}",31,same_network,3,300
2026-07-24T22:01:37.824438+00:00,2026-07-24T22:01:38.255000+00:00,jvm_threads_daemon_threads,visits-service,10.42.1.122:8080,"{'__name__': 'jvm_threads_daemon_threads', 'instance': '10.42.1.122:8080', 'job': 'spring-petclinic'}",33,same_network,3,300
2026-07-24T22:01:37.824438+00:00,2026-07-24T22:01:38.255000+00:00,jvm_threads_daemon_threads,vets-service,10.42.1.123:8080,"{'__name__': 'jvm_threads_daemon_threads', 'instance': '10.42.1.123:8080', 'job': 'spring-petclinic'}",48,same_network,3,300
2026-07-24T22:01:37.824438+00:00,2026-07-24T22:01:38.255000+00:00,jvm_threads_daemon_threads,vets-service,10.42.1.124:8080,"{'__name__': 'jvm_threads_daemon_threads', 'instance': '10.42.1.124:8080', 'job': 'spring-petclinic'}",41,same_network,3,300
2026-07-24T22:01:37.824438+00:00,2026-07-24T22:01:38.255000+00:00,jvm_threads_daemon_threads,visits-service,10.42.1.125:8080,"{'__name__': 'jvm_threads_daemon_threads', 'instance': '10.42.1.125:8080', 'job': 'spring-petclinic'}",32,same_network,3,300
2026-07-24T22:01:37.824438+00:00,2026-07-24T22:01:38.255000+00:00,jvm_threads_daemon_threads,customers-service,10.42.1.126:8080,"{'__name__': 'jvm_threads_daemon_threads', 'instance': '10.42.1.126:8080', 'job': 'spring-petclinic'}",51,same_network,3,300
2026-07-24T22:01:37.824438+00:00,2026-07-24T22:01:38.255000+00:00,jvm_threads_daemon_threads,api-gateway,10.42.1.129:8080,"{'__name__': 'jvm_threads_daemon_threads', 'instance': '10.42.1.129:8080', 'job': 'spring-petclinic'}",26,same_network,3,300
2026-07-24T22:01:37.824438+00:00,2026-07-24T22:01:38.261000+00:00,jvm_threads_live_threads,customers-service,10.42.0.186:8080,"{'__name__': 'jvm_threads_live_threads', 'instance': '10.42.0.186:8080', 'job': 'spring-petclinic'}",53,same_network,3,300
2026-07-24T22:01:37.824438+00:00,2026-07-24T22:01:38.261000+00:00,jvm_threads_live_threads,api-gateway,10.42.0.187:8080,"{'__name__': 'jvm_threads_live_threads', 'instance': '10.42.0.187:8080', 'job': 'spring-petclinic'}",38,same_network,3,300
2026-07-24T22:01:37.824438+00:00,2026-07-24T22:01:38.261000+00:00,jvm_threads_live_threads,visits-service,10.42.1.122:8080,"{'__name__': 'jvm_threads_live_threads', 'instance': '10.42.1.122:8080', 'job': 'spring-petclinic'}",42,same_network,3,300
2026-07-24T22:01:37.824438+00:00,2026-07-24T22:01:38.261000+00:00,jvm_threads_live_threads,vets-service,10.42.1.123:8080,"{'__name__': 'jvm_threads_live_threads', 'instance': '10.42.1.123:8080', 'job': 'spring-petclinic'}",57,same_network,3,300
2026-07-24T22:01:37.824438+00:00,2026-07-24T22:01:38.261000+00:00,jvm_threads_live_threads,vets-service,10.42.1.124:8080,"{'__name__': 'jvm_threads_live_threads', 'instance': '10.42.1.124:8080', 'job': 'spring-petclinic'}",50,same_network,3,300
2026-07-24T22:01:37.824438+00:00,2026-07-24T22:01:38.261000+00:00,jvm_threads_live_threads,visits-service,10.42.1.125:8080,"{'__name__': 'jvm_threads_live_threads', 'instance': '10.42.1.125:8080', 'job': 'spring-petclinic'}",41,same_network,3,300
2026-07-24T22:01:37.824438+00:00,2026-07-24T22:01:38.261000+00:00,jvm_threads_live_threads,customers-service,10.42.1.126:8080,"{'__name__': 'jvm_threads_live_threads', 'instance': '10.42.1.126:8080', 'job': 'spring-petclinic'}",60,same_network,3,300
2026-07-24T22:01:37.824438+00:00,2026-07-24T22:01:38.261000+00:00,jvm_threads_live_threads,api-gateway,10.42.1.129:8080,"{'__name__': 'jvm_threads_live_threads', 'instance': '10.42.1.129:8080', 'job': 'spring-petclinic'}",35,same_network,3,300
2026-07-24T22:01:37.824438+00:00,2026-07-24T22:01:38.266000+00:00,jvm_threads_peak_threads,customers-service,10.42.0.186:8080,"{'__name__': 'jvm_threads_peak_threads', 'instance': '10.42.0.186:8080', 'job': 'spring-petclinic'}",232,same_network,3,300
2026-07-24T22:01:37.824438+00:00,2026-07-24T22:01:38.266000+00:00,jvm_threads_peak_threads,api-gateway,10.42.0.187:8080,"{'__name__': 'jvm_threads_peak_threads', 'instance': '10.42.0.187:8080', 'job': 'spring-petclinic'}",61,same_network,3,300
2026-07-24T22:01:37.824438+00:00,2026-07-24T22:01:38.266000+00:00,jvm_threads_peak_threads,visits-service,10.42.1.122:8080,"{'__name__': 'jvm_threads_peak_threads', 'instance': '10.42.1.122:8080', 'job': 'spring-petclinic'}",133,same_network,3,300
2026-07-24T22:01:37.824438+00:00,2026-07-24T22:01:38.266000+00:00,jvm_threads_peak_threads,vets-service,10.42.1.123:8080,"{'__name__': 'jvm_threads_peak_threads', 'instance': '10.42.1.123:8080', 'job': 'spring-petclinic'}",223,same_network,3,300
2026-07-24T22:01:37.824438+00:00,2026-07-24T22:01:38.266000+00:00,jvm_threads_peak_threads,vets-service,10.42.1.124:8080,"{'__name__': 'jvm_threads_peak_threads', 'instance': '10.42.1.124:8080', 'job': 'spring-petclinic'}",219,same_network,3,300
2026-07-24T22:01:37.824438+00:00,2026-07-24T22:01:38.266000+00:00,jvm_threads_peak_threads,visits-service,10.42.1.125:8080,"{'__name__': 'jvm_threads_peak_threads', 'instance': '10.42.1.125:8080', 'job': 'spring-petclinic'}",113,same_network,3,300
2026-07-24T22:01:37.824438+00:00,2026-07-24T22:01:38.266000+00:00,jvm_threads_peak_threads,customers-service,10.42.1.126:8080,"{'__name__': 'jvm_threads_peak_threads', 'instance': '10.42.1.126:8080', 'job': 'spring-petclinic'}",235,same_network,3,300
2026-07-24T22:01:37.824438+00:00,2026-07-24T22:01:38.266000+00:00,jvm_threads_peak_threads,api-gateway,10.42.1.129:8080,"{'__name__': 'jvm_threads_peak_threads', 'instance': '10.42.1.129:8080', 'job': 'spring-petclinic'}",35,same_network,3,300
2026-07-24T22:01:37.824438+00:00,2026-07-24T22:01:38.270000+00:00,jvm_threads_states_threads,customers-service,10.42.0.186:8080,"{'__name__': 'jvm_threads_states_threads', 'instance': '10.42.0.186:8080', 'job': 'spring-petclinic', 'state': 'blocked'}",0,same_network,3,300
2026-07-24T22:01:37.824438+00:00,2026-07-24T22:01:38.270000+00:00,jvm_threads_states_threads,customers-service,10.42.0.186:8080,"{'__name__': 'jvm_threads_states_threads', 'instance': '10.42.0.186:8080', 'job': 'spring-petclinic', 'state': 'new'}",0,same_network,3,300
2026-07-24T22:01:37.824438+00:00,2026-07-24T22:01:38.270000+00:00,jvm_threads_states_threads,customers-service,10.42.0.186:8080,"{'__name__': 'jvm_threads_states_threads', 'instance': '10.42.0.186:8080', 'job': 'spring-petclinic', 'state': 'runnable'}",16,same_network,3,300
2026-07-24T22:01:37.824438+00:00,2026-07-24T22:01:38.270000+00:00,jvm_threads_states_threads,customers-service,10.42.0.186:8080,"{'__name__': 'jvm_threads_states_threads', 'instance': '10.42.0.186:8080', 'job': 'spring-petclinic', 'state': 'terminated'}",0,same_network,3,300
2026-07-24T22:01:37.824438+00:00,2026-07-24T22:01:38.270000+00:00,jvm_threads_states_threads,customers-service,10.42.0.186:8080,"{'__name__': 'jvm_threads_states_threads', 'instance': '10.42.0.186:8080', 'job': 'spring-petclinic', 'state': 'timed-waiting'}",23,same_network,3,300
2026-07-24T22:01:37.824438+00:00,2026-07-24T22:01:38.270000+00:00,jvm_threads_states_threads,customers-service,10.42.0.186:8080,"{'__name__': 'jvm_threads_states_threads', 'instance': '10.42.0.186:8080', 'job': 'spring-petclinic', 'state': 'waiting'}",14,same_network,3,300
2026-07-24T22:01:37.824438+00:00,2026-07-24T22:01:38.270000+00:00,jvm_threads_states_threads,api-gateway,10.42.0.187:8080,"{'__name__': 'jvm_threads_states_threads', 'instance': '10.42.0.187:8080', 'job': 'spring-petclinic', 'state': 'blocked'}",0,same_network,3,300
2026-07-24T22:01:37.824438+00:00,2026-07-24T22:01:38.270000+00:00,jvm_threads_states_threads,api-gateway,10.42.0.187:8080,"{'__name__': 'jvm_threads_states_threads', 'instance': '10.42.0.187:8080', 'job': 'spring-petclinic', 'state': 'new'}",0,same_network,3,300
2026-07-24T22:01:37.824438+00:00,2026-07-24T22:01:38.270000+00:00,jvm_threads_states_threads,api-gateway,10.42.0.187:8080,"{'__name__': 'jvm_threads_states_threads', 'instance': '10.42.0.187:8080', 'job': 'spring-petclinic', 'state': 'runnable'}",15,same_network,3,300
2026-07-24T22:01:37.824438+00:00,2026-07-24T22:01:38.270000+00:00,jvm_threads_states_threads,api-gateway,10.42.0.187:8080,"{'__name__': 'jvm_threads_states_threads', 'instance': '10.42.0.187:8080', 'job': 'spring-petclinic', 'state': 'terminated'}",0,same_network,3,300
2026-07-24T22:01:37.824438+00:00,2026-07-24T22:01:38.270000+00:00,jvm_threads_states_threads,api-gateway,10.42.0.187:8080,"{'__name__': 'jvm_threads_states_threads', 'instance': '10.42.0.187:8080', 'job': 'spring-petclinic', 'state': 'timed-waiting'}",6,same_network,3,300
2026-07-24T22:01:37.824438+00:00,2026-07-24T22:01:38.270000+00:00,jvm_threads_states_threads,api-gateway,10.42.0.187:8080,"{'__name__': 'jvm_threads_states_threads', 'instance': '10.42.0.187:8080', 'job': 'spring-petclinic', 'state': 'waiting'}",17,same_network,3,300
2026-07-24T22:01:37.824438+00:00,2026-07-24T22:01:38.270000+00:00,jvm_threads_states_threads,visits-service,10.42.1.122:8080,"{'__name__': 'jvm_threads_states_threads', 'instance': '10.42.1.122:8080', 'job': 'spring-petclinic', 'state': 'blocked'}",0,same_network,3,300
2026-07-24T22:01:37.824438+00:00,2026-07-24T22:01:38.270000+00:00,jvm_threads_states_threads,visits-service,10.42.1.122:8080,"{'__name__': 'jvm_threads_states_threads', 'instance': '10.42.1.122:8080', 'job': 'spring-petclinic', 'state': 'new'}",0,same_network,3,300
2026-07-24T22:01:37.824438+00:00,2026-07-24T22:01:38.270000+00:00,jvm_threads_states_threads,visits-service,10.42.1.122:8080,"{'__name__': 'jvm_threads_states_threads', 'instance': '10.42.1.122:8080', 'job': 'spring-petclinic', 'state': 'runnable'}",9,same_network,3,300
2026-07-24T22:01:37.824438+00:00,2026-07-24T22:01:38.270000+00:00,jvm_threads_states_threads,visits-service,10.42.1.122:8080,"{'__name__': 'jvm_threads_states_threads', 'instance': '10.42.1.122:8080', 'job': 'spring-petclinic', 'state': 'terminated'}",0,same_network,3,300
2026-07-24T22:01:37.824438+00:00,2026-07-24T22:01:38.270000+00:00,jvm_threads_states_threads,visits-service,10.42.1.122:8080,"{'__name__': 'jvm_threads_states_threads', 'instance': '10.42.1.122:8080', 'job': 'spring-petclinic', 'state': 'timed-waiting'}",11,same_network,3,300
2026-07-24T22:01:37.824438+00:00,2026-07-24T22:01:38.270000+00:00,jvm_threads_states_threads,visits-service,10.42.1.122:8080,"{'__name__': 'jvm_threads_states_threads', 'instance': '10.42.1.122:8080', 'job': 'spring-petclinic', 'state': 'waiting'}",22,same_network,3,300
2026-07-24T22:01:37.824438+00:00,2026-07-24T22:01:38.270000+00:00,jvm_threads_states_threads,vets-service,10.42.1.123:8080,"{'__name__': 'jvm_threads_states_threads', 'instance': '10.42.1.123:8080', 'job': 'spring-petclinic', 'state': 'blocked'}",0,same_network,3,300
2026-07-24T22:01:37.824438+00:00,2026-07-24T22:01:38.270000+00:00,jvm_threads_states_threads,vets-service,10.42.1.123:8080,"{'__name__': 'jvm_threads_states_threads', 'instance': '10.42.1.123:8080', 'job': 'spring-petclinic', 'state': 'new'}",0,same_network,3,300
2026-07-24T22:01:37.824438+00:00,2026-07-24T22:01:38.270000+00:00,jvm_threads_states_threads,vets-service,10.42.1.123:8080,"{'__name__': 'jvm_threads_states_threads', 'instance': '10.42.1.123:8080', 'job': 'spring-petclinic', 'state': 'runnable'}",11,same_network,3,300
2026-07-24T22:01:37.824438+00:00,2026-07-24T22:01:38.270000+00:00,jvm_threads_states_threads,vets-service,10.42.1.123:8080,"{'__name__': 'jvm_threads_states_threads', 'instance': '10.42.1.123:8080', 'job': 'spring-petclinic', 'state': 'terminated'}",0,same_network,3,300
2026-07-24T22:01:37.824438+00:00,2026-07-24T22:01:38.270000+00:00,jvm_threads_states_threads,vets-service,10.42.1.123:8080,"{'__name__': 'jvm_threads_states_threads', 'instance': '10.42.1.123:8080', 'job': 'spring-petclinic', 'state': 'timed-waiting'}",32,same_network,3,300
2026-07-24T22:01:37.824438+00:00,2026-07-24T22:01:38.270000+00:00,jvm_threads_states_threads,vets-service,10.42.1.123:8080,"{'__name__': 'jvm_threads_states_threads', 'instance': '10.42.1.123:8080', 'job': 'spring-petclinic', 'state': 'waiting'}",14,same_network,3,300
2026-07-24T22:01:37.824438+00:00,2026-07-24T22:01:38.270000+00:00,jvm_threads_states_threads,vets-service,10.42.1.124:8080,"{'__name__': 'jvm_threads_states_threads', 'instance': '10.42.1.124:8080', 'job': 'spring-petclinic', 'state': 'blocked'}",0,same_network,3,300
2026-07-24T22:01:37.824438+00:00,2026-07-24T22:01:38.270000+00:00,jvm_threads_states_threads,vets-service,10.42.1.124:8080,"{'__name__': 'jvm_threads_states_threads', 'instance': '10.42.1.124:8080', 'job': 'spring-petclinic', 'state': 'new'}",0,same_network,3,300
2026-07-24T22:01:37.824438+00:00,2026-07-24T22:01:38.270000+00:00,jvm_threads_states_threads,vets-service,10.42.1.124:8080,"{'__name__': 'jvm_threads_states_threads', 'instance': '10.42.1.124:8080', 'job': 'spring-petclinic', 'state': 'runnable'}",10,same_network,3,300
2026-07-24T22:01:37.824438+00:00,2026-07-24T22:01:38.270000+00:00,jvm_threads_states_threads,vets-service,10.42.1.124:8080,"{'__name__': 'jvm_threads_states_threads', 'instance': '10.42.1.124:8080', 'job': 'spring-petclinic', 'state': 'terminated'}",0,same_network,3,300
2026-07-24T22:01:37.824438+00:00,2026-07-24T22:01:38.270000+00:00,jvm_threads_states_threads,vets-service,10.42.1.124:8080,"{'__name__': 'jvm_threads_states_threads', 'instance': '10.42.1.124:8080', 'job': 'spring-petclinic', 'state': 'timed-waiting'}",26,same_network,3,300
2026-07-24T22:01:37.824438+00:00,2026-07-24T22:01:38.270000+00:00,jvm_threads_states_threads,vets-service,10.42.1.124:8080,"{'__name__': 'jvm_threads_states_threads', 'instance': '10.42.1.124:8080', 'job': 'spring-petclinic', 'state': 'waiting'}",14,same_network,3,300
2026-07-24T22:01:37.824438+00:00,2026-07-24T22:01:38.270000+00:00,jvm_threads_states_threads,visits-service,10.42.1.125:8080,"{'__name__': 'jvm_threads_states_threads', 'instance': '10.42.1.125:8080', 'job': 'spring-petclinic', 'state': 'blocked'}",0,same_network,3,300
2026-07-24T22:01:37.824438+00:00,2026-07-24T22:01:38.270000+00:00,jvm_threads_states_threads,visits-service,10.42.1.125:8080,"{'__name__': 'jvm_threads_states_threads', 'instance': '10.42.1.125:8080', 'job': 'spring-petclinic', 'state': 'new'}",0,same_network,3,300
2026-07-24T22:01:37.824438+00:00,2026-07-24T22:01:38.270000+00:00,jvm_threads_states_threads,visits-service,10.42.1.125:8080,"{'__name__': 'jvm_threads_states_threads', 'instance': '10.42.1.125:8080', 'job': 'spring-petclinic', 'state': 'runnable'}",8,same_network,3,300
2026-07-24T22:01:37.824438+00:00,2026-07-24T22:01:38.270000+00:00,jvm_threads_states_threads,visits-service,10.42.1.125:8080,"{'__name__': 'jvm_threads_states_threads', 'instance': '10.42.1.125:8080', 'job': 'spring-petclinic', 'state': 'terminated'}",0,same_network,3,300
2026-07-24T22:01:37.824438+00:00,2026-07-24T22:01:38.270000+00:00,jvm_threads_states_threads,visits-service,10.42.1.125:8080,"{'__name__': 'jvm_threads_states_threads', 'instance': '10.42.1.125:8080', 'job': 'spring-petclinic', 'state': 'timed-waiting'}",19,same_network,3,300
2026-07-24T22:01:37.824438+00:00,2026-07-24T22:01:38.270000+00:00,jvm_threads_states_threads,visits-service,10.42.1.125:8080,"{'__name__': 'jvm_threads_states_threads', 'instance': '10.42.1.125:8080', 'job': 'spring-petclinic', 'state': 'waiting'}",14,same_network,3,300
2026-07-24T22:01:37.824438+00:00,2026-07-24T22:01:38.270000+00:00,jvm_threads_states_threads,customers-service,10.42.1.126:8080,"{'__name__': 'jvm_threads_states_threads', 'instance': '10.42.1.126:8080', 'job': 'spring-petclinic', 'state': 'blocked'}",0,same_network,3,300
2026-07-24T22:01:37.824438+00:00,2026-07-24T22:01:38.270000+00:00,jvm_threads_states_threads,customers-service,10.42.1.126:8080,"{'__name__': 'jvm_threads_states_threads', 'instance': '10.42.1.126:8080', 'job': 'spring-petclinic', 'state': 'new'}",0,same_network,3,300
2026-07-24T22:01:37.824438+00:00,2026-07-24T22:01:38.270000+00:00,jvm_threads_states_threads,customers-service,10.42.1.126:8080,"{'__name__': 'jvm_threads_states_threads', 'instance': '10.42.1.126:8080', 'job': 'spring-petclinic', 'state': 'runnable'}",18,same_network,3,300
2026-07-24T22:01:37.824438+00:00,2026-07-24T22:01:38.270000+00:00,jvm_threads_states_threads,customers-service,10.42.1.126:8080,"{'__name__': 'jvm_threads_states_threads', 'instance': '10.42.1.126:8080', 'job': 'spring-petclinic', 'state': 'terminated'}",0,same_network,3,300
2026-07-24T22:01:37.824438+00:00,2026-07-24T22:01:38.270000+00:00,jvm_threads_states_threads,customers-service,10.42.1.126:8080,"{'__name__': 'jvm_threads_states_threads', 'instance': '10.42.1.126:8080', 'job': 'spring-petclinic', 'state': 'timed-waiting'}",28,same_network,3,300
2026-07-24T22:01:37.824438+00:00,2026-07-24T22:01:38.270000+00:00,jvm_threads_states_threads,customers-service,10.42.1.126:8080,"{'__name__': 'jvm_threads_states_threads', 'instance': '10.42.1.126:8080', 'job': 'spring-petclinic', 'state': 'waiting'}",14,same_network,3,300
2026-07-24T22:01:37.824438+00:00,2026-07-24T22:01:38.270000+00:00,jvm_threads_states_threads,api-gateway,10.42.1.129:8080,"{'__name__': 'jvm_threads_states_threads', 'instance': '10.42.1.129:8080', 'job': 'spring-petclinic', 'state': 'blocked'}",0,same_network,3,300
2026-07-24T22:01:37.824438+00:00,2026-07-24T22:01:38.270000+00:00,jvm_threads_states_threads,api-gateway,10.42.1.129:8080,"{'__name__': 'jvm_threads_states_threads', 'instance': '10.42.1.129:8080', 'job': 'spring-petclinic', 'state': 'new'}",0,same_network,3,300
2026-07-24T22:01:37.824438+00:00,2026-07-24T22:01:38.270000+00:00,jvm_threads_states_threads,api-gateway,10.42.1.129:8080,"{'__name__': 'jvm_threads_states_threads', 'instance': '10.42.1.129:8080', 'job': 'spring-petclinic', 'state': 'runnable'}",15,same_network,3,300
2026-07-24T22:01:37.824438+00:00,2026-07-24T22:01:38.270000+00:00,jvm_threads_states_threads,api-gateway,10.42.1.129:8080,"{'__name__': 'jvm_threads_states_threads', 'instance': '10.42.1.129:8080', 'job': 'spring-petclinic', 'state': 'terminated'}",0,same_network,3,300
2026-07-24T22:01:37.824438+00:00,2026-07-24T22:01:38.270000+00:00,jvm_threads_states_threads,api-gateway,10.42.1.129:8080,"{'__name__': 'jvm_threads_states_threads', 'instance': '10.42.1.129:8080', 'job': 'spring-petclinic', 'state': 'timed-waiting'}",6,same_network,3,300
2026-07-24T22:01:37.824438+00:00,2026-07-24T22:01:38.270000+00:00,jvm_threads_states_threads,api-gateway,10.42.1.129:8080,"{'__name__': 'jvm_threads_states_threads', 'instance': '10.42.1.129:8080', 'job': 'spring-petclinic', 'state': 'waiting'}",14,same_network,3,300
2026-07-24T22:01:37.824438+00:00,2026-07-24T22:01:38.277000+00:00,logback_events_total,customers-service,10.42.0.186:8080,"{'__name__': 'logback_events_total', 'instance': '10.42.0.186:8080', 'job': 'spring-petclinic', 'level': 'debug'}",1195451,same_network,3,300
2026-07-24T22:01:37.824438+00:00,2026-07-24T22:01:38.277000+00:00,logback_events_total,customers-service,10.42.0.186:8080,"{'__name__': 'logback_events_total', 'instance': '10.42.0.186:8080', 'job': 'spring-petclinic', 'level': 'error'}",27,same_network,3,300
2026-07-24T22:01:37.824438+00:00,2026-07-24T22:01:38.277000+00:00,logback_events_total,customers-service,10.42.0.186:8080,"{'__name__': 'logback_events_total', 'instance': '10.42.0.186:8080', 'job': 'spring-petclinic', 'level': 'info'}",39,same_network,3,300
2026-07-24T22:01:37.824438+00:00,2026-07-24T22:01:38.277000+00:00,logback_events_total,customers-service,10.42.0.186:8080,"{'__name__': 'logback_events_total', 'instance': '10.42.0.186:8080', 'job': 'spring-petclinic', 'level': 'trace'}",0,same_network,3,300
2026-07-24T22:01:37.824438+00:00,2026-07-24T22:01:38.277000+00:00,logback_events_total,customers-service,10.42.0.186:8080,"{'__name__': 'logback_events_total', 'instance': '10.42.0.186:8080', 'job': 'spring-petclinic', 'level': 'warn'}",29,same_network,3,300
2026-07-24T22:01:37.824438+00:00,2026-07-24T22:01:38.277000+00:00,logback_events_total,api-gateway,10.42.0.187:8080,"{'__name__': 'logback_events_total', 'instance': '10.42.0.187:8080', 'job': 'spring-petclinic', 'level': 'debug'}",0,same_network,3,300
2026-07-24T22:01:37.824438+00:00,2026-07-24T22:01:38.277000+00:00,logback_events_total,api-gateway,10.42.0.187:8080,"{'__name__': 'logback_events_total', 'instance': '10.42.0.187:8080', 'job': 'spring-petclinic', 'level': 'error'}",51,same_network,3,300
2026-07-24T22:01:37.824438+00:00,2026-07-24T22:01:38.277000+00:00,logback_events_total,api-gateway,10.42.0.187:8080,"{'__name__': 'logback_events_total', 'instance': '10.42.0.187:8080', 'job': 'spring-petclinic', 'level': 'info'}",32,same_network,3,300
2026-07-24T22:01:37.824438+00:00,2026-07-24T22:01:38.277000+00:00,logback_events_total,api-gateway,10.42.0.187:8080,"{'__name__': 'logback_events_total', 'instance': '10.42.0.187:8080', 'job': 'spring-petclinic', 'level': 'trace'}",0,same_network,3,300
2026-07-24T22:01:37.824438+00:00,2026-07-24T22:01:38.277000+00:00,logback_events_total,api-gateway,10.42.0.187:8080,"{'__name__': 'logback_events_total', 'instance': '10.42.0.187:8080', 'job': 'spring-petclinic', 'level': 'warn'}",9,same_network,3,300
2026-07-24T22:01:37.824438+00:00,2026-07-24T22:01:38.277000+00:00,logback_events_total,visits-service,10.42.1.122:8080,"{'__name__': 'logback_events_total', 'instance': '10.42.1.122:8080', 'job': 'spring-petclinic', 'level': 'debug'}",591176,same_network,3,300
2026-07-24T22:01:37.824438+00:00,2026-07-24T22:01:38.277000+00:00,logback_events_total,visits-service,10.42.1.122:8080,"{'__name__': 'logback_events_total', 'instance': '10.42.1.122:8080', 'job': 'spring-petclinic', 'level': 'error'}",317,same_network,3,300
2026-07-24T22:01:37.824438+00:00,2026-07-24T22:01:38.277000+00:00,logback_events_total,visits-service,10.42.1.122:8080,"{'__name__': 'logback_events_total', 'instance': '10.42.1.122:8080', 'job': 'spring-petclinic', 'level': 'info'}",367,same_network,3,300
2026-07-24T22:01:37.824438+00:00,2026-07-24T22:01:38.277000+00:00,logback_events_total,visits-service,10.42.1.122:8080,"{'__name__': 'logback_events_total', 'instance': '10.42.1.122:8080', 'job': 'spring-petclinic', 'level': 'trace'}",0,same_network,3,300
2026-07-24T22:01:37.824438+00:00,2026-07-24T22:01:38.277000+00:00,logback_events_total,visits-service,10.42.1.122:8080,"{'__name__': 'logback_events_total', 'instance': '10.42.1.122:8080', 'job': 'spring-petclinic', 'level': 'warn'}",16,same_network,3,300
2026-07-24T22:01:37.824438+00:00,2026-07-24T22:01:38.277000+00:00,logback_events_total,vets-service,10.42.1.123:8080,"{'__name__': 'logback_events_total', 'instance': '10.42.1.123:8080', 'job': 'spring-petclinic', 'level': 'debug'}",577956,same_network,3,300
2026-07-24T22:01:37.824438+00:00,2026-07-24T22:01:38.277000+00:00,logback_events_total,vets-service,10.42.1.123:8080,"{'__name__': 'logback_events_total', 'instance': '10.42.1.123:8080', 'job': 'spring-petclinic', 'level': 'error'}",317,same_network,3,300
2026-07-24T22:01:37.824438+00:00,2026-07-24T22:01:38.277000+00:00,logback_events_total,vets-service,10.42.1.123:8080,"{'__name__': 'logback_events_total', 'instance': '10.42.1.123:8080', 'job': 'spring-petclinic', 'level': 'info'}",367,same_network,3,300
2026-07-24T22:01:37.824438+00:00,2026-07-24T22:01:38.277000+00:00,logback_events_total,vets-service,10.42.1.123:8080,"{'__name__': 'logback_events_total', 'instance': '10.42.1.123:8080', 'job': 'spring-petclinic', 'level': 'trace'}",0,same_network,3,300
2026-07-24T22:01:37.824438+00:00,2026-07-24T22:01:38.277000+00:00,logback_events_total,vets-service,10.42.1.123:8080,"{'__name__': 'logback_events_total', 'instance': '10.42.1.123:8080', 'job': 'spring-petclinic', 'level': 'warn'}",15,same_network,3,300
2026-07-24T22:01:37.824438+00:00,2026-07-24T22:01:38.277000+00:00,logback_events_total,vets-service,10.42.1.124:8080,"{'__name__': 'logback_events_total', 'instance': '10.42.1.124:8080', 'job': 'spring-petclinic', 'level': 'debug'}",591191,same_network,3,300
2026-07-24T22:01:37.824438+00:00,2026-07-24T22:01:38.277000+00:00,logback_events_total,vets-service,10.42.1.124:8080,"{'__name__': 'logback_events_total', 'instance': '10.42.1.124:8080', 'job': 'spring-petclinic', 'level': 'error'}",316,same_network,3,300
2026-07-24T22:01:37.824438+00:00,2026-07-24T22:01:38.277000+00:00,logback_events_total,vets-service,10.42.1.124:8080,"{'__name__': 'logback_events_total', 'instance': '10.42.1.124:8080', 'job': 'spring-petclinic', 'level': 'info'}",366,same_network,3,300
2026-07-24T22:01:37.824438+00:00,2026-07-24T22:01:38.277000+00:00,logback_events_total,vets-service,10.42.1.124:8080,"{'__name__': 'logback_events_total', 'instance': '10.42.1.124:8080', 'job': 'spring-petclinic', 'level': 'trace'}",0,same_network,3,300
2026-07-24T22:01:37.824438+00:00,2026-07-24T22:01:38.277000+00:00,logback_events_total,vets-service,10.42.1.124:8080,"{'__name__': 'logback_events_total', 'instance': '10.42.1.124:8080', 'job': 'spring-petclinic', 'level': 'warn'}",15,same_network,3,300
2026-07-24T22:01:37.824438+00:00,2026-07-24T22:01:38.277000+00:00,logback_events_total,visits-service,10.42.1.125:8080,"{'__name__': 'logback_events_total', 'instance': '10.42.1.125:8080', 'job': 'spring-petclinic', 'level': 'debug'}",578675,same_network,3,300
2026-07-24T22:01:37.824438+00:00,2026-07-24T22:01:38.277000+00:00,logback_events_total,visits-service,10.42.1.125:8080,"{'__name__': 'logback_events_total', 'instance': '10.42.1.125:8080', 'job': 'spring-petclinic', 'level': 'error'}",315,same_network,3,300
2026-07-24T22:01:37.824438+00:00,2026-07-24T22:01:38.277000+00:00,logback_events_total,visits-service,10.42.1.125:8080,"{'__name__': 'logback_events_total', 'instance': '10.42.1.125:8080', 'job': 'spring-petclinic', 'level': 'info'}",365,same_network,3,300
2026-07-24T22:01:37.824438+00:00,2026-07-24T22:01:38.277000+00:00,logback_events_total,visits-service,10.42.1.125:8080,"{'__name__': 'logback_events_total', 'instance': '10.42.1.125:8080', 'job': 'spring-petclinic', 'level': 'trace'}",0,same_network,3,300
2026-07-24T22:01:37.824438+00:00,2026-07-24T22:01:38.277000+00:00,logback_events_total,visits-service,10.42.1.125:8080,"{'__name__': 'logback_events_total', 'instance': '10.42.1.125:8080', 'job': 'spring-petclinic', 'level': 'warn'}",15,same_network,3,300
2026-07-24T22:01:37.824438+00:00,2026-07-24T22:01:38.277000+00:00,logback_events_total,customers-service,10.42.1.126:8080,"{'__name__': 'logback_events_total', 'instance': '10.42.1.126:8080', 'job': 'spring-petclinic', 'level': 'debug'}",1149148,same_network,3,300
2026-07-24T22:01:37.824438+00:00,2026-07-24T22:01:38.277000+00:00,logback_events_total,customers-service,10.42.1.126:8080,"{'__name__': 'logback_events_total', 'instance': '10.42.1.126:8080', 'job': 'spring-petclinic', 'level': 'error'}",316,same_network,3,300
2026-07-24T22:01:37.824438+00:00,2026-07-24T22:01:38.277000+00:00,logback_events_total,customers-service,10.42.1.126:8080,"{'__name__': 'logback_events_total', 'instance': '10.42.1.126:8080', 'job': 'spring-petclinic', 'level': 'info'}",366,same_network,3,300
2026-07-24T22:01:37.824438+00:00,2026-07-24T22:01:38.277000+00:00,logback_events_total,customers-service,10.42.1.126:8080,"{'__name__': 'logback_events_total', 'instance': '10.42.1.126:8080', 'job': 'spring-petclinic', 'level': 'trace'}",0,same_network,3,300
2026-07-24T22:01:37.824438+00:00,2026-07-24T22:01:38.277000+00:00,logback_events_total,customers-service,10.42.1.126:8080,"{'__name__': 'logback_events_total', 'instance': '10.42.1.126:8080', 'job': 'spring-petclinic', 'level': 'warn'}",15,same_network,3,300
2026-07-24T22:01:37.824438+00:00,2026-07-24T22:01:38.277000+00:00,logback_events_total,api-gateway,10.42.1.129:8080,"{'__name__': 'logback_events_total', 'instance': '10.42.1.129:8080', 'job': 'spring-petclinic', 'level': 'debug'}",0,same_network,3,300
2026-07-24T22:01:37.824438+00:00,2026-07-24T22:01:38.277000+00:00,logback_events_total,api-gateway,10.42.1.129:8080,"{'__name__': 'logback_events_total', 'instance': '10.42.1.129:8080', 'job': 'spring-petclinic', 'level': 'error'}",0,same_network,3,300
2026-07-24T22:01:37.824438+00:00,2026-07-24T22:01:38.277000+00:00,logback_events_total,api-gateway,10.42.1.129:8080,"{'__name__': 'logback_events_total', 'instance': '10.42.1.129:8080', 'job': 'spring-petclinic', 'level': 'info'}",32,same_network,3,300
2026-07-24T22:01:37.824438+00:00,2026-07-24T22:01:38.277000+00:00,logback_events_total,api-gateway,10.42.1.129:8080,"{'__name__': 'logback_events_total', 'instance': '10.42.1.129:8080', 'job': 'spring-petclinic', 'level': 'trace'}",0,same_network,3,300
2026-07-24T22:01:37.824438+00:00,2026-07-24T22:01:38.277000+00:00,logback_events_total,api-gateway,10.42.1.129:8080,"{'__name__': 'logback_events_total', 'instance': '10.42.1.129:8080', 'job': 'spring-petclinic', 'level': 'warn'}",6,same_network,3,300
2026-07-24T22:01:37.824438+00:00,2026-07-24T22:01:38.285000+00:00,process_files_open_files,customers-service,10.42.0.186:8080,"{'__name__': 'process_files_open_files', 'instance': '10.42.0.186:8080', 'job': 'spring-petclinic'}",39,same_network,3,300
2026-07-24T22:01:37.824438+00:00,2026-07-24T22:01:38.285000+00:00,process_files_open_files,api-gateway,10.42.0.187:8080,"{'__name__': 'process_files_open_files', 'instance': '10.42.0.187:8080', 'job': 'spring-petclinic'}",252,same_network,3,300
2026-07-24T22:01:37.824438+00:00,2026-07-24T22:01:38.285000+00:00,process_files_open_files,visits-service,10.42.1.122:8080,"{'__name__': 'process_files_open_files', 'instance': '10.42.1.122:8080', 'job': 'spring-petclinic'}",29,same_network,3,300
2026-07-24T22:01:37.824438+00:00,2026-07-24T22:01:38.285000+00:00,process_files_open_files,vets-service,10.42.1.123:8080,"{'__name__': 'process_files_open_files', 'instance': '10.42.1.123:8080', 'job': 'spring-petclinic'}",40,same_network,3,300
2026-07-24T22:01:37.824438+00:00,2026-07-24T22:01:38.285000+00:00,process_files_open_files,vets-service,10.42.1.124:8080,"{'__name__': 'process_files_open_files', 'instance': '10.42.1.124:8080', 'job': 'spring-petclinic'}",38,same_network,3,300
2026-07-24T22:01:37.824438+00:00,2026-07-24T22:01:38.285000+00:00,process_files_open_files,visits-service,10.42.1.125:8080,"{'__name__': 'process_files_open_files', 'instance': '10.42.1.125:8080', 'job': 'spring-petclinic'}",29,same_network,3,300
2026-07-24T22:01:37.824438+00:00,2026-07-24T22:01:38.285000+00:00,process_files_open_files,customers-service,10.42.1.126:8080,"{'__name__': 'process_files_open_files', 'instance': '10.42.1.126:8080', 'job': 'spring-petclinic'}",40,same_network,3,300
2026-07-24T22:01:37.824438+00:00,2026-07-24T22:01:38.285000+00:00,process_files_open_files,api-gateway,10.42.1.129:8080,"{'__name__': 'process_files_open_files', 'instance': '10.42.1.129:8080', 'job': 'spring-petclinic'}",38,same_network,3,300
2026-07-24T22:01:37.824438+00:00,2026-07-24T22:01:38.290000+00:00,up,customers-service,10.42.0.186:8080,"{'__name__': 'up', 'instance': '10.42.0.186:8080', 'job': 'spring-petclinic'}",1,same_network,3,300
2026-07-24T22:01:37.824438+00:00,2026-07-24T22:01:38.290000+00:00,up,api-gateway,10.42.0.187:8080,"{'__name__': 'up', 'instance': '10.42.0.187:8080', 'job': 'spring-petclinic'}",1,same_network,3,300
2026-07-24T22:01:37.824438+00:00,2026-07-24T22:01:38.290000+00:00,up,visits-service,10.42.1.122:8080,"{'__name__': 'up', 'instance': '10.42.1.122:8080', 'job': 'spring-petclinic'}",1,same_network,3,300
2026-07-24T22:01:37.824438+00:00,2026-07-24T22:01:38.290000+00:00,up,vets-service,10.42.1.123:8080,"{'__name__': 'up', 'instance': '10.42.1.123:8080', 'job': 'spring-petclinic'}",1,same_network,3,300
2026-07-24T22:01:37.824438+00:00,2026-07-24T22:01:38.290000+00:00,up,vets-service,10.42.1.124:8080,"{'__name__': 'up', 'instance': '10.42.1.124:8080', 'job': 'spring-petclinic'}",1,same_network,3,300
2026-07-24T22:01:37.824438+00:00,2026-07-24T22:01:38.290000+00:00,up,visits-service,10.42.1.125:8080,"{'__name__': 'up', 'instance': '10.42.1.125:8080', 'job': 'spring-petclinic'}",1,same_network,3,300
2026-07-24T22:01:37.824438+00:00,2026-07-24T22:01:38.290000+00:00,up,customers-service,10.42.1.126:8080,"{'__name__': 'up', 'instance': '10.42.1.126:8080', 'job': 'spring-petclinic'}",1,same_network,3,300
2026-07-24T22:01:37.824438+00:00,2026-07-24T22:01:38.290000+00:00,up,api-gateway,10.42.1.129:8080,"{'__name__': 'up', 'instance': '10.42.1.129:8080', 'job': 'spring-petclinic'}",1,same_network,3,300
2026-07-24T22:01:37.824438+00:00,2026-07-24T22:01:38.294000+00:00,zipkin_reporter_messages_bytes_total,customers-service,10.42.0.186:8080,"{'__name__': 'zipkin_reporter_messages_bytes_total', 'instance': '10.42.0.186:8080', 'job': 'spring-petclinic'}",598124944,same_network,3,300
2026-07-24T22:01:37.824438+00:00,2026-07-24T22:01:38.294000+00:00,zipkin_reporter_messages_bytes_total,api-gateway,10.42.0.187:8080,"{'__name__': 'zipkin_reporter_messages_bytes_total', 'instance': '10.42.0.187:8080', 'job': 'spring-petclinic'}",1360867013,same_network,3,300
2026-07-24T22:01:37.824438+00:00,2026-07-24T22:01:38.294000+00:00,zipkin_reporter_messages_bytes_total,visits-service,10.42.1.122:8080,"{'__name__': 'zipkin_reporter_messages_bytes_total', 'instance': '10.42.1.122:8080', 'job': 'spring-petclinic'}",135684433,same_network,3,300
2026-07-24T22:01:37.824438+00:00,2026-07-24T22:01:38.294000+00:00,zipkin_reporter_messages_bytes_total,vets-service,10.42.1.123:8080,"{'__name__': 'zipkin_reporter_messages_bytes_total', 'instance': '10.42.1.123:8080', 'job': 'spring-petclinic'}",284417646,same_network,3,300
2026-07-24T22:01:37.824438+00:00,2026-07-24T22:01:38.294000+00:00,zipkin_reporter_messages_bytes_total,vets-service,10.42.1.124:8080,"{'__name__': 'zipkin_reporter_messages_bytes_total', 'instance': '10.42.1.124:8080', 'job': 'spring-petclinic'}",291048520,same_network,3,300
2026-07-24T22:01:37.824438+00:00,2026-07-24T22:01:38.294000+00:00,zipkin_reporter_messages_bytes_total,visits-service,10.42.1.125:8080,"{'__name__': 'zipkin_reporter_messages_bytes_total', 'instance': '10.42.1.125:8080', 'job': 'spring-petclinic'}",132807585,same_network,3,300
2026-07-24T22:01:37.824438+00:00,2026-07-24T22:01:38.294000+00:00,zipkin_reporter_messages_bytes_total,customers-service,10.42.1.126:8080,"{'__name__': 'zipkin_reporter_messages_bytes_total', 'instance': '10.42.1.126:8080', 'job': 'spring-petclinic'}",574438941,same_network,3,300
2026-07-24T22:01:37.824438+00:00,2026-07-24T22:01:38.294000+00:00,zipkin_reporter_messages_bytes_total,api-gateway,10.42.1.129:8080,"{'__name__': 'zipkin_reporter_messages_bytes_total', 'instance': '10.42.1.129:8080', 'job': 'spring-petclinic'}",0,same_network,3,300
2026-07-24T22:01:37.824438+00:00,2026-07-24T22:01:38.299000+00:00,zipkin_reporter_messages_dropped_total,customers-service,10.42.0.186:8080,"{'__name__': 'zipkin_reporter_messages_dropped_total', 'cause': 'ResourceAccessException', 'instance': '10.42.0.186:8080', 'job': 'spring-petclinic'}",81,same_network,3,300
2026-07-24T22:01:37.824438+00:00,2026-07-24T22:01:38.299000+00:00,zipkin_reporter_messages_dropped_total,api-gateway,10.42.0.187:8080,"{'__name__': 'zipkin_reporter_messages_dropped_total', 'cause': 'ResourceAccessException', 'instance': '10.42.0.187:8080', 'job': 'spring-petclinic'}",96,same_network,3,300
2026-07-24T22:01:37.824438+00:00,2026-07-24T22:01:38.299000+00:00,zipkin_reporter_messages_dropped_total,visits-service,10.42.1.122:8080,"{'__name__': 'zipkin_reporter_messages_dropped_total', 'cause': 'ResourceAccessException', 'instance': '10.42.1.122:8080', 'job': 'spring-petclinic'}",95,same_network,3,300
2026-07-24T22:01:37.824438+00:00,2026-07-24T22:01:38.299000+00:00,zipkin_reporter_messages_dropped_total,vets-service,10.42.1.123:8080,"{'__name__': 'zipkin_reporter_messages_dropped_total', 'cause': 'ResourceAccessException', 'instance': '10.42.1.123:8080', 'job': 'spring-petclinic'}",94,same_network,3,300
2026-07-24T22:01:37.824438+00:00,2026-07-24T22:01:38.299000+00:00,zipkin_reporter_messages_dropped_total,vets-service,10.42.1.124:8080,"{'__name__': 'zipkin_reporter_messages_dropped_total', 'cause': 'ResourceAccessException', 'instance': '10.42.1.124:8080', 'job': 'spring-petclinic'}",88,same_network,3,300
2026-07-24T22:01:37.824438+00:00,2026-07-24T22:01:38.299000+00:00,zipkin_reporter_messages_dropped_total,visits-service,10.42.1.125:8080,"{'__name__': 'zipkin_reporter_messages_dropped_total', 'cause': 'ResourceAccessException', 'instance': '10.42.1.125:8080', 'job': 'spring-petclinic'}",91,same_network,3,300
2026-07-24T22:01:37.824438+00:00,2026-07-24T22:01:38.299000+00:00,zipkin_reporter_messages_dropped_total,customers-service,10.42.1.126:8080,"{'__name__': 'zipkin_reporter_messages_dropped_total', 'cause': 'ResourceAccessException', 'instance': '10.42.1.126:8080', 'job': 'spring-petclinic'}",97,same_network,3,300
2026-07-24T22:01:37.824438+00:00,2026-07-24T22:01:38.305000+00:00,zipkin_reporter_messages_total,customers-service,10.42.0.186:8080,"{'__name__': 'zipkin_reporter_messages_total', 'instance': '10.42.0.186:8080', 'job': 'spring-petclinic'}",9529,same_network,3,300
2026-07-24T22:01:37.824438+00:00,2026-07-24T22:01:38.305000+00:00,zipkin_reporter_messages_total,api-gateway,10.42.0.187:8080,"{'__name__': 'zipkin_reporter_messages_total', 'instance': '10.42.0.187:8080', 'job': 'spring-petclinic'}",9536,same_network,3,300
2026-07-24T22:01:37.824438+00:00,2026-07-24T22:01:38.305000+00:00,zipkin_reporter_messages_total,visits-service,10.42.1.122:8080,"{'__name__': 'zipkin_reporter_messages_total', 'instance': '10.42.1.122:8080', 'job': 'spring-petclinic'}",9699,same_network,3,300
2026-07-24T22:01:37.824438+00:00,2026-07-24T22:01:38.305000+00:00,zipkin_reporter_messages_total,vets-service,10.42.1.123:8080,"{'__name__': 'zipkin_reporter_messages_total', 'instance': '10.42.1.123:8080', 'job': 'spring-petclinic'}",9736,same_network,3,300
2026-07-24T22:01:37.824438+00:00,2026-07-24T22:01:38.305000+00:00,zipkin_reporter_messages_total,vets-service,10.42.1.124:8080,"{'__name__': 'zipkin_reporter_messages_total', 'instance': '10.42.1.124:8080', 'job': 'spring-petclinic'}",9748,same_network,3,300
2026-07-24T22:01:37.824438+00:00,2026-07-24T22:01:38.305000+00:00,zipkin_reporter_messages_total,visits-service,10.42.1.125:8080,"{'__name__': 'zipkin_reporter_messages_total', 'instance': '10.42.1.125:8080', 'job': 'spring-petclinic'}",9556,same_network,3,300
2026-07-24T22:01:37.824438+00:00,2026-07-24T22:01:38.305000+00:00,zipkin_reporter_messages_total,customers-service,10.42.1.126:8080,"{'__name__': 'zipkin_reporter_messages_total', 'instance': '10.42.1.126:8080', 'job': 'spring-petclinic'}",9660,same_network,3,300
2026-07-24T22:01:37.824438+00:00,2026-07-24T22:01:38.305000+00:00,zipkin_reporter_messages_total,api-gateway,10.42.1.129:8080,"{'__name__': 'zipkin_reporter_messages_total', 'instance': '10.42.1.129:8080', 'job': 'spring-petclinic'}",0,same_network,3,300
2026-07-24T22:01:37.824438+00:00,2026-07-24T22:01:38.309000+00:00,zipkin_reporter_queue_bytes,customers-service,10.42.0.186:8080,"{'__name__': 'zipkin_reporter_queue_bytes', 'instance': '10.42.0.186:8080', 'job': 'spring-petclinic'}",0,same_network,3,300
2026-07-24T22:01:37.824438+00:00,2026-07-24T22:01:38.309000+00:00,zipkin_reporter_queue_bytes,api-gateway,10.42.0.187:8080,"{'__name__': 'zipkin_reporter_queue_bytes', 'instance': '10.42.0.187:8080', 'job': 'spring-petclinic'}",0,same_network,3,300
2026-07-24T22:01:37.824438+00:00,2026-07-24T22:01:38.309000+00:00,zipkin_reporter_queue_bytes,visits-service,10.42.1.122:8080,"{'__name__': 'zipkin_reporter_queue_bytes', 'instance': '10.42.1.122:8080', 'job': 'spring-petclinic'}",0,same_network,3,300
2026-07-24T22:01:37.824438+00:00,2026-07-24T22:01:38.309000+00:00,zipkin_reporter_queue_bytes,vets-service,10.42.1.123:8080,"{'__name__': 'zipkin_reporter_queue_bytes', 'instance': '10.42.1.123:8080', 'job': 'spring-petclinic'}",0,same_network,3,300
2026-07-24T22:01:37.824438+00:00,2026-07-24T22:01:38.309000+00:00,zipkin_reporter_queue_bytes,vets-service,10.42.1.124:8080,"{'__name__': 'zipkin_reporter_queue_bytes', 'instance': '10.42.1.124:8080', 'job': 'spring-petclinic'}",0,same_network,3,300
2026-07-24T22:01:37.824438+00:00,2026-07-24T22:01:38.309000+00:00,zipkin_reporter_queue_bytes,visits-service,10.42.1.125:8080,"{'__name__': 'zipkin_reporter_queue_bytes', 'instance': '10.42.1.125:8080', 'job': 'spring-petclinic'}",0,same_network,3,300
2026-07-24T22:01:37.824438+00:00,2026-07-24T22:01:38.309000+00:00,zipkin_reporter_queue_bytes,customers-service,10.42.1.126:8080,"{'__name__': 'zipkin_reporter_queue_bytes', 'instance': '10.42.1.126:8080', 'job': 'spring-petclinic'}",0,same_network,3,300
2026-07-24T22:01:37.824438+00:00,2026-07-24T22:01:38.309000+00:00,zipkin_reporter_queue_bytes,api-gateway,10.42.1.129:8080,"{'__name__': 'zipkin_reporter_queue_bytes', 'instance': '10.42.1.129:8080', 'job': 'spring-petclinic'}",0,same_network,3,300
2026-07-24T22:01:37.824438+00:00,2026-07-24T22:01:38.314000+00:00,zipkin_reporter_queue_spans,customers-service,10.42.0.186:8080,"{'__name__': 'zipkin_reporter_queue_spans', 'instance': '10.42.0.186:8080', 'job': 'spring-petclinic'}",0,same_network,3,300
2026-07-24T22:01:37.824438+00:00,2026-07-24T22:01:38.314000+00:00,zipkin_reporter_queue_spans,api-gateway,10.42.0.187:8080,"{'__name__': 'zipkin_reporter_queue_spans', 'instance': '10.42.0.187:8080', 'job': 'spring-petclinic'}",0,same_network,3,300
2026-07-24T22:01:37.824438+00:00,2026-07-24T22:01:38.314000+00:00,zipkin_reporter_queue_spans,visits-service,10.42.1.122:8080,"{'__name__': 'zipkin_reporter_queue_spans', 'instance': '10.42.1.122:8080', 'job': 'spring-petclinic'}",0,same_network,3,300
2026-07-24T22:01:37.824438+00:00,2026-07-24T22:01:38.314000+00:00,zipkin_reporter_queue_spans,vets-service,10.42.1.123:8080,"{'__name__': 'zipkin_reporter_queue_spans', 'instance': '10.42.1.123:8080', 'job': 'spring-petclinic'}",0,same_network,3,300
2026-07-24T22:01:37.824438+00:00,2026-07-24T22:01:38.314000+00:00,zipkin_reporter_queue_spans,vets-service,10.42.1.124:8080,"{'__name__': 'zipkin_reporter_queue_spans', 'instance': '10.42.1.124:8080', 'job': 'spring-petclinic'}",0,same_network,3,300
2026-07-24T22:01:37.824438+00:00,2026-07-24T22:01:38.314000+00:00,zipkin_reporter_queue_spans,visits-service,10.42.1.125:8080,"{'__name__': 'zipkin_reporter_queue_spans', 'instance': '10.42.1.125:8080', 'job': 'spring-petclinic'}",0,same_network,3,300
2026-07-24T22:01:37.824438+00:00,2026-07-24T22:01:38.314000+00:00,zipkin_reporter_queue_spans,customers-service,10.42.1.126:8080,"{'__name__': 'zipkin_reporter_queue_spans', 'instance': '10.42.1.126:8080', 'job': 'spring-petclinic'}",0,same_network,3,300
2026-07-24T22:01:37.824438+00:00,2026-07-24T22:01:38.314000+00:00,zipkin_reporter_queue_spans,api-gateway,10.42.1.129:8080,"{'__name__': 'zipkin_reporter_queue_spans', 'instance': '10.42.1.129:8080', 'job': 'spring-petclinic'}",0,same_network,3,300
2026-07-24T22:01:37.824438+00:00,2026-07-24T22:01:38.319000+00:00,zipkin_reporter_spans_bytes_total,customers-service,10.42.0.186:8080,"{'__name__': 'zipkin_reporter_spans_bytes_total', 'instance': '10.42.0.186:8080', 'job': 'spring-petclinic'}",596935705,same_network,3,300
2026-07-24T22:01:37.824438+00:00,2026-07-24T22:01:38.319000+00:00,zipkin_reporter_spans_bytes_total,api-gateway,10.42.0.187:8080,"{'__name__': 'zipkin_reporter_spans_bytes_total', 'instance': '10.42.0.187:8080', 'job': 'spring-petclinic'}",1358612988,same_network,3,300
2026-07-24T22:01:37.824438+00:00,2026-07-24T22:01:38.319000+00:00,zipkin_reporter_spans_bytes_total,visits-service,10.42.1.122:8080,"{'__name__': 'zipkin_reporter_spans_bytes_total', 'instance': '10.42.1.122:8080', 'job': 'spring-petclinic'}",135387069,same_network,3,300
2026-07-24T22:01:37.824438+00:00,2026-07-24T22:01:38.319000+00:00,zipkin_reporter_spans_bytes_total,vets-service,10.42.1.123:8080,"{'__name__': 'zipkin_reporter_spans_bytes_total', 'instance': '10.42.1.123:8080', 'job': 'spring-petclinic'}",283875402,same_network,3,300
2026-07-24T22:01:37.824438+00:00,2026-07-24T22:01:38.319000+00:00,zipkin_reporter_spans_bytes_total,vets-service,10.42.1.124:8080,"{'__name__': 'zipkin_reporter_spans_bytes_total', 'instance': '10.42.1.124:8080', 'job': 'spring-petclinic'}",290463134,same_network,3,300
2026-07-24T22:01:37.824438+00:00,2026-07-24T22:01:38.319000+00:00,zipkin_reporter_spans_bytes_total,visits-service,10.42.1.125:8080,"{'__name__': 'zipkin_reporter_spans_bytes_total', 'instance': '10.42.1.125:8080', 'job': 'spring-petclinic'}",132514735,same_network,3,300
2026-07-24T22:01:37.824438+00:00,2026-07-24T22:01:38.319000+00:00,zipkin_reporter_spans_bytes_total,customers-service,10.42.1.126:8080,"{'__name__': 'zipkin_reporter_spans_bytes_total', 'instance': '10.42.1.126:8080', 'job': 'spring-petclinic'}",573288720,same_network,3,300
2026-07-24T22:01:37.824438+00:00,2026-07-24T22:01:38.319000+00:00,zipkin_reporter_spans_bytes_total,api-gateway,10.42.1.129:8080,"{'__name__': 'zipkin_reporter_spans_bytes_total', 'instance': '10.42.1.129:8080', 'job': 'spring-petclinic'}",0,same_network,3,300
2026-07-24T22:01:37.824438+00:00,2026-07-24T22:01:38.326000+00:00,zipkin_reporter_spans_dropped_total,customers-service,10.42.0.186:8080,"{'__name__': 'zipkin_reporter_spans_dropped_total', 'instance': '10.42.0.186:8080', 'job': 'spring-petclinic'}",12777,same_network,3,300
2026-07-24T22:01:37.824438+00:00,2026-07-24T22:01:38.326000+00:00,zipkin_reporter_spans_dropped_total,api-gateway,10.42.0.187:8080,"{'__name__': 'zipkin_reporter_spans_dropped_total', 'instance': '10.42.0.187:8080', 'job': 'spring-petclinic'}",64134,same_network,3,300
2026-07-24T22:01:37.824438+00:00,2026-07-24T22:01:38.326000+00:00,zipkin_reporter_spans_dropped_total,visits-service,10.42.1.122:8080,"{'__name__': 'zipkin_reporter_spans_dropped_total', 'instance': '10.42.1.122:8080', 'job': 'spring-petclinic'}",3374,same_network,3,300
2026-07-24T22:01:37.824438+00:00,2026-07-24T22:01:38.326000+00:00,zipkin_reporter_spans_dropped_total,vets-service,10.42.1.123:8080,"{'__name__': 'zipkin_reporter_spans_dropped_total', 'instance': '10.42.1.123:8080', 'job': 'spring-petclinic'}",6497,same_network,3,300
2026-07-24T22:01:37.824438+00:00,2026-07-24T22:01:38.326000+00:00,zipkin_reporter_spans_dropped_total,vets-service,10.42.1.124:8080,"{'__name__': 'zipkin_reporter_spans_dropped_total', 'instance': '10.42.1.124:8080', 'job': 'spring-petclinic'}",6570,same_network,3,300
2026-07-24T22:01:37.824438+00:00,2026-07-24T22:01:38.326000+00:00,zipkin_reporter_spans_dropped_total,visits-service,10.42.1.125:8080,"{'__name__': 'zipkin_reporter_spans_dropped_total', 'instance': '10.42.1.125:8080', 'job': 'spring-petclinic'}",3453,same_network,3,300
2026-07-24T22:01:37.824438+00:00,2026-07-24T22:01:38.326000+00:00,zipkin_reporter_spans_dropped_total,customers-service,10.42.1.126:8080,"{'__name__': 'zipkin_reporter_spans_dropped_total', 'instance': '10.42.1.126:8080', 'job': 'spring-petclinic'}",14592,same_network,3,300
2026-07-24T22:01:37.824438+00:00,2026-07-24T22:01:38.326000+00:00,zipkin_reporter_spans_dropped_total,api-gateway,10.42.1.129:8080,"{'__name__': 'zipkin_reporter_spans_dropped_total', 'instance': '10.42.1.129:8080', 'job': 'spring-petclinic'}",0,same_network,3,300
2026-07-24T22:01:37.824438+00:00,2026-07-24T22:01:38.331000+00:00,zipkin_reporter_spans_total,customers-service,10.42.0.186:8080,"{'__name__': 'zipkin_reporter_spans_total', 'instance': '10.42.0.186:8080', 'job': 'spring-petclinic'}",1190740,same_network,3,300
2026-07-24T22:01:37.824438+00:00,2026-07-24T22:01:38.331000+00:00,zipkin_reporter_spans_total,api-gateway,10.42.0.187:8080,"{'__name__': 'zipkin_reporter_spans_total', 'instance': '10.42.0.187:8080', 'job': 'spring-petclinic'}",4568527,same_network,3,300
2026-07-24T22:01:37.824438+00:00,2026-07-24T22:01:38.331000+00:00,zipkin_reporter_spans_total,visits-service,10.42.1.122:8080,"{'__name__': 'zipkin_reporter_spans_total', 'instance': '10.42.1.122:8080', 'job': 'spring-petclinic'}",292766,same_network,3,300
2026-07-24T22:01:37.824438+00:00,2026-07-24T22:01:38.331000+00:00,zipkin_reporter_spans_total,vets-service,10.42.1.123:8080,"{'__name__': 'zipkin_reporter_spans_total', 'instance': '10.42.1.123:8080', 'job': 'spring-petclinic'}",572308,same_network,3,300
2026-07-24T22:01:37.824438+00:00,2026-07-24T22:01:38.331000+00:00,zipkin_reporter_spans_total,vets-service,10.42.1.124:8080,"{'__name__': 'zipkin_reporter_spans_total', 'instance': '10.42.1.124:8080', 'job': 'spring-petclinic'}",585588,same_network,3,300
2026-07-24T22:01:37.824438+00:00,2026-07-24T22:01:38.331000+00:00,zipkin_reporter_spans_total,visits-service,10.42.1.125:8080,"{'__name__': 'zipkin_reporter_spans_total', 'instance': '10.42.1.125:8080', 'job': 'spring-petclinic'}",286540,same_network,3,300
2026-07-24T22:01:37.824438+00:00,2026-07-24T22:01:38.331000+00:00,zipkin_reporter_spans_total,customers-service,10.42.1.126:8080,"{'__name__': 'zipkin_reporter_spans_total', 'instance': '10.42.1.126:8080', 'job': 'spring-petclinic'}",1143568,same_network,3,300
2026-07-24T22:01:37.824438+00:00,2026-07-24T22:01:38.331000+00:00,zipkin_reporter_spans_total,api-gateway,10.42.1.129:8080,"{'__name__': 'zipkin_reporter_spans_total', 'instance': '10.42.1.129:8080', 'job': 'spring-petclinic'}",0,same_network,3,300
2026-07-24T22:02:37.828546+00:00,2026-07-24T22:02:37.836000+00:00,process_cpu_usage,customers-service,10.42.0.186:8080,"{'__name__': 'process_cpu_usage', 'instance': '10.42.0.186:8080', 'job': 'spring-petclinic'}",0.06176095278604849,same_network,3,300
2026-07-24T22:02:37.828546+00:00,2026-07-24T22:02:37.836000+00:00,process_cpu_usage,api-gateway,10.42.0.187:8080,"{'__name__': 'process_cpu_usage', 'instance': '10.42.0.187:8080', 'job': 'spring-petclinic'}",0.08548893223645153,same_network,3,300
2026-07-24T22:02:37.828546+00:00,2026-07-24T22:02:37.836000+00:00,process_cpu_usage,visits-service,10.42.1.122:8080,"{'__name__': 'process_cpu_usage', 'instance': '10.42.1.122:8080', 'job': 'spring-petclinic'}",0.007446308198777238,same_network,3,300
2026-07-24T22:02:37.828546+00:00,2026-07-24T22:02:37.836000+00:00,process_cpu_usage,vets-service,10.42.1.123:8080,"{'__name__': 'process_cpu_usage', 'instance': '10.42.1.123:8080', 'job': 'spring-petclinic'}",0.02113948919449902,same_network,3,300
2026-07-24T22:02:37.828546+00:00,2026-07-24T22:02:37.836000+00:00,process_cpu_usage,vets-service,10.42.1.124:8080,"{'__name__': 'process_cpu_usage', 'instance': '10.42.1.124:8080', 'job': 'spring-petclinic'}",0.017393357468912324,same_network,3,300
2026-07-24T22:02:37.828546+00:00,2026-07-24T22:02:37.836000+00:00,process_cpu_usage,visits-service,10.42.1.125:8080,"{'__name__': 'process_cpu_usage', 'instance': '10.42.1.125:8080', 'job': 'spring-petclinic'}",0.009641765305322568,same_network,3,300
2026-07-24T22:02:37.828546+00:00,2026-07-24T22:02:37.836000+00:00,process_cpu_usage,customers-service,10.42.1.126:8080,"{'__name__': 'process_cpu_usage', 'instance': '10.42.1.126:8080', 'job': 'spring-petclinic'}",0.039867893371078086,same_network,3,300
2026-07-24T22:02:37.828546+00:00,2026-07-24T22:02:37.836000+00:00,process_cpu_usage,api-gateway,10.42.1.129:8080,"{'__name__': 'process_cpu_usage', 'instance': '10.42.1.129:8080', 'job': 'spring-petclinic'}",0.1022807986741378,same_network,3,300
2026-07-24T22:02:37.828546+00:00,2026-07-24T22:02:37.844000+00:00,system_cpu_usage,customers-service,10.42.0.186:8080,"{'__name__': 'system_cpu_usage', 'instance': '10.42.0.186:8080', 'job': 'spring-petclinic'}",0.061797174948944864,same_network,3,300
2026-07-24T22:02:37.828546+00:00,2026-07-24T22:02:37.844000+00:00,system_cpu_usage,api-gateway,10.42.0.187:8080,"{'__name__': 'system_cpu_usage', 'instance': '10.42.0.187:8080', 'job': 'spring-petclinic'}",0.08547340118744699,same_network,3,300
2026-07-24T22:02:37.828546+00:00,2026-07-24T22:02:37.844000+00:00,system_cpu_usage,visits-service,10.42.1.122:8080,"{'__name__': 'system_cpu_usage', 'instance': '10.42.1.122:8080', 'job': 'spring-petclinic'}",0.007436572346762815,same_network,3,300
2026-07-24T22:02:37.828546+00:00,2026-07-24T22:02:37.844000+00:00,system_cpu_usage,vets-service,10.42.1.123:8080,"{'__name__': 'system_cpu_usage', 'instance': '10.42.1.123:8080', 'job': 'spring-petclinic'}",0.021111999057048563,same_network,3,300
2026-07-24T22:02:37.828546+00:00,2026-07-24T22:02:37.844000+00:00,system_cpu_usage,vets-service,10.42.1.124:8080,"{'__name__': 'system_cpu_usage', 'instance': '10.42.1.124:8080', 'job': 'spring-petclinic'}",0.01740442555870318,same_network,3,300
2026-07-24T22:02:37.828546+00:00,2026-07-24T22:02:37.844000+00:00,system_cpu_usage,visits-service,10.42.1.125:8080,"{'__name__': 'system_cpu_usage', 'instance': '10.42.1.125:8080', 'job': 'spring-petclinic'}",0.009648549031904053,same_network,3,300
2026-07-24T22:02:37.828546+00:00,2026-07-24T22:02:37.844000+00:00,system_cpu_usage,customers-service,10.42.1.126:8080,"{'__name__': 'system_cpu_usage', 'instance': '10.42.1.126:8080', 'job': 'spring-petclinic'}",0.03985650495360906,same_network,3,300
2026-07-24T22:02:37.828546+00:00,2026-07-24T22:02:37.844000+00:00,system_cpu_usage,api-gateway,10.42.1.129:8080,"{'__name__': 'system_cpu_usage', 'instance': '10.42.1.129:8080', 'job': 'spring-petclinic'}",0.10222623786599322,same_network,3,300
2026-07-24T22:02:37.828546+00:00,2026-07-24T22:02:37.853000+00:00,process_uptime_seconds,customers-service,10.42.0.186:8080,"{'__name__': 'process_uptime_seconds', 'instance': '10.42.0.186:8080', 'job': 'spring-petclinic'}",12943.164,same_network,3,300
2026-07-24T22:02:37.828546+00:00,2026-07-24T22:02:37.853000+00:00,process_uptime_seconds,api-gateway,10.42.0.187:8080,"{'__name__': 'process_uptime_seconds', 'instance': '10.42.0.187:8080', 'job': 'spring-petclinic'}",12939.049,same_network,3,300
2026-07-24T22:02:37.828546+00:00,2026-07-24T22:02:37.853000+00:00,process_uptime_seconds,visits-service,10.42.1.122:8080,"{'__name__': 'process_uptime_seconds', 'instance': '10.42.1.122:8080', 'job': 'spring-petclinic'}",17110.195,same_network,3,300
2026-07-24T22:02:37.828546+00:00,2026-07-24T22:02:37.853000+00:00,process_uptime_seconds,vets-service,10.42.1.123:8080,"{'__name__': 'process_uptime_seconds', 'instance': '10.42.1.123:8080', 'job': 'spring-petclinic'}",17111.495,same_network,3,300
2026-07-24T22:02:37.828546+00:00,2026-07-24T22:02:37.853000+00:00,process_uptime_seconds,vets-service,10.42.1.124:8080,"{'__name__': 'process_uptime_seconds', 'instance': '10.42.1.124:8080', 'job': 'spring-petclinic'}",16978.95,same_network,3,300
2026-07-24T22:02:37.828546+00:00,2026-07-24T22:02:37.853000+00:00,process_uptime_seconds,visits-service,10.42.1.125:8080,"{'__name__': 'process_uptime_seconds', 'instance': '10.42.1.125:8080', 'job': 'spring-petclinic'}",16969.592,same_network,3,300
2026-07-24T22:02:37.828546+00:00,2026-07-24T22:02:37.853000+00:00,process_uptime_seconds,customers-service,10.42.1.126:8080,"{'__name__': 'process_uptime_seconds', 'instance': '10.42.1.126:8080', 'job': 'spring-petclinic'}",16912.927,same_network,3,300
2026-07-24T22:02:37.828546+00:00,2026-07-24T22:02:37.853000+00:00,process_uptime_seconds,api-gateway,10.42.1.129:8080,"{'__name__': 'process_uptime_seconds', 'instance': '10.42.1.129:8080', 'job': 'spring-petclinic'}",210.821,same_network,3,300
2026-07-24T22:02:37.828546+00:00,2026-07-24T22:02:37.858000+00:00,system_load_average_1m,customers-service,10.42.0.186:8080,"{'__name__': 'system_load_average_1m', 'instance': '10.42.0.186:8080', 'job': 'spring-petclinic'}",2.86279296875,same_network,3,300
2026-07-24T22:02:37.828546+00:00,2026-07-24T22:02:37.858000+00:00,system_load_average_1m,api-gateway,10.42.0.187:8080,"{'__name__': 'system_load_average_1m', 'instance': '10.42.0.187:8080', 'job': 'spring-petclinic'}",2.86279296875,same_network,3,300
2026-07-24T22:02:37.828546+00:00,2026-07-24T22:02:37.858000+00:00,system_load_average_1m,visits-service,10.42.1.122:8080,"{'__name__': 'system_load_average_1m', 'instance': '10.42.1.122:8080', 'job': 'spring-petclinic'}",3.41650390625,same_network,3,300
2026-07-24T22:02:37.828546+00:00,2026-07-24T22:02:37.858000+00:00,system_load_average_1m,vets-service,10.42.1.123:8080,"{'__name__': 'system_load_average_1m', 'instance': '10.42.1.123:8080', 'job': 'spring-petclinic'}",3.41650390625,same_network,3,300
2026-07-24T22:02:37.828546+00:00,2026-07-24T22:02:37.858000+00:00,system_load_average_1m,vets-service,10.42.1.124:8080,"{'__name__': 'system_load_average_1m', 'instance': '10.42.1.124:8080', 'job': 'spring-petclinic'}",3.365234375,same_network,3,300
2026-07-24T22:02:37.828546+00:00,2026-07-24T22:02:37.858000+00:00,system_load_average_1m,visits-service,10.42.1.125:8080,"{'__name__': 'system_load_average_1m', 'instance': '10.42.1.125:8080', 'job': 'spring-petclinic'}",3.365234375,same_network,3,300
2026-07-24T22:02:37.828546+00:00,2026-07-24T22:02:37.858000+00:00,system_load_average_1m,customers-service,10.42.1.126:8080,"{'__name__': 'system_load_average_1m', 'instance': '10.42.1.126:8080', 'job': 'spring-petclinic'}",3.365234375,same_network,3,300
2026-07-24T22:02:37.828546+00:00,2026-07-24T22:02:37.858000+00:00,system_load_average_1m,api-gateway,10.42.1.129:8080,"{'__name__': 'system_load_average_1m', 'instance': '10.42.1.129:8080', 'job': 'spring-petclinic'}",3.1357421875,same_network,3,300
2026-07-24T22:02:37.828546+00:00,2026-07-24T22:02:37.862000+00:00,jvm_memory_used_bytes,api-gateway,10.42.0.187:8080,"{'__name__': 'jvm_memory_used_bytes', 'area': 'heap', 'id': 'Eden Space', 'instance': '10.42.0.187:8080', 'job': 'spring-petclinic'}",22263224,same_network,3,300
2026-07-24T22:02:37.828546+00:00,2026-07-24T22:02:37.862000+00:00,jvm_memory_used_bytes,api-gateway,10.42.1.129:8080,"{'__name__': 'jvm_memory_used_bytes', 'area': 'heap', 'id': 'Eden Space', 'instance': '10.42.1.129:8080', 'job': 'spring-petclinic'}",10518048,same_network,3,300
2026-07-24T22:02:37.828546+00:00,2026-07-24T22:02:37.862000+00:00,jvm_memory_used_bytes,customers-service,10.42.0.186:8080,"{'__name__': 'jvm_memory_used_bytes', 'area': 'heap', 'id': 'G1 Eden Space', 'instance': '10.42.0.186:8080', 'job': 'spring-petclinic'}",197132288,same_network,3,300
2026-07-24T22:02:37.828546+00:00,2026-07-24T22:02:37.862000+00:00,jvm_memory_used_bytes,visits-service,10.42.1.122:8080,"{'__name__': 'jvm_memory_used_bytes', 'area': 'heap', 'id': 'G1 Eden Space', 'instance': '10.42.1.122:8080', 'job': 'spring-petclinic'}",171966464,same_network,3,300
2026-07-24T22:02:37.828546+00:00,2026-07-24T22:02:37.862000+00:00,jvm_memory_used_bytes,vets-service,10.42.1.123:8080,"{'__name__': 'jvm_memory_used_bytes', 'area': 'heap', 'id': 'G1 Eden Space', 'instance': '10.42.1.123:8080', 'job': 'spring-petclinic'}",226492416,same_network,3,300
2026-07-24T22:02:37.828546+00:00,2026-07-24T22:02:37.862000+00:00,jvm_memory_used_bytes,vets-service,10.42.1.124:8080,"{'__name__': 'jvm_memory_used_bytes', 'area': 'heap', 'id': 'G1 Eden Space', 'instance': '10.42.1.124:8080', 'job': 'spring-petclinic'}",92274688,same_network,3,300
2026-07-24T22:02:37.828546+00:00,2026-07-24T22:02:37.862000+00:00,jvm_memory_used_bytes,visits-service,10.42.1.125:8080,"{'__name__': 'jvm_memory_used_bytes', 'area': 'heap', 'id': 'G1 Eden Space', 'instance': '10.42.1.125:8080', 'job': 'spring-petclinic'}",104857600,same_network,3,300
2026-07-24T22:02:37.828546+00:00,2026-07-24T22:02:37.862000+00:00,jvm_memory_used_bytes,customers-service,10.42.1.126:8080,"{'__name__': 'jvm_memory_used_bytes', 'area': 'heap', 'id': 'G1 Eden Space', 'instance': '10.42.1.126:8080', 'job': 'spring-petclinic'}",83886080,same_network,3,300
2026-07-24T22:02:37.828546+00:00,2026-07-24T22:02:37.862000+00:00,jvm_memory_used_bytes,customers-service,10.42.0.186:8080,"{'__name__': 'jvm_memory_used_bytes', 'area': 'heap', 'id': 'G1 Old Gen', 'instance': '10.42.0.186:8080', 'job': 'spring-petclinic'}",166750720,same_network,3,300
2026-07-24T22:02:37.828546+00:00,2026-07-24T22:02:37.862000+00:00,jvm_memory_used_bytes,visits-service,10.42.1.122:8080,"{'__name__': 'jvm_memory_used_bytes', 'area': 'heap', 'id': 'G1 Old Gen', 'instance': '10.42.1.122:8080', 'job': 'spring-petclinic'}",70224896,same_network,3,300
2026-07-24T22:02:37.828546+00:00,2026-07-24T22:02:37.862000+00:00,jvm_memory_used_bytes,vets-service,10.42.1.123:8080,"{'__name__': 'jvm_memory_used_bytes', 'area': 'heap', 'id': 'G1 Old Gen', 'instance': '10.42.1.123:8080', 'job': 'spring-petclinic'}",95375360,same_network,3,300
2026-07-24T22:02:37.828546+00:00,2026-07-24T22:02:37.862000+00:00,jvm_memory_used_bytes,vets-service,10.42.1.124:8080,"{'__name__': 'jvm_memory_used_bytes', 'area': 'heap', 'id': 'G1 Old Gen', 'instance': '10.42.1.124:8080', 'job': 'spring-petclinic'}",115483136,same_network,3,300
2026-07-24T22:02:37.828546+00:00,2026-07-24T22:02:37.862000+00:00,jvm_memory_used_bytes,visits-service,10.42.1.125:8080,"{'__name__': 'jvm_memory_used_bytes', 'area': 'heap', 'id': 'G1 Old Gen', 'instance': '10.42.1.125:8080', 'job': 'spring-petclinic'}",86800384,same_network,3,300
2026-07-24T22:02:37.828546+00:00,2026-07-24T22:02:37.862000+00:00,jvm_memory_used_bytes,customers-service,10.42.1.126:8080,"{'__name__': 'jvm_memory_used_bytes', 'area': 'heap', 'id': 'G1 Old Gen', 'instance': '10.42.1.126:8080', 'job': 'spring-petclinic'}",114823168,same_network,3,300
2026-07-24T22:02:37.828546+00:00,2026-07-24T22:02:37.862000+00:00,jvm_memory_used_bytes,customers-service,10.42.0.186:8080,"{'__name__': 'jvm_memory_used_bytes', 'area': 'heap', 'id': 'G1 Survivor Space', 'instance': '10.42.0.186:8080', 'job': 'spring-petclinic'}",11891328,same_network,3,300
2026-07-24T22:02:37.828546+00:00,2026-07-24T22:02:37.862000+00:00,jvm_memory_used_bytes,visits-service,10.42.1.122:8080,"{'__name__': 'jvm_memory_used_bytes', 'area': 'heap', 'id': 'G1 Survivor Space', 'instance': '10.42.1.122:8080', 'job': 'spring-petclinic'}",13542264,same_network,3,300
2026-07-24T22:02:37.828546+00:00,2026-07-24T22:02:37.862000+00:00,jvm_memory_used_bytes,vets-service,10.42.1.123:8080,"{'__name__': 'jvm_memory_used_bytes', 'area': 'heap', 'id': 'G1 Survivor Space', 'instance': '10.42.1.123:8080', 'job': 'spring-petclinic'}",9427088,same_network,3,300
2026-07-24T22:02:37.828546+00:00,2026-07-24T22:02:37.862000+00:00,jvm_memory_used_bytes,vets-service,10.42.1.124:8080,"{'__name__': 'jvm_memory_used_bytes', 'area': 'heap', 'id': 'G1 Survivor Space', 'instance': '10.42.1.124:8080', 'job': 'spring-petclinic'}",8564816,same_network,3,300
2026-07-24T22:02:37.828546+00:00,2026-07-24T22:02:37.862000+00:00,jvm_memory_used_bytes,visits-service,10.42.1.125:8080,"{'__name__': 'jvm_memory_used_bytes', 'area': 'heap', 'id': 'G1 Survivor Space', 'instance': '10.42.1.125:8080', 'job': 'spring-petclinic'}",7997488,same_network,3,300
2026-07-24T22:02:37.828546+00:00,2026-07-24T22:02:37.862000+00:00,jvm_memory_used_bytes,customers-service,10.42.1.126:8080,"{'__name__': 'jvm_memory_used_bytes', 'area': 'heap', 'id': 'G1 Survivor Space', 'instance': '10.42.1.126:8080', 'job': 'spring-petclinic'}",11557280,same_network,3,300
2026-07-24T22:02:37.828546+00:00,2026-07-24T22:02:37.862000+00:00,jvm_memory_used_bytes,api-gateway,10.42.0.187:8080,"{'__name__': 'jvm_memory_used_bytes', 'area': 'heap', 'id': 'Survivor Space', 'instance': '10.42.0.187:8080', 'job': 'spring-petclinic'}",4293328,same_network,3,300
2026-07-24T22:02:37.828546+00:00,2026-07-24T22:02:37.862000+00:00,jvm_memory_used_bytes,api-gateway,10.42.1.129:8080,"{'__name__': 'jvm_memory_used_bytes', 'area': 'heap', 'id': 'Survivor Space', 'instance': '10.42.1.129:8080', 'job': 'spring-petclinic'}",2211632,same_network,3,300
2026-07-24T22:02:37.828546+00:00,2026-07-24T22:02:37.862000+00:00,jvm_memory_used_bytes,api-gateway,10.42.0.187:8080,"{'__name__': 'jvm_memory_used_bytes', 'area': 'heap', 'id': 'Tenured Gen', 'instance': '10.42.0.187:8080', 'job': 'spring-petclinic'}",174059528,same_network,3,300
2026-07-24T22:02:37.828546+00:00,2026-07-24T22:02:37.862000+00:00,jvm_memory_used_bytes,api-gateway,10.42.1.129:8080,"{'__name__': 'jvm_memory_used_bytes', 'area': 'heap', 'id': 'Tenured Gen', 'instance': '10.42.1.129:8080', 'job': 'spring-petclinic'}",86501632,same_network,3,300
2026-07-24T22:02:37.828546+00:00,2026-07-24T22:02:37.862000+00:00,jvm_memory_used_bytes,customers-service,10.42.0.186:8080,"{'__name__': 'jvm_memory_used_bytes', 'area': 'nonheap', 'id': ""CodeHeap 'non-nmethods'"", 'instance': '10.42.0.186:8080', 'job': 'spring-petclinic'}",1417344,same_network,3,300
2026-07-24T22:02:37.828546+00:00,2026-07-24T22:02:37.862000+00:00,jvm_memory_used_bytes,api-gateway,10.42.0.187:8080,"{'__name__': 'jvm_memory_used_bytes', 'area': 'nonheap', 'id': ""CodeHeap 'non-nmethods'"", 'instance': '10.42.0.187:8080', 'job': 'spring-petclinic'}",1391744,same_network,3,300
2026-07-24T22:02:37.828546+00:00,2026-07-24T22:02:37.862000+00:00,jvm_memory_used_bytes,visits-service,10.42.1.122:8080,"{'__name__': 'jvm_memory_used_bytes', 'area': 'nonheap', 'id': ""CodeHeap 'non-nmethods'"", 'instance': '10.42.1.122:8080', 'job': 'spring-petclinic'}",1408384,same_network,3,300
2026-07-24T22:02:37.828546+00:00,2026-07-24T22:02:37.862000+00:00,jvm_memory_used_bytes,vets-service,10.42.1.123:8080,"{'__name__': 'jvm_memory_used_bytes', 'area': 'nonheap', 'id': ""CodeHeap 'non-nmethods'"", 'instance': '10.42.1.123:8080', 'job': 'spring-petclinic'}",1421312,same_network,3,300
2026-07-24T22:02:37.828546+00:00,2026-07-24T22:02:37.862000+00:00,jvm_memory_used_bytes,vets-service,10.42.1.124:8080,"{'__name__': 'jvm_memory_used_bytes', 'area': 'nonheap', 'id': ""CodeHeap 'non-nmethods'"", 'instance': '10.42.1.124:8080', 'job': 'spring-petclinic'}",1421184,same_network,3,300
2026-07-24T22:02:37.828546+00:00,2026-07-24T22:02:37.862000+00:00,jvm_memory_used_bytes,visits-service,10.42.1.125:8080,"{'__name__': 'jvm_memory_used_bytes', 'area': 'nonheap', 'id': ""CodeHeap 'non-nmethods'"", 'instance': '10.42.1.125:8080', 'job': 'spring-petclinic'}",1406592,same_network,3,300
2026-07-24T22:02:37.828546+00:00,2026-07-24T22:02:37.862000+00:00,jvm_memory_used_bytes,customers-service,10.42.1.126:8080,"{'__name__': 'jvm_memory_used_bytes', 'area': 'nonheap', 'id': ""CodeHeap 'non-nmethods'"", 'instance': '10.42.1.126:8080', 'job': 'spring-petclinic'}",1419136,same_network,3,300
2026-07-24T22:02:37.828546+00:00,2026-07-24T22:02:37.862000+00:00,jvm_memory_used_bytes,api-gateway,10.42.1.129:8080,"{'__name__': 'jvm_memory_used_bytes', 'area': 'nonheap', 'id': ""CodeHeap 'non-nmethods'"", 'instance': '10.42.1.129:8080', 'job': 'spring-petclinic'}",1390464,same_network,3,300
2026-07-24T22:02:37.828546+00:00,2026-07-24T22:02:37.862000+00:00,jvm_memory_used_bytes,customers-service,10.42.0.186:8080,"{'__name__': 'jvm_memory_used_bytes', 'area': 'nonheap', 'id': ""CodeHeap 'non-profiled nmethods'"", 'instance': '10.42.0.186:8080', 'job': 'spring-petclinic'}",20732288,same_network,3,300
2026-07-24T22:02:37.828546+00:00,2026-07-24T22:02:37.862000+00:00,jvm_memory_used_bytes,api-gateway,10.42.0.187:8080,"{'__name__': 'jvm_memory_used_bytes', 'area': 'nonheap', 'id': ""CodeHeap 'non-profiled nmethods'"", 'instance': '10.42.0.187:8080', 'job': 'spring-petclinic'}",18124544,same_network,3,300
2026-07-24T22:02:37.828546+00:00,2026-07-24T22:02:37.862000+00:00,jvm_memory_used_bytes,visits-service,10.42.1.122:8080,"{'__name__': 'jvm_memory_used_bytes', 'area': 'nonheap', 'id': ""CodeHeap 'non-profiled nmethods'"", 'instance': '10.42.1.122:8080', 'job': 'spring-petclinic'}",17452544,same_network,3,300
2026-07-24T22:02:37.828546+00:00,2026-07-24T22:02:37.862000+00:00,jvm_memory_used_bytes,vets-service,10.42.1.123:8080,"{'__name__': 'jvm_memory_used_bytes', 'area': 'nonheap', 'id': ""CodeHeap 'non-profiled nmethods'"", 'instance': '10.42.1.123:8080', 'job': 'spring-petclinic'}",18944640,same_network,3,300
2026-07-24T22:02:37.828546+00:00,2026-07-24T22:02:37.862000+00:00,jvm_memory_used_bytes,vets-service,10.42.1.124:8080,"{'__name__': 'jvm_memory_used_bytes', 'area': 'nonheap', 'id': ""CodeHeap 'non-profiled nmethods'"", 'instance': '10.42.1.124:8080', 'job': 'spring-petclinic'}",19862912,same_network,3,300
2026-07-24T22:02:37.828546+00:00,2026-07-24T22:02:37.862000+00:00,jvm_memory_used_bytes,visits-service,10.42.1.125:8080,"{'__name__': 'jvm_memory_used_bytes', 'area': 'nonheap', 'id': ""CodeHeap 'non-profiled nmethods'"", 'instance': '10.42.1.125:8080', 'job': 'spring-petclinic'}",17022592,same_network,3,300
2026-07-24T22:02:37.828546+00:00,2026-07-24T22:02:37.862000+00:00,jvm_memory_used_bytes,customers-service,10.42.1.126:8080,"{'__name__': 'jvm_memory_used_bytes', 'area': 'nonheap', 'id': ""CodeHeap 'non-profiled nmethods'"", 'instance': '10.42.1.126:8080', 'job': 'spring-petclinic'}",20677248,same_network,3,300
2026-07-24T22:02:37.828546+00:00,2026-07-24T22:02:37.862000+00:00,jvm_memory_used_bytes,api-gateway,10.42.1.129:8080,"{'__name__': 'jvm_memory_used_bytes', 'area': 'nonheap', 'id': ""CodeHeap 'non-profiled nmethods'"", 'instance': '10.42.1.129:8080', 'job': 'spring-petclinic'}",10120064,same_network,3,300
2026-07-24T22:02:37.828546+00:00,2026-07-24T22:02:37.862000+00:00,jvm_memory_used_bytes,customers-service,10.42.0.186:8080,"{'__name__': 'jvm_memory_used_bytes', 'area': 'nonheap', 'id': ""CodeHeap 'profiled nmethods'"", 'instance': '10.42.0.186:8080', 'job': 'spring-petclinic'}",23045376,same_network,3,300
2026-07-24T22:02:37.828546+00:00,2026-07-24T22:02:37.862000+00:00,jvm_memory_used_bytes,api-gateway,10.42.0.187:8080,"{'__name__': 'jvm_memory_used_bytes', 'area': 'nonheap', 'id': ""CodeHeap 'profiled nmethods'"", 'instance': '10.42.0.187:8080', 'job': 'spring-petclinic'}",23368320,same_network,3,300
2026-07-24T22:02:37.828546+00:00,2026-07-24T22:02:37.862000+00:00,jvm_memory_used_bytes,visits-service,10.42.1.122:8080,"{'__name__': 'jvm_memory_used_bytes', 'area': 'nonheap', 'id': ""CodeHeap 'profiled nmethods'"", 'instance': '10.42.1.122:8080', 'job': 'spring-petclinic'}",22336384,same_network,3,300
2026-07-24T22:02:37.828546+00:00,2026-07-24T22:02:37.862000+00:00,jvm_memory_used_bytes,vets-service,10.42.1.123:8080,"{'__name__': 'jvm_memory_used_bytes', 'area': 'nonheap', 'id': ""CodeHeap 'profiled nmethods'"", 'instance': '10.42.1.123:8080', 'job': 'spring-petclinic'}",24181120,same_network,3,300
2026-07-24T22:02:37.828546+00:00,2026-07-24T22:02:37.862000+00:00,jvm_memory_used_bytes,vets-service,10.42.1.124:8080,"{'__name__': 'jvm_memory_used_bytes', 'area': 'nonheap', 'id': ""CodeHeap 'profiled nmethods'"", 'instance': '10.42.1.124:8080', 'job': 'spring-petclinic'}",24022784,same_network,3,300
2026-07-24T22:02:37.828546+00:00,2026-07-24T22:02:37.862000+00:00,jvm_memory_used_bytes,visits-service,10.42.1.125:8080,"{'__name__': 'jvm_memory_used_bytes', 'area': 'nonheap', 'id': ""CodeHeap 'profiled nmethods'"", 'instance': '10.42.1.125:8080', 'job': 'spring-petclinic'}",21801344,same_network,3,300
2026-07-24T22:02:37.828546+00:00,2026-07-24T22:02:37.862000+00:00,jvm_memory_used_bytes,customers-service,10.42.1.126:8080,"{'__name__': 'jvm_memory_used_bytes', 'area': 'nonheap', 'id': ""CodeHeap 'profiled nmethods'"", 'instance': '10.42.1.126:8080', 'job': 'spring-petclinic'}",25359872,same_network,3,300
2026-07-24T22:02:37.828546+00:00,2026-07-24T22:02:37.862000+00:00,jvm_memory_used_bytes,api-gateway,10.42.1.129:8080,"{'__name__': 'jvm_memory_used_bytes', 'area': 'nonheap', 'id': ""CodeHeap 'profiled nmethods'"", 'instance': '10.42.1.129:8080', 'job': 'spring-petclinic'}",21448960,same_network,3,300
2026-07-24T22:02:37.828546+00:00,2026-07-24T22:02:37.862000+00:00,jvm_memory_used_bytes,customers-service,10.42.0.186:8080,"{'__name__': 'jvm_memory_used_bytes', 'area': 'nonheap', 'id': 'Compressed Class Space', 'instance': '10.42.0.186:8080', 'job': 'spring-petclinic'}",11546560,same_network,3,300
2026-07-24T22:02:37.828546+00:00,2026-07-24T22:02:37.862000+00:00,jvm_memory_used_bytes,api-gateway,10.42.0.187:8080,"{'__name__': 'jvm_memory_used_bytes', 'area': 'nonheap', 'id': 'Compressed Class Space', 'instance': '10.42.0.187:8080', 'job': 'spring-petclinic'}",9088144,same_network,3,300
2026-07-24T22:02:37.828546+00:00,2026-07-24T22:02:37.862000+00:00,jvm_memory_used_bytes,visits-service,10.42.1.122:8080,"{'__name__': 'jvm_memory_used_bytes', 'area': 'nonheap', 'id': 'Compressed Class Space', 'instance': '10.42.1.122:8080', 'job': 'spring-petclinic'}",11336592,same_network,3,300
2026-07-24T22:02:37.828546+00:00,2026-07-24T22:02:37.862000+00:00,jvm_memory_used_bytes,vets-service,10.42.1.123:8080,"{'__name__': 'jvm_memory_used_bytes', 'area': 'nonheap', 'id': 'Compressed Class Space', 'instance': '10.42.1.123:8080', 'job': 'spring-petclinic'}",11433560,same_network,3,300
2026-07-24T22:02:37.828546+00:00,2026-07-24T22:02:37.862000+00:00,jvm_memory_used_bytes,vets-service,10.42.1.124:8080,"{'__name__': 'jvm_memory_used_bytes', 'area': 'nonheap', 'id': 'Compressed Class Space', 'instance': '10.42.1.124:8080', 'job': 'spring-petclinic'}",11416720,same_network,3,300
2026-07-24T22:02:37.828546+00:00,2026-07-24T22:02:37.862000+00:00,jvm_memory_used_bytes,visits-service,10.42.1.125:8080,"{'__name__': 'jvm_memory_used_bytes', 'area': 'nonheap', 'id': 'Compressed Class Space', 'instance': '10.42.1.125:8080', 'job': 'spring-petclinic'}",11356112,same_network,3,300
2026-07-24T22:02:37.828546+00:00,2026-07-24T22:02:37.862000+00:00,jvm_memory_used_bytes,customers-service,10.42.1.126:8080,"{'__name__': 'jvm_memory_used_bytes', 'area': 'nonheap', 'id': 'Compressed Class Space', 'instance': '10.42.1.126:8080', 'job': 'spring-petclinic'}",11512648,same_network,3,300
2026-07-24T22:02:37.828546+00:00,2026-07-24T22:02:37.862000+00:00,jvm_memory_used_bytes,api-gateway,10.42.1.129:8080,"{'__name__': 'jvm_memory_used_bytes', 'area': 'nonheap', 'id': 'Compressed Class Space', 'instance': '10.42.1.129:8080', 'job': 'spring-petclinic'}",9106392,same_network,3,300
2026-07-24T22:02:37.828546+00:00,2026-07-24T22:02:37.862000+00:00,jvm_memory_used_bytes,customers-service,10.42.0.186:8080,"{'__name__': 'jvm_memory_used_bytes', 'area': 'nonheap', 'id': 'Metaspace', 'instance': '10.42.0.186:8080', 'job': 'spring-petclinic'}",90995672,same_network,3,300
2026-07-24T22:02:37.828546+00:00,2026-07-24T22:02:37.862000+00:00,jvm_memory_used_bytes,api-gateway,10.42.0.187:8080,"{'__name__': 'jvm_memory_used_bytes', 'area': 'nonheap', 'id': 'Metaspace', 'instance': '10.42.0.187:8080', 'job': 'spring-petclinic'}",73691528,same_network,3,300
2026-07-24T22:02:37.828546+00:00,2026-07-24T22:02:37.862000+00:00,jvm_memory_used_bytes,visits-service,10.42.1.122:8080,"{'__name__': 'jvm_memory_used_bytes', 'area': 'nonheap', 'id': 'Metaspace', 'instance': '10.42.1.122:8080', 'job': 'spring-petclinic'}",89060832,same_network,3,300
2026-07-24T22:02:37.828546+00:00,2026-07-24T22:02:37.862000+00:00,jvm_memory_used_bytes,vets-service,10.42.1.123:8080,"{'__name__': 'jvm_memory_used_bytes', 'area': 'nonheap', 'id': 'Metaspace', 'instance': '10.42.1.123:8080', 'job': 'spring-petclinic'}",90167832,same_network,3,300
2026-07-24T22:02:37.828546+00:00,2026-07-24T22:02:37.862000+00:00,jvm_memory_used_bytes,vets-service,10.42.1.124:8080,"{'__name__': 'jvm_memory_used_bytes', 'area': 'nonheap', 'id': 'Metaspace', 'instance': '10.42.1.124:8080', 'job': 'spring-petclinic'}",90355096,same_network,3,300
2026-07-24T22:02:37.828546+00:00,2026-07-24T22:02:37.862000+00:00,jvm_memory_used_bytes,visits-service,10.42.1.125:8080,"{'__name__': 'jvm_memory_used_bytes', 'area': 'nonheap', 'id': 'Metaspace', 'instance': '10.42.1.125:8080', 'job': 'spring-petclinic'}",89128592,same_network,3,300
2026-07-24T22:02:37.828546+00:00,2026-07-24T22:02:37.862000+00:00,jvm_memory_used_bytes,customers-service,10.42.1.126:8080,"{'__name__': 'jvm_memory_used_bytes', 'area': 'nonheap', 'id': 'Metaspace', 'instance': '10.42.1.126:8080', 'job': 'spring-petclinic'}",90860440,same_network,3,300
2026-07-24T22:02:37.828546+00:00,2026-07-24T22:02:37.862000+00:00,jvm_memory_used_bytes,api-gateway,10.42.1.129:8080,"{'__name__': 'jvm_memory_used_bytes', 'area': 'nonheap', 'id': 'Metaspace', 'instance': '10.42.1.129:8080', 'job': 'spring-petclinic'}",71626368,same_network,3,300
2026-07-24T22:02:37.828546+00:00,2026-07-24T22:02:37.870000+00:00,jvm_memory_committed_bytes,api-gateway,10.42.0.187:8080,"{'__name__': 'jvm_memory_committed_bytes', 'area': 'heap', 'id': 'Eden Space', 'instance': '10.42.0.187:8080', 'job': 'spring-petclinic'}",71630848,same_network,3,300
2026-07-24T22:02:37.828546+00:00,2026-07-24T22:02:37.870000+00:00,jvm_memory_committed_bytes,api-gateway,10.42.1.129:8080,"{'__name__': 'jvm_memory_committed_bytes', 'area': 'heap', 'id': 'Eden Space', 'instance': '10.42.1.129:8080', 'job': 'spring-petclinic'}",35520512,same_network,3,300
2026-07-24T22:02:37.828546+00:00,2026-07-24T22:02:37.870000+00:00,jvm_memory_committed_bytes,customers-service,10.42.0.186:8080,"{'__name__': 'jvm_memory_committed_bytes', 'area': 'heap', 'id': 'G1 Eden Space', 'instance': '10.42.0.186:8080', 'job': 'spring-petclinic'}",226492416,same_network,3,300
2026-07-24T22:02:37.828546+00:00,2026-07-24T22:02:37.870000+00:00,jvm_memory_committed_bytes,visits-service,10.42.1.122:8080,"{'__name__': 'jvm_memory_committed_bytes', 'area': 'heap', 'id': 'G1 Eden Space', 'instance': '10.42.1.122:8080', 'job': 'spring-petclinic'}",230686720,same_network,3,300
2026-07-24T22:02:37.828546+00:00,2026-07-24T22:02:37.870000+00:00,jvm_memory_committed_bytes,vets-service,10.42.1.123:8080,"{'__name__': 'jvm_memory_committed_bytes', 'area': 'heap', 'id': 'G1 Eden Space', 'instance': '10.42.1.123:8080', 'job': 'spring-petclinic'}",289406976,same_network,3,300
2026-07-24T22:02:37.828546+00:00,2026-07-24T22:02:37.870000+00:00,jvm_memory_committed_bytes,vets-service,10.42.1.124:8080,"{'__name__': 'jvm_memory_committed_bytes', 'area': 'heap', 'id': 'G1 Eden Space', 'instance': '10.42.1.124:8080', 'job': 'spring-petclinic'}",125829120,same_network,3,300
2026-07-24T22:02:37.828546+00:00,2026-07-24T22:02:37.870000+00:00,jvm_memory_committed_bytes,visits-service,10.42.1.125:8080,"{'__name__': 'jvm_memory_committed_bytes', 'area': 'heap', 'id': 'G1 Eden Space', 'instance': '10.42.1.125:8080', 'job': 'spring-petclinic'}",121634816,same_network,3,300
2026-07-24T22:02:37.828546+00:00,2026-07-24T22:02:37.870000+00:00,jvm_memory_committed_bytes,customers-service,10.42.1.126:8080,"{'__name__': 'jvm_memory_committed_bytes', 'area': 'heap', 'id': 'G1 Eden Space', 'instance': '10.42.1.126:8080', 'job': 'spring-petclinic'}",373293056,same_network,3,300
2026-07-24T22:02:37.828546+00:00,2026-07-24T22:02:37.870000+00:00,jvm_memory_committed_bytes,customers-service,10.42.0.186:8080,"{'__name__': 'jvm_memory_committed_bytes', 'area': 'heap', 'id': 'G1 Old Gen', 'instance': '10.42.0.186:8080', 'job': 'spring-petclinic'}",218103808,same_network,3,300
2026-07-24T22:02:37.828546+00:00,2026-07-24T22:02:37.870000+00:00,jvm_memory_committed_bytes,visits-service,10.42.1.122:8080,"{'__name__': 'jvm_memory_committed_bytes', 'area': 'heap', 'id': 'G1 Old Gen', 'instance': '10.42.1.122:8080', 'job': 'spring-petclinic'}",146800640,same_network,3,300
2026-07-24T22:02:37.828546+00:00,2026-07-24T22:02:37.870000+00:00,jvm_memory_committed_bytes,vets-service,10.42.1.123:8080,"{'__name__': 'jvm_memory_committed_bytes', 'area': 'heap', 'id': 'G1 Old Gen', 'instance': '10.42.1.123:8080', 'job': 'spring-petclinic'}",176160768,same_network,3,300
2026-07-24T22:02:37.828546+00:00,2026-07-24T22:02:37.870000+00:00,jvm_memory_committed_bytes,vets-service,10.42.1.124:8080,"{'__name__': 'jvm_memory_committed_bytes', 'area': 'heap', 'id': 'G1 Old Gen', 'instance': '10.42.1.124:8080', 'job': 'spring-petclinic'}",163577856,same_network,3,300
2026-07-24T22:02:37.828546+00:00,2026-07-24T22:02:37.870000+00:00,jvm_memory_committed_bytes,visits-service,10.42.1.125:8080,"{'__name__': 'jvm_memory_committed_bytes', 'area': 'heap', 'id': 'G1 Old Gen', 'instance': '10.42.1.125:8080', 'job': 'spring-petclinic'}",121634816,same_network,3,300
2026-07-24T22:02:37.828546+00:00,2026-07-24T22:02:37.870000+00:00,jvm_memory_committed_bytes,customers-service,10.42.1.126:8080,"{'__name__': 'jvm_memory_committed_bytes', 'area': 'heap', 'id': 'G1 Old Gen', 'instance': '10.42.1.126:8080', 'job': 'spring-petclinic'}",222298112,same_network,3,300
2026-07-24T22:02:37.828546+00:00,2026-07-24T22:02:37.870000+00:00,jvm_memory_committed_bytes,customers-service,10.42.0.186:8080,"{'__name__': 'jvm_memory_committed_bytes', 'area': 'heap', 'id': 'G1 Survivor Space', 'instance': '10.42.0.186:8080', 'job': 'spring-petclinic'}",12582912,same_network,3,300
2026-07-24T22:02:37.828546+00:00,2026-07-24T22:02:37.870000+00:00,jvm_memory_committed_bytes,visits-service,10.42.1.122:8080,"{'__name__': 'jvm_memory_committed_bytes', 'area': 'heap', 'id': 'G1 Survivor Space', 'instance': '10.42.1.122:8080', 'job': 'spring-petclinic'}",16777216,same_network,3,300
2026-07-24T22:02:37.828546+00:00,2026-07-24T22:02:37.870000+00:00,jvm_memory_committed_bytes,vets-service,10.42.1.123:8080,"{'__name__': 'jvm_memory_committed_bytes', 'area': 'heap', 'id': 'G1 Survivor Space', 'instance': '10.42.1.123:8080', 'job': 'spring-petclinic'}",12582912,same_network,3,300
2026-07-24T22:02:37.828546+00:00,2026-07-24T22:02:37.870000+00:00,jvm_memory_committed_bytes,vets-service,10.42.1.124:8080,"{'__name__': 'jvm_memory_committed_bytes', 'area': 'heap', 'id': 'G1 Survivor Space', 'instance': '10.42.1.124:8080', 'job': 'spring-petclinic'}",12582912,same_network,3,300
2026-07-24T22:02:37.828546+00:00,2026-07-24T22:02:37.870000+00:00,jvm_memory_committed_bytes,visits-service,10.42.1.125:8080,"{'__name__': 'jvm_memory_committed_bytes', 'area': 'heap', 'id': 'G1 Survivor Space', 'instance': '10.42.1.125:8080', 'job': 'spring-petclinic'}",8388608,same_network,3,300
2026-07-24T22:02:37.828546+00:00,2026-07-24T22:02:37.870000+00:00,jvm_memory_committed_bytes,customers-service,10.42.1.126:8080,"{'__name__': 'jvm_memory_committed_bytes', 'area': 'heap', 'id': 'G1 Survivor Space', 'instance': '10.42.1.126:8080', 'job': 'spring-petclinic'}",12582912,same_network,3,300
2026-07-24T22:02:37.828546+00:00,2026-07-24T22:02:37.870000+00:00,jvm_memory_committed_bytes,api-gateway,10.42.0.187:8080,"{'__name__': 'jvm_memory_committed_bytes', 'area': 'heap', 'id': 'Survivor Space', 'instance': '10.42.0.187:8080', 'job': 'spring-petclinic'}",8912896,same_network,3,300
2026-07-24T22:02:37.828546+00:00,2026-07-24T22:02:37.870000+00:00,jvm_memory_committed_bytes,api-gateway,10.42.1.129:8080,"{'__name__': 'jvm_memory_committed_bytes', 'area': 'heap', 'id': 'Survivor Space', 'instance': '10.42.1.129:8080', 'job': 'spring-petclinic'}",4390912,same_network,3,300
2026-07-24T22:02:37.828546+00:00,2026-07-24T22:02:37.870000+00:00,jvm_memory_committed_bytes,api-gateway,10.42.0.187:8080,"{'__name__': 'jvm_memory_committed_bytes', 'area': 'heap', 'id': 'Tenured Gen', 'instance': '10.42.0.187:8080', 'job': 'spring-petclinic'}",178978816,same_network,3,300
2026-07-24T22:02:37.828546+00:00,2026-07-24T22:02:37.870000+00:00,jvm_memory_committed_bytes,api-gateway,10.42.1.129:8080,"{'__name__': 'jvm_memory_committed_bytes', 'area': 'heap', 'id': 'Tenured Gen', 'instance': '10.42.1.129:8080', 'job': 'spring-petclinic'}",88530944,same_network,3,300
2026-07-24T22:02:37.828546+00:00,2026-07-24T22:02:37.870000+00:00,jvm_memory_committed_bytes,customers-service,10.42.0.186:8080,"{'__name__': 'jvm_memory_committed_bytes', 'area': 'nonheap', 'id': ""CodeHeap 'non-nmethods'"", 'instance': '10.42.0.186:8080', 'job': 'spring-petclinic'}",2555904,same_network,3,300
2026-07-24T22:02:37.828546+00:00,2026-07-24T22:02:37.870000+00:00,jvm_memory_committed_bytes,api-gateway,10.42.0.187:8080,"{'__name__': 'jvm_memory_committed_bytes', 'area': 'nonheap', 'id': ""CodeHeap 'non-nmethods'"", 'instance': '10.42.0.187:8080', 'job': 'spring-petclinic'}",2555904,same_network,3,300
2026-07-24T22:02:37.828546+00:00,2026-07-24T22:02:37.870000+00:00,jvm_memory_committed_bytes,visits-service,10.42.1.122:8080,"{'__name__': 'jvm_memory_committed_bytes', 'area': 'nonheap', 'id': ""CodeHeap 'non-nmethods'"", 'instance': '10.42.1.122:8080', 'job': 'spring-petclinic'}",2555904,same_network,3,300
2026-07-24T22:02:37.828546+00:00,2026-07-24T22:02:37.870000+00:00,jvm_memory_committed_bytes,vets-service,10.42.1.123:8080,"{'__name__': 'jvm_memory_committed_bytes', 'area': 'nonheap', 'id': ""CodeHeap 'non-nmethods'"", 'instance': '10.42.1.123:8080', 'job': 'spring-petclinic'}",2555904,same_network,3,300
2026-07-24T22:02:37.828546+00:00,2026-07-24T22:02:37.870000+00:00,jvm_memory_committed_bytes,vets-service,10.42.1.124:8080,"{'__name__': 'jvm_memory_committed_bytes', 'area': 'nonheap', 'id': ""CodeHeap 'non-nmethods'"", 'instance': '10.42.1.124:8080', 'job': 'spring-petclinic'}",2555904,same_network,3,300
2026-07-24T22:02:37.828546+00:00,2026-07-24T22:02:37.870000+00:00,jvm_memory_committed_bytes,visits-service,10.42.1.125:8080,"{'__name__': 'jvm_memory_committed_bytes', 'area': 'nonheap', 'id': ""CodeHeap 'non-nmethods'"", 'instance': '10.42.1.125:8080', 'job': 'spring-petclinic'}",2555904,same_network,3,300
2026-07-24T22:02:37.828546+00:00,2026-07-24T22:02:37.870000+00:00,jvm_memory_committed_bytes,customers-service,10.42.1.126:8080,"{'__name__': 'jvm_memory_committed_bytes', 'area': 'nonheap', 'id': ""CodeHeap 'non-nmethods'"", 'instance': '10.42.1.126:8080', 'job': 'spring-petclinic'}",2555904,same_network,3,300
2026-07-24T22:02:37.828546+00:00,2026-07-24T22:02:37.870000+00:00,jvm_memory_committed_bytes,api-gateway,10.42.1.129:8080,"{'__name__': 'jvm_memory_committed_bytes', 'area': 'nonheap', 'id': ""CodeHeap 'non-nmethods'"", 'instance': '10.42.1.129:8080', 'job': 'spring-petclinic'}",2555904,same_network,3,300
2026-07-24T22:02:37.828546+00:00,2026-07-24T22:02:37.870000+00:00,jvm_memory_committed_bytes,customers-service,10.42.0.186:8080,"{'__name__': 'jvm_memory_committed_bytes', 'area': 'nonheap', 'id': ""CodeHeap 'non-profiled nmethods'"", 'instance': '10.42.0.186:8080', 'job': 'spring-petclinic'}",21561344,same_network,3,300
2026-07-24T22:02:37.828546+00:00,2026-07-24T22:02:37.870000+00:00,jvm_memory_committed_bytes,api-gateway,10.42.0.187:8080,"{'__name__': 'jvm_memory_committed_bytes', 'area': 'nonheap', 'id': ""CodeHeap 'non-profiled nmethods'"", 'instance': '10.42.0.187:8080', 'job': 'spring-petclinic'}",18808832,same_network,3,300
2026-07-24T22:02:37.828546+00:00,2026-07-24T22:02:37.870000+00:00,jvm_memory_committed_bytes,visits-service,10.42.1.122:8080,"{'__name__': 'jvm_memory_committed_bytes', 'area': 'nonheap', 'id': ""CodeHeap 'non-profiled nmethods'"", 'instance': '10.42.1.122:8080', 'job': 'spring-petclinic'}",17498112,same_network,3,300
2026-07-24T22:02:37.828546+00:00,2026-07-24T22:02:37.870000+00:00,jvm_memory_committed_bytes,vets-service,10.42.1.123:8080,"{'__name__': 'jvm_memory_committed_bytes', 'area': 'nonheap', 'id': ""CodeHeap 'non-profiled nmethods'"", 'instance': '10.42.1.123:8080', 'job': 'spring-petclinic'}",19005440,same_network,3,300
2026-07-24T22:02:37.828546+00:00,2026-07-24T22:02:37.870000+00:00,jvm_memory_committed_bytes,vets-service,10.42.1.124:8080,"{'__name__': 'jvm_memory_committed_bytes', 'area': 'nonheap', 'id': ""CodeHeap 'non-profiled nmethods'"", 'instance': '10.42.1.124:8080', 'job': 'spring-petclinic'}",19922944,same_network,3,300
2026-07-24T22:02:37.828546+00:00,2026-07-24T22:02:37.870000+00:00,jvm_memory_committed_bytes,visits-service,10.42.1.125:8080,"{'__name__': 'jvm_memory_committed_bytes', 'area': 'nonheap', 'id': ""CodeHeap 'non-profiled nmethods'"", 'instance': '10.42.1.125:8080', 'job': 'spring-petclinic'}",17039360,same_network,3,300
2026-07-24T22:02:37.828546+00:00,2026-07-24T22:02:37.870000+00:00,jvm_memory_committed_bytes,customers-service,10.42.1.126:8080,"{'__name__': 'jvm_memory_committed_bytes', 'area': 'nonheap', 'id': ""CodeHeap 'non-profiled nmethods'"", 'instance': '10.42.1.126:8080', 'job': 'spring-petclinic'}",20709376,same_network,3,300
2026-07-24T22:02:37.828546+00:00,2026-07-24T22:02:37.870000+00:00,jvm_memory_committed_bytes,api-gateway,10.42.1.129:8080,"{'__name__': 'jvm_memory_committed_bytes', 'area': 'nonheap', 'id': ""CodeHeap 'non-profiled nmethods'"", 'instance': '10.42.1.129:8080', 'job': 'spring-petclinic'}",10158080,same_network,3,300
2026-07-24T22:02:37.828546+00:00,2026-07-24T22:02:37.870000+00:00,jvm_memory_committed_bytes,customers-service,10.42.0.186:8080,"{'__name__': 'jvm_memory_committed_bytes', 'area': 'nonheap', 'id': ""CodeHeap 'profiled nmethods'"", 'instance': '10.42.0.186:8080', 'job': 'spring-petclinic'}",25493504,same_network,3,300
2026-07-24T22:02:37.828546+00:00,2026-07-24T22:02:37.870000+00:00,jvm_memory_committed_bytes,api-gateway,10.42.0.187:8080,"{'__name__': 'jvm_memory_committed_bytes', 'area': 'nonheap', 'id': ""CodeHeap 'profiled nmethods'"", 'instance': '10.42.0.187:8080', 'job': 'spring-petclinic'}",24313856,same_network,3,300
2026-07-24T22:02:37.828546+00:00,2026-07-24T22:02:37.870000+00:00,jvm_memory_committed_bytes,visits-service,10.42.1.122:8080,"{'__name__': 'jvm_memory_committed_bytes', 'area': 'nonheap', 'id': ""CodeHeap 'profiled nmethods'"", 'instance': '10.42.1.122:8080', 'job': 'spring-petclinic'}",24313856,same_network,3,300
2026-07-24T22:02:37.828546+00:00,2026-07-24T22:02:37.870000+00:00,jvm_memory_committed_bytes,vets-service,10.42.1.123:8080,"{'__name__': 'jvm_memory_committed_bytes', 'area': 'nonheap', 'id': ""CodeHeap 'profiled nmethods'"", 'instance': '10.42.1.123:8080', 'job': 'spring-petclinic'}",26214400,same_network,3,300
2026-07-24T22:02:37.828546+00:00,2026-07-24T22:02:37.870000+00:00,jvm_memory_committed_bytes,vets-service,10.42.1.124:8080,"{'__name__': 'jvm_memory_committed_bytes', 'area': 'nonheap', 'id': ""CodeHeap 'profiled nmethods'"", 'instance': '10.42.1.124:8080', 'job': 'spring-petclinic'}",26542080,same_network,3,300
2026-07-24T22:02:37.828546+00:00,2026-07-24T22:02:37.870000+00:00,jvm_memory_committed_bytes,visits-service,10.42.1.125:8080,"{'__name__': 'jvm_memory_committed_bytes', 'area': 'nonheap', 'id': ""CodeHeap 'profiled nmethods'"", 'instance': '10.42.1.125:8080', 'job': 'spring-petclinic'}",24182784,same_network,3,300
2026-07-24T22:02:37.828546+00:00,2026-07-24T22:02:37.870000+00:00,jvm_memory_committed_bytes,customers-service,10.42.1.126:8080,"{'__name__': 'jvm_memory_committed_bytes', 'area': 'nonheap', 'id': ""CodeHeap 'profiled nmethods'"", 'instance': '10.42.1.126:8080', 'job': 'spring-petclinic'}",26279936,same_network,3,300
2026-07-24T22:02:37.828546+00:00,2026-07-24T22:02:37.870000+00:00,jvm_memory_committed_bytes,api-gateway,10.42.1.129:8080,"{'__name__': 'jvm_memory_committed_bytes', 'area': 'nonheap', 'id': ""CodeHeap 'profiled nmethods'"", 'instance': '10.42.1.129:8080', 'job': 'spring-petclinic'}",23855104,same_network,3,300
2026-07-24T22:02:37.828546+00:00,2026-07-24T22:02:37.870000+00:00,jvm_memory_committed_bytes,customers-service,10.42.0.186:8080,"{'__name__': 'jvm_memory_committed_bytes', 'area': 'nonheap', 'id': 'Compressed Class Space', 'instance': '10.42.0.186:8080', 'job': 'spring-petclinic'}",11796480,same_network,3,300
2026-07-24T22:02:37.828546+00:00,2026-07-24T22:02:37.870000+00:00,jvm_memory_committed_bytes,api-gateway,10.42.0.187:8080,"{'__name__': 'jvm_memory_committed_bytes', 'area': 'nonheap', 'id': 'Compressed Class Space', 'instance': '10.42.0.187:8080', 'job': 'spring-petclinic'}",9306112,same_network,3,300
2026-07-24T22:02:37.828546+00:00,2026-07-24T22:02:37.870000+00:00,jvm_memory_committed_bytes,visits-service,10.42.1.122:8080,"{'__name__': 'jvm_memory_committed_bytes', 'area': 'nonheap', 'id': 'Compressed Class Space', 'instance': '10.42.1.122:8080', 'job': 'spring-petclinic'}",11599872,same_network,3,300
2026-07-24T22:02:37.828546+00:00,2026-07-24T22:02:37.870000+00:00,jvm_memory_committed_bytes,vets-service,10.42.1.123:8080,"{'__name__': 'jvm_memory_committed_bytes', 'area': 'nonheap', 'id': 'Compressed Class Space', 'instance': '10.42.1.123:8080', 'job': 'spring-petclinic'}",11665408,same_network,3,300
2026-07-24T22:02:37.828546+00:00,2026-07-24T22:02:37.870000+00:00,jvm_memory_committed_bytes,vets-service,10.42.1.124:8080,"{'__name__': 'jvm_memory_committed_bytes', 'area': 'nonheap', 'id': 'Compressed Class Space', 'instance': '10.42.1.124:8080', 'job': 'spring-petclinic'}",11665408,same_network,3,300
2026-07-24T22:02:37.828546+00:00,2026-07-24T22:02:37.870000+00:00,jvm_memory_committed_bytes,visits-service,10.42.1.125:8080,"{'__name__': 'jvm_memory_committed_bytes', 'area': 'nonheap', 'id': 'Compressed Class Space', 'instance': '10.42.1.125:8080', 'job': 'spring-petclinic'}",11599872,same_network,3,300
2026-07-24T22:02:37.828546+00:00,2026-07-24T22:02:37.870000+00:00,jvm_memory_committed_bytes,customers-service,10.42.1.126:8080,"{'__name__': 'jvm_memory_committed_bytes', 'area': 'nonheap', 'id': 'Compressed Class Space', 'instance': '10.42.1.126:8080', 'job': 'spring-petclinic'}",11796480,same_network,3,300
2026-07-24T22:02:37.828546+00:00,2026-07-24T22:02:37.870000+00:00,jvm_memory_committed_bytes,api-gateway,10.42.1.129:8080,"{'__name__': 'jvm_memory_committed_bytes', 'area': 'nonheap', 'id': 'Compressed Class Space', 'instance': '10.42.1.129:8080', 'job': 'spring-petclinic'}",9371648,same_network,3,300
2026-07-24T22:02:37.828546+00:00,2026-07-24T22:02:37.870000+00:00,jvm_memory_committed_bytes,customers-service,10.42.0.186:8080,"{'__name__': 'jvm_memory_committed_bytes', 'area': 'nonheap', 'id': 'Metaspace', 'instance': '10.42.0.186:8080', 'job': 'spring-petclinic'}",91488256,same_network,3,300
2026-07-24T22:02:37.828546+00:00,2026-07-24T22:02:37.870000+00:00,jvm_memory_committed_bytes,api-gateway,10.42.0.187:8080,"{'__name__': 'jvm_memory_committed_bytes', 'area': 'nonheap', 'id': 'Metaspace', 'instance': '10.42.0.187:8080', 'job': 'spring-petclinic'}",74121216,same_network,3,300
2026-07-24T22:02:37.828546+00:00,2026-07-24T22:02:37.870000+00:00,jvm_memory_committed_bytes,visits-service,10.42.1.122:8080,"{'__name__': 'jvm_memory_committed_bytes', 'area': 'nonheap', 'id': 'Metaspace', 'instance': '10.42.1.122:8080', 'job': 'spring-petclinic'}",89587712,same_network,3,300
2026-07-24T22:02:37.828546+00:00,2026-07-24T22:02:37.870000+00:00,jvm_memory_committed_bytes,vets-service,10.42.1.123:8080,"{'__name__': 'jvm_memory_committed_bytes', 'area': 'nonheap', 'id': 'Metaspace', 'instance': '10.42.1.123:8080', 'job': 'spring-petclinic'}",90701824,same_network,3,300
2026-07-24T22:02:37.828546+00:00,2026-07-24T22:02:37.870000+00:00,jvm_memory_committed_bytes,vets-service,10.42.1.124:8080,"{'__name__': 'jvm_memory_committed_bytes', 'area': 'nonheap', 'id': 'Metaspace', 'instance': '10.42.1.124:8080', 'job': 'spring-petclinic'}",90898432,same_network,3,300
2026-07-24T22:02:37.828546+00:00,2026-07-24T22:02:37.870000+00:00,jvm_memory_committed_bytes,visits-service,10.42.1.125:8080,"{'__name__': 'jvm_memory_committed_bytes', 'area': 'nonheap', 'id': 'Metaspace', 'instance': '10.42.1.125:8080', 'job': 'spring-petclinic'}",89653248,same_network,3,300
2026-07-24T22:02:37.828546+00:00,2026-07-24T22:02:37.870000+00:00,jvm_memory_committed_bytes,customers-service,10.42.1.126:8080,"{'__name__': 'jvm_memory_committed_bytes', 'area': 'nonheap', 'id': 'Metaspace', 'instance': '10.42.1.126:8080', 'job': 'spring-petclinic'}",91422720,same_network,3,300
2026-07-24T22:02:37.828546+00:00,2026-07-24T22:02:37.870000+00:00,jvm_memory_committed_bytes,api-gateway,10.42.1.129:8080,"{'__name__': 'jvm_memory_committed_bytes', 'area': 'nonheap', 'id': 'Metaspace', 'instance': '10.42.1.129:8080', 'job': 'spring-petclinic'}",72155136,same_network,3,300
2026-07-24T22:02:37.828546+00:00,2026-07-24T22:02:37.879000+00:00,jvm_memory_max_bytes,api-gateway,10.42.0.187:8080,"{'__name__': 'jvm_memory_max_bytes', 'area': 'heap', 'id': 'Eden Space', 'instance': '10.42.0.187:8080', 'job': 'spring-petclinic'}",71630848,same_network,3,300
2026-07-24T22:02:37.828546+00:00,2026-07-24T22:02:37.879000+00:00,jvm_memory_max_bytes,api-gateway,10.42.1.129:8080,"{'__name__': 'jvm_memory_max_bytes', 'area': 'heap', 'id': 'Eden Space', 'instance': '10.42.1.129:8080', 'job': 'spring-petclinic'}",71630848,same_network,3,300
2026-07-24T22:02:37.828546+00:00,2026-07-24T22:02:37.879000+00:00,jvm_memory_max_bytes,customers-service,10.42.0.186:8080,"{'__name__': 'jvm_memory_max_bytes', 'area': 'heap', 'id': 'G1 Eden Space', 'instance': '10.42.0.186:8080', 'job': 'spring-petclinic'}",-1,same_network,3,300
2026-07-24T22:02:37.828546+00:00,2026-07-24T22:02:37.879000+00:00,jvm_memory_max_bytes,visits-service,10.42.1.122:8080,"{'__name__': 'jvm_memory_max_bytes', 'area': 'heap', 'id': 'G1 Eden Space', 'instance': '10.42.1.122:8080', 'job': 'spring-petclinic'}",-1,same_network,3,300
2026-07-24T22:02:37.828546+00:00,2026-07-24T22:02:37.879000+00:00,jvm_memory_max_bytes,vets-service,10.42.1.123:8080,"{'__name__': 'jvm_memory_max_bytes', 'area': 'heap', 'id': 'G1 Eden Space', 'instance': '10.42.1.123:8080', 'job': 'spring-petclinic'}",-1,same_network,3,300
2026-07-24T22:02:37.828546+00:00,2026-07-24T22:02:37.879000+00:00,jvm_memory_max_bytes,vets-service,10.42.1.124:8080,"{'__name__': 'jvm_memory_max_bytes', 'area': 'heap', 'id': 'G1 Eden Space', 'instance': '10.42.1.124:8080', 'job': 'spring-petclinic'}",-1,same_network,3,300
2026-07-24T22:02:37.828546+00:00,2026-07-24T22:02:37.879000+00:00,jvm_memory_max_bytes,visits-service,10.42.1.125:8080,"{'__name__': 'jvm_memory_max_bytes', 'area': 'heap', 'id': 'G1 Eden Space', 'instance': '10.42.1.125:8080', 'job': 'spring-petclinic'}",-1,same_network,3,300
2026-07-24T22:02:37.828546+00:00,2026-07-24T22:02:37.879000+00:00,jvm_memory_max_bytes,customers-service,10.42.1.126:8080,"{'__name__': 'jvm_memory_max_bytes', 'area': 'heap', 'id': 'G1 Eden Space', 'instance': '10.42.1.126:8080', 'job': 'spring-petclinic'}",-1,same_network,3,300
2026-07-24T22:02:37.828546+00:00,2026-07-24T22:02:37.879000+00:00,jvm_memory_max_bytes,customers-service,10.42.0.186:8080,"{'__name__': 'jvm_memory_max_bytes', 'area': 'heap', 'id': 'G1 Old Gen', 'instance': '10.42.0.186:8080', 'job': 'spring-petclinic'}",6249512960,same_network,3,300
2026-07-24T22:02:37.828546+00:00,2026-07-24T22:02:37.879000+00:00,jvm_memory_max_bytes,visits-service,10.42.1.122:8080,"{'__name__': 'jvm_memory_max_bytes', 'area': 'heap', 'id': 'G1 Old Gen', 'instance': '10.42.1.122:8080', 'job': 'spring-petclinic'}",6144655360,same_network,3,300
2026-07-24T22:02:37.828546+00:00,2026-07-24T22:02:37.879000+00:00,jvm_memory_max_bytes,vets-service,10.42.1.123:8080,"{'__name__': 'jvm_memory_max_bytes', 'area': 'heap', 'id': 'G1 Old Gen', 'instance': '10.42.1.123:8080', 'job': 'spring-petclinic'}",6144655360,same_network,3,300
2026-07-24T22:02:37.828546+00:00,2026-07-24T22:02:37.879000+00:00,jvm_memory_max_bytes,vets-service,10.42.1.124:8080,"{'__name__': 'jvm_memory_max_bytes', 'area': 'heap', 'id': 'G1 Old Gen', 'instance': '10.42.1.124:8080', 'job': 'spring-petclinic'}",6144655360,same_network,3,300
2026-07-24T22:02:37.828546+00:00,2026-07-24T22:02:37.879000+00:00,jvm_memory_max_bytes,visits-service,10.42.1.125:8080,"{'__name__': 'jvm_memory_max_bytes', 'area': 'heap', 'id': 'G1 Old Gen', 'instance': '10.42.1.125:8080', 'job': 'spring-petclinic'}",6144655360,same_network,3,300
2026-07-24T22:02:37.828546+00:00,2026-07-24T22:02:37.879000+00:00,jvm_memory_max_bytes,customers-service,10.42.1.126:8080,"{'__name__': 'jvm_memory_max_bytes', 'area': 'heap', 'id': 'G1 Old Gen', 'instance': '10.42.1.126:8080', 'job': 'spring-petclinic'}",6144655360,same_network,3,300
2026-07-24T22:02:37.828546+00:00,2026-07-24T22:02:37.879000+00:00,jvm_memory_max_bytes,customers-service,10.42.0.186:8080,"{'__name__': 'jvm_memory_max_bytes', 'area': 'heap', 'id': 'G1 Survivor Space', 'instance': '10.42.0.186:8080', 'job': 'spring-petclinic'}",-1,same_network,3,300
2026-07-24T22:02:37.828546+00:00,2026-07-24T22:02:37.879000+00:00,jvm_memory_max_bytes,visits-service,10.42.1.122:8080,"{'__name__': 'jvm_memory_max_bytes', 'area': 'heap', 'id': 'G1 Survivor Space', 'instance': '10.42.1.122:8080', 'job': 'spring-petclinic'}",-1,same_network,3,300
2026-07-24T22:02:37.828546+00:00,2026-07-24T22:02:37.879000+00:00,jvm_memory_max_bytes,vets-service,10.42.1.123:8080,"{'__name__': 'jvm_memory_max_bytes', 'area': 'heap', 'id': 'G1 Survivor Space', 'instance': '10.42.1.123:8080', 'job': 'spring-petclinic'}",-1,same_network,3,300
2026-07-24T22:02:37.828546+00:00,2026-07-24T22:02:37.879000+00:00,jvm_memory_max_bytes,vets-service,10.42.1.124:8080,"{'__name__': 'jvm_memory_max_bytes', 'area': 'heap', 'id': 'G1 Survivor Space', 'instance': '10.42.1.124:8080', 'job': 'spring-petclinic'}",-1,same_network,3,300
2026-07-24T22:02:37.828546+00:00,2026-07-24T22:02:37.879000+00:00,jvm_memory_max_bytes,visits-service,10.42.1.125:8080,"{'__name__': 'jvm_memory_max_bytes', 'area': 'heap', 'id': 'G1 Survivor Space', 'instance': '10.42.1.125:8080', 'job': 'spring-petclinic'}",-1,same_network,3,300
2026-07-24T22:02:37.828546+00:00,2026-07-24T22:02:37.879000+00:00,jvm_memory_max_bytes,customers-service,10.42.1.126:8080,"{'__name__': 'jvm_memory_max_bytes', 'area': 'heap', 'id': 'G1 Survivor Space', 'instance': '10.42.1.126:8080', 'job': 'spring-petclinic'}",-1,same_network,3,300
2026-07-24T22:02:37.828546+00:00,2026-07-24T22:02:37.879000+00:00,jvm_memory_max_bytes,api-gateway,10.42.0.187:8080,"{'__name__': 'jvm_memory_max_bytes', 'area': 'heap', 'id': 'Survivor Space', 'instance': '10.42.0.187:8080', 'job': 'spring-petclinic'}",8912896,same_network,3,300
2026-07-24T22:02:37.828546+00:00,2026-07-24T22:02:37.879000+00:00,jvm_memory_max_bytes,api-gateway,10.42.1.129:8080,"{'__name__': 'jvm_memory_max_bytes', 'area': 'heap', 'id': 'Survivor Space', 'instance': '10.42.1.129:8080', 'job': 'spring-petclinic'}",8912896,same_network,3,300
2026-07-24T22:02:37.828546+00:00,2026-07-24T22:02:37.879000+00:00,jvm_memory_max_bytes,api-gateway,10.42.0.187:8080,"{'__name__': 'jvm_memory_max_bytes', 'area': 'heap', 'id': 'Tenured Gen', 'instance': '10.42.0.187:8080', 'job': 'spring-petclinic'}",178978816,same_network,3,300
2026-07-24T22:02:37.828546+00:00,2026-07-24T22:02:37.879000+00:00,jvm_memory_max_bytes,api-gateway,10.42.1.129:8080,"{'__name__': 'jvm_memory_max_bytes', 'area': 'heap', 'id': 'Tenured Gen', 'instance': '10.42.1.129:8080', 'job': 'spring-petclinic'}",178978816,same_network,3,300
2026-07-24T22:02:37.828546+00:00,2026-07-24T22:02:37.879000+00:00,jvm_memory_max_bytes,customers-service,10.42.0.186:8080,"{'__name__': 'jvm_memory_max_bytes', 'area': 'nonheap', 'id': ""CodeHeap 'non-nmethods'"", 'instance': '10.42.0.186:8080', 'job': 'spring-petclinic'}",5840896,same_network,3,300
2026-07-24T22:02:37.828546+00:00,2026-07-24T22:02:37.879000+00:00,jvm_memory_max_bytes,api-gateway,10.42.0.187:8080,"{'__name__': 'jvm_memory_max_bytes', 'area': 'nonheap', 'id': ""CodeHeap 'non-nmethods'"", 'instance': '10.42.0.187:8080', 'job': 'spring-petclinic'}",5840896,same_network,3,300
2026-07-24T22:02:37.828546+00:00,2026-07-24T22:02:37.879000+00:00,jvm_memory_max_bytes,visits-service,10.42.1.122:8080,"{'__name__': 'jvm_memory_max_bytes', 'area': 'nonheap', 'id': ""CodeHeap 'non-nmethods'"", 'instance': '10.42.1.122:8080', 'job': 'spring-petclinic'}",5840896,same_network,3,300
2026-07-24T22:02:37.828546+00:00,2026-07-24T22:02:37.879000+00:00,jvm_memory_max_bytes,vets-service,10.42.1.123:8080,"{'__name__': 'jvm_memory_max_bytes', 'area': 'nonheap', 'id': ""CodeHeap 'non-nmethods'"", 'instance': '10.42.1.123:8080', 'job': 'spring-petclinic'}",5840896,same_network,3,300
2026-07-24T22:02:37.828546+00:00,2026-07-24T22:02:37.879000+00:00,jvm_memory_max_bytes,vets-service,10.42.1.124:8080,"{'__name__': 'jvm_memory_max_bytes', 'area': 'nonheap', 'id': ""CodeHeap 'non-nmethods'"", 'instance': '10.42.1.124:8080', 'job': 'spring-petclinic'}",5840896,same_network,3,300
2026-07-24T22:02:37.828546+00:00,2026-07-24T22:02:37.879000+00:00,jvm_memory_max_bytes,visits-service,10.42.1.125:8080,"{'__name__': 'jvm_memory_max_bytes', 'area': 'nonheap', 'id': ""CodeHeap 'non-nmethods'"", 'instance': '10.42.1.125:8080', 'job': 'spring-petclinic'}",5840896,same_network,3,300
2026-07-24T22:02:37.828546+00:00,2026-07-24T22:02:37.879000+00:00,jvm_memory_max_bytes,customers-service,10.42.1.126:8080,"{'__name__': 'jvm_memory_max_bytes', 'area': 'nonheap', 'id': ""CodeHeap 'non-nmethods'"", 'instance': '10.42.1.126:8080', 'job': 'spring-petclinic'}",5840896,same_network,3,300
2026-07-24T22:02:37.828546+00:00,2026-07-24T22:02:37.879000+00:00,jvm_memory_max_bytes,api-gateway,10.42.1.129:8080,"{'__name__': 'jvm_memory_max_bytes', 'area': 'nonheap', 'id': ""CodeHeap 'non-nmethods'"", 'instance': '10.42.1.129:8080', 'job': 'spring-petclinic'}",5840896,same_network,3,300
2026-07-24T22:02:37.828546+00:00,2026-07-24T22:02:37.879000+00:00,jvm_memory_max_bytes,customers-service,10.42.0.186:8080,"{'__name__': 'jvm_memory_max_bytes', 'area': 'nonheap', 'id': ""CodeHeap 'non-profiled nmethods'"", 'instance': '10.42.0.186:8080', 'job': 'spring-petclinic'}",122908672,same_network,3,300
2026-07-24T22:02:37.828546+00:00,2026-07-24T22:02:37.879000+00:00,jvm_memory_max_bytes,api-gateway,10.42.0.187:8080,"{'__name__': 'jvm_memory_max_bytes', 'area': 'nonheap', 'id': ""CodeHeap 'non-profiled nmethods'"", 'instance': '10.42.0.187:8080', 'job': 'spring-petclinic'}",122908672,same_network,3,300
2026-07-24T22:02:37.828546+00:00,2026-07-24T22:02:37.879000+00:00,jvm_memory_max_bytes,visits-service,10.42.1.122:8080,"{'__name__': 'jvm_memory_max_bytes', 'area': 'nonheap', 'id': ""CodeHeap 'non-profiled nmethods'"", 'instance': '10.42.1.122:8080', 'job': 'spring-petclinic'}",122908672,same_network,3,300
2026-07-24T22:02:37.828546+00:00,2026-07-24T22:02:37.879000+00:00,jvm_memory_max_bytes,vets-service,10.42.1.123:8080,"{'__name__': 'jvm_memory_max_bytes', 'area': 'nonheap', 'id': ""CodeHeap 'non-profiled nmethods'"", 'instance': '10.42.1.123:8080', 'job': 'spring-petclinic'}",122908672,same_network,3,300
2026-07-24T22:02:37.828546+00:00,2026-07-24T22:02:37.879000+00:00,jvm_memory_max_bytes,vets-service,10.42.1.124:8080,"{'__name__': 'jvm_memory_max_bytes', 'area': 'nonheap', 'id': ""CodeHeap 'non-profiled nmethods'"", 'instance': '10.42.1.124:8080', 'job': 'spring-petclinic'}",122908672,same_network,3,300
2026-07-24T22:02:37.828546+00:00,2026-07-24T22:02:37.879000+00:00,jvm_memory_max_bytes,visits-service,10.42.1.125:8080,"{'__name__': 'jvm_memory_max_bytes', 'area': 'nonheap', 'id': ""CodeHeap 'non-profiled nmethods'"", 'instance': '10.42.1.125:8080', 'job': 'spring-petclinic'}",122908672,same_network,3,300
2026-07-24T22:02:37.828546+00:00,2026-07-24T22:02:37.879000+00:00,jvm_memory_max_bytes,customers-service,10.42.1.126:8080,"{'__name__': 'jvm_memory_max_bytes', 'area': 'nonheap', 'id': ""CodeHeap 'non-profiled nmethods'"", 'instance': '10.42.1.126:8080', 'job': 'spring-petclinic'}",122908672,same_network,3,300
2026-07-24T22:02:37.828546+00:00,2026-07-24T22:02:37.879000+00:00,jvm_memory_max_bytes,api-gateway,10.42.1.129:8080,"{'__name__': 'jvm_memory_max_bytes', 'area': 'nonheap', 'id': ""CodeHeap 'non-profiled nmethods'"", 'instance': '10.42.1.129:8080', 'job': 'spring-petclinic'}",122908672,same_network,3,300
2026-07-24T22:02:37.828546+00:00,2026-07-24T22:02:37.879000+00:00,jvm_memory_max_bytes,customers-service,10.42.0.186:8080,"{'__name__': 'jvm_memory_max_bytes', 'area': 'nonheap', 'id': ""CodeHeap 'profiled nmethods'"", 'instance': '10.42.0.186:8080', 'job': 'spring-petclinic'}",122908672,same_network,3,300
2026-07-24T22:02:37.828546+00:00,2026-07-24T22:02:37.879000+00:00,jvm_memory_max_bytes,api-gateway,10.42.0.187:8080,"{'__name__': 'jvm_memory_max_bytes', 'area': 'nonheap', 'id': ""CodeHeap 'profiled nmethods'"", 'instance': '10.42.0.187:8080', 'job': 'spring-petclinic'}",122908672,same_network,3,300
2026-07-24T22:02:37.828546+00:00,2026-07-24T22:02:37.879000+00:00,jvm_memory_max_bytes,visits-service,10.42.1.122:8080,"{'__name__': 'jvm_memory_max_bytes', 'area': 'nonheap', 'id': ""CodeHeap 'profiled nmethods'"", 'instance': '10.42.1.122:8080', 'job': 'spring-petclinic'}",122908672,same_network,3,300
2026-07-24T22:02:37.828546+00:00,2026-07-24T22:02:37.879000+00:00,jvm_memory_max_bytes,vets-service,10.42.1.123:8080,"{'__name__': 'jvm_memory_max_bytes', 'area': 'nonheap', 'id': ""CodeHeap 'profiled nmethods'"", 'instance': '10.42.1.123:8080', 'job': 'spring-petclinic'}",122908672,same_network,3,300
2026-07-24T22:02:37.828546+00:00,2026-07-24T22:02:37.879000+00:00,jvm_memory_max_bytes,vets-service,10.42.1.124:8080,"{'__name__': 'jvm_memory_max_bytes', 'area': 'nonheap', 'id': ""CodeHeap 'profiled nmethods'"", 'instance': '10.42.1.124:8080', 'job': 'spring-petclinic'}",122908672,same_network,3,300
2026-07-24T22:02:37.828546+00:00,2026-07-24T22:02:37.879000+00:00,jvm_memory_max_bytes,visits-service,10.42.1.125:8080,"{'__name__': 'jvm_memory_max_bytes', 'area': 'nonheap', 'id': ""CodeHeap 'profiled nmethods'"", 'instance': '10.42.1.125:8080', 'job': 'spring-petclinic'}",122908672,same_network,3,300
2026-07-24T22:02:37.828546+00:00,2026-07-24T22:02:37.879000+00:00,jvm_memory_max_bytes,customers-service,10.42.1.126:8080,"{'__name__': 'jvm_memory_max_bytes', 'area': 'nonheap', 'id': ""CodeHeap 'profiled nmethods'"", 'instance': '10.42.1.126:8080', 'job': 'spring-petclinic'}",122908672,same_network,3,300
2026-07-24T22:02:37.828546+00:00,2026-07-24T22:02:37.879000+00:00,jvm_memory_max_bytes,api-gateway,10.42.1.129:8080,"{'__name__': 'jvm_memory_max_bytes', 'area': 'nonheap', 'id': ""CodeHeap 'profiled nmethods'"", 'instance': '10.42.1.129:8080', 'job': 'spring-petclinic'}",122908672,same_network,3,300
2026-07-24T22:02:37.828546+00:00,2026-07-24T22:02:37.879000+00:00,jvm_memory_max_bytes,customers-service,10.42.0.186:8080,"{'__name__': 'jvm_memory_max_bytes', 'area': 'nonheap', 'id': 'Compressed Class Space', 'instance': '10.42.0.186:8080', 'job': 'spring-petclinic'}",1073741824,same_network,3,300
2026-07-24T22:02:37.828546+00:00,2026-07-24T22:02:37.879000+00:00,jvm_memory_max_bytes,api-gateway,10.42.0.187:8080,"{'__name__': 'jvm_memory_max_bytes', 'area': 'nonheap', 'id': 'Compressed Class Space', 'instance': '10.42.0.187:8080', 'job': 'spring-petclinic'}",1073741824,same_network,3,300
2026-07-24T22:02:37.828546+00:00,2026-07-24T22:02:37.879000+00:00,jvm_memory_max_bytes,visits-service,10.42.1.122:8080,"{'__name__': 'jvm_memory_max_bytes', 'area': 'nonheap', 'id': 'Compressed Class Space', 'instance': '10.42.1.122:8080', 'job': 'spring-petclinic'}",1073741824,same_network,3,300
2026-07-24T22:02:37.828546+00:00,2026-07-24T22:02:37.879000+00:00,jvm_memory_max_bytes,vets-service,10.42.1.123:8080,"{'__name__': 'jvm_memory_max_bytes', 'area': 'nonheap', 'id': 'Compressed Class Space', 'instance': '10.42.1.123:8080', 'job': 'spring-petclinic'}",1073741824,same_network,3,300
2026-07-24T22:02:37.828546+00:00,2026-07-24T22:02:37.879000+00:00,jvm_memory_max_bytes,vets-service,10.42.1.124:8080,"{'__name__': 'jvm_memory_max_bytes', 'area': 'nonheap', 'id': 'Compressed Class Space', 'instance': '10.42.1.124:8080', 'job': 'spring-petclinic'}",1073741824,same_network,3,300
2026-07-24T22:02:37.828546+00:00,2026-07-24T22:02:37.879000+00:00,jvm_memory_max_bytes,visits-service,10.42.1.125:8080,"{'__name__': 'jvm_memory_max_bytes', 'area': 'nonheap', 'id': 'Compressed Class Space', 'instance': '10.42.1.125:8080', 'job': 'spring-petclinic'}",1073741824,same_network,3,300
2026-07-24T22:02:37.828546+00:00,2026-07-24T22:02:37.879000+00:00,jvm_memory_max_bytes,customers-service,10.42.1.126:8080,"{'__name__': 'jvm_memory_max_bytes', 'area': 'nonheap', 'id': 'Compressed Class Space', 'instance': '10.42.1.126:8080', 'job': 'spring-petclinic'}",1073741824,same_network,3,300
2026-07-24T22:02:37.828546+00:00,2026-07-24T22:02:37.879000+00:00,jvm_memory_max_bytes,api-gateway,10.42.1.129:8080,"{'__name__': 'jvm_memory_max_bytes', 'area': 'nonheap', 'id': 'Compressed Class Space', 'instance': '10.42.1.129:8080', 'job': 'spring-petclinic'}",1073741824,same_network,3,300
2026-07-24T22:02:37.828546+00:00,2026-07-24T22:02:37.879000+00:00,jvm_memory_max_bytes,customers-service,10.42.0.186:8080,"{'__name__': 'jvm_memory_max_bytes', 'area': 'nonheap', 'id': 'Metaspace', 'instance': '10.42.0.186:8080', 'job': 'spring-petclinic'}",-1,same_network,3,300
2026-07-24T22:02:37.828546+00:00,2026-07-24T22:02:37.879000+00:00,jvm_memory_max_bytes,api-gateway,10.42.0.187:8080,"{'__name__': 'jvm_memory_max_bytes', 'area': 'nonheap', 'id': 'Metaspace', 'instance': '10.42.0.187:8080', 'job': 'spring-petclinic'}",-1,same_network,3,300
2026-07-24T22:02:37.828546+00:00,2026-07-24T22:02:37.879000+00:00,jvm_memory_max_bytes,visits-service,10.42.1.122:8080,"{'__name__': 'jvm_memory_max_bytes', 'area': 'nonheap', 'id': 'Metaspace', 'instance': '10.42.1.122:8080', 'job': 'spring-petclinic'}",-1,same_network,3,300
2026-07-24T22:02:37.828546+00:00,2026-07-24T22:02:37.879000+00:00,jvm_memory_max_bytes,vets-service,10.42.1.123:8080,"{'__name__': 'jvm_memory_max_bytes', 'area': 'nonheap', 'id': 'Metaspace', 'instance': '10.42.1.123:8080', 'job': 'spring-petclinic'}",-1,same_network,3,300
2026-07-24T22:02:37.828546+00:00,2026-07-24T22:02:37.879000+00:00,jvm_memory_max_bytes,vets-service,10.42.1.124:8080,"{'__name__': 'jvm_memory_max_bytes', 'area': 'nonheap', 'id': 'Metaspace', 'instance': '10.42.1.124:8080', 'job': 'spring-petclinic'}",-1,same_network,3,300
2026-07-24T22:02:37.828546+00:00,2026-07-24T22:02:37.879000+00:00,jvm_memory_max_bytes,visits-service,10.42.1.125:8080,"{'__name__': 'jvm_memory_max_bytes', 'area': 'nonheap', 'id': 'Metaspace', 'instance': '10.42.1.125:8080', 'job': 'spring-petclinic'}",-1,same_network,3,300
2026-07-24T22:02:37.828546+00:00,2026-07-24T22:02:37.879000+00:00,jvm_memory_max_bytes,customers-service,10.42.1.126:8080,"{'__name__': 'jvm_memory_max_bytes', 'area': 'nonheap', 'id': 'Metaspace', 'instance': '10.42.1.126:8080', 'job': 'spring-petclinic'}",-1,same_network,3,300
2026-07-24T22:02:37.828546+00:00,2026-07-24T22:02:37.879000+00:00,jvm_memory_max_bytes,api-gateway,10.42.1.129:8080,"{'__name__': 'jvm_memory_max_bytes', 'area': 'nonheap', 'id': 'Metaspace', 'instance': '10.42.1.129:8080', 'job': 'spring-petclinic'}",-1,same_network,3,300
2026-07-24T22:02:37.828546+00:00,2026-07-24T22:02:37.887000+00:00,jvm_memory_usage_after_gc_percent,customers-service,10.42.0.186:8080,"{'__name__': 'jvm_memory_usage_after_gc_percent', 'area': 'heap', 'instance': '10.42.0.186:8080', 'job': 'spring-petclinic', 'pool': 'long-lived'}",0.026682194447357383,same_network,3,300
2026-07-24T22:02:37.828546+00:00,2026-07-24T22:02:37.887000+00:00,jvm_memory_usage_after_gc_percent,api-gateway,10.42.0.187:8080,"{'__name__': 'jvm_memory_usage_after_gc_percent', 'area': 'heap', 'instance': '10.42.0.187:8080', 'job': 'spring-petclinic', 'pool': 'long-lived'}",0.9725146913476062,same_network,3,300
2026-07-24T22:02:37.828546+00:00,2026-07-24T22:02:37.887000+00:00,jvm_memory_usage_after_gc_percent,visits-service,10.42.1.122:8080,"{'__name__': 'jvm_memory_usage_after_gc_percent', 'area': 'heap', 'instance': '10.42.1.122:8080', 'job': 'spring-petclinic', 'pool': 'long-lived'}",0.011428614281143345,same_network,3,300
2026-07-24T22:02:37.828546+00:00,2026-07-24T22:02:37.887000+00:00,jvm_memory_usage_after_gc_percent,vets-service,10.42.1.123:8080,"{'__name__': 'jvm_memory_usage_after_gc_percent', 'area': 'heap', 'instance': '10.42.1.123:8080', 'job': 'spring-petclinic', 'pool': 'long-lived'}",0.015521677687713311,same_network,3,300
2026-07-24T22:02:37.828546+00:00,2026-07-24T22:02:37.887000+00:00,jvm_memory_usage_after_gc_percent,vets-service,10.42.1.124:8080,"{'__name__': 'jvm_memory_usage_after_gc_percent', 'area': 'heap', 'instance': '10.42.1.124:8080', 'job': 'spring-petclinic', 'pool': 'long-lived'}",0.01879407863161263,same_network,3,300
2026-07-24T22:02:37.828546+00:00,2026-07-24T22:02:37.887000+00:00,jvm_memory_usage_after_gc_percent,visits-service,10.42.1.125:8080,"{'__name__': 'jvm_memory_usage_after_gc_percent', 'area': 'heap', 'instance': '10.42.1.125:8080', 'job': 'spring-petclinic', 'pool': 'long-lived'}",0.014126159876279864,same_network,3,300
2026-07-24T22:02:37.828546+00:00,2026-07-24T22:02:37.887000+00:00,jvm_memory_usage_after_gc_percent,customers-service,10.42.1.126:8080,"{'__name__': 'jvm_memory_usage_after_gc_percent', 'area': 'heap', 'instance': '10.42.1.126:8080', 'job': 'spring-petclinic', 'pool': 'long-lived'}",0.018686673421501706,same_network,3,300
2026-07-24T22:02:37.828546+00:00,2026-07-24T22:02:37.887000+00:00,jvm_memory_usage_after_gc_percent,api-gateway,10.42.1.129:8080,"{'__name__': 'jvm_memory_usage_after_gc_percent', 'area': 'heap', 'instance': '10.42.1.129:8080', 'job': 'spring-petclinic', 'pool': 'long-lived'}",0.4833065383559136,same_network,3,300
2026-07-24T22:02:37.828546+00:00,2026-07-24T22:02:37.892000+00:00,jvm_gc_live_data_size_bytes,customers-service,10.42.0.186:8080,"{'__name__': 'jvm_gc_live_data_size_bytes', 'instance': '10.42.0.186:8080', 'job': 'spring-petclinic'}",0,same_network,3,300
2026-07-24T22:02:37.828546+00:00,2026-07-24T22:02:37.892000+00:00,jvm_gc_live_data_size_bytes,api-gateway,10.42.0.187:8080,"{'__name__': 'jvm_gc_live_data_size_bytes', 'instance': '10.42.0.187:8080', 'job': 'spring-petclinic'}",56814760,same_network,3,300
2026-07-24T22:02:37.828546+00:00,2026-07-24T22:02:37.892000+00:00,jvm_gc_live_data_size_bytes,visits-service,10.42.1.122:8080,"{'__name__': 'jvm_gc_live_data_size_bytes', 'instance': '10.42.1.122:8080', 'job': 'spring-petclinic'}",0,same_network,3,300
2026-07-24T22:02:37.828546+00:00,2026-07-24T22:02:37.892000+00:00,jvm_gc_live_data_size_bytes,vets-service,10.42.1.123:8080,"{'__name__': 'jvm_gc_live_data_size_bytes', 'instance': '10.42.1.123:8080', 'job': 'spring-petclinic'}",0,same_network,3,300
2026-07-24T22:02:37.828546+00:00,2026-07-24T22:02:37.892000+00:00,jvm_gc_live_data_size_bytes,vets-service,10.42.1.124:8080,"{'__name__': 'jvm_gc_live_data_size_bytes', 'instance': '10.42.1.124:8080', 'job': 'spring-petclinic'}",0,same_network,3,300
2026-07-24T22:02:37.828546+00:00,2026-07-24T22:02:37.892000+00:00,jvm_gc_live_data_size_bytes,visits-service,10.42.1.125:8080,"{'__name__': 'jvm_gc_live_data_size_bytes', 'instance': '10.42.1.125:8080', 'job': 'spring-petclinic'}",0,same_network,3,300
2026-07-24T22:02:37.828546+00:00,2026-07-24T22:02:37.892000+00:00,jvm_gc_live_data_size_bytes,customers-service,10.42.1.126:8080,"{'__name__': 'jvm_gc_live_data_size_bytes', 'instance': '10.42.1.126:8080', 'job': 'spring-petclinic'}",107705856,same_network,3,300
2026-07-24T22:02:37.828546+00:00,2026-07-24T22:02:37.892000+00:00,jvm_gc_live_data_size_bytes,api-gateway,10.42.1.129:8080,"{'__name__': 'jvm_gc_live_data_size_bytes', 'instance': '10.42.1.129:8080', 'job': 'spring-petclinic'}",53117632,same_network,3,300
2026-07-24T22:02:37.828546+00:00,2026-07-24T22:02:37.897000+00:00,jvm_gc_max_data_size_bytes,customers-service,10.42.0.186:8080,"{'__name__': 'jvm_gc_max_data_size_bytes', 'instance': '10.42.0.186:8080', 'job': 'spring-petclinic'}",6249512960,same_network,3,300
2026-07-24T22:02:37.828546+00:00,2026-07-24T22:02:37.897000+00:00,jvm_gc_max_data_size_bytes,api-gateway,10.42.0.187:8080,"{'__name__': 'jvm_gc_max_data_size_bytes', 'instance': '10.42.0.187:8080', 'job': 'spring-petclinic'}",178978816,same_network,3,300
2026-07-24T22:02:37.828546+00:00,2026-07-24T22:02:37.897000+00:00,jvm_gc_max_data_size_bytes,visits-service,10.42.1.122:8080,"{'__name__': 'jvm_gc_max_data_size_bytes', 'instance': '10.42.1.122:8080', 'job': 'spring-petclinic'}",6144655360,same_network,3,300
2026-07-24T22:02:37.828546+00:00,2026-07-24T22:02:37.897000+00:00,jvm_gc_max_data_size_bytes,vets-service,10.42.1.123:8080,"{'__name__': 'jvm_gc_max_data_size_bytes', 'instance': '10.42.1.123:8080', 'job': 'spring-petclinic'}",6144655360,same_network,3,300
2026-07-24T22:02:37.828546+00:00,2026-07-24T22:02:37.897000+00:00,jvm_gc_max_data_size_bytes,vets-service,10.42.1.124:8080,"{'__name__': 'jvm_gc_max_data_size_bytes', 'instance': '10.42.1.124:8080', 'job': 'spring-petclinic'}",6144655360,same_network,3,300
2026-07-24T22:02:37.828546+00:00,2026-07-24T22:02:37.897000+00:00,jvm_gc_max_data_size_bytes,visits-service,10.42.1.125:8080,"{'__name__': 'jvm_gc_max_data_size_bytes', 'instance': '10.42.1.125:8080', 'job': 'spring-petclinic'}",6144655360,same_network,3,300
2026-07-24T22:02:37.828546+00:00,2026-07-24T22:02:37.897000+00:00,jvm_gc_max_data_size_bytes,customers-service,10.42.1.126:8080,"{'__name__': 'jvm_gc_max_data_size_bytes', 'instance': '10.42.1.126:8080', 'job': 'spring-petclinic'}",6144655360,same_network,3,300
2026-07-24T22:02:37.828546+00:00,2026-07-24T22:02:37.897000+00:00,jvm_gc_max_data_size_bytes,api-gateway,10.42.1.129:8080,"{'__name__': 'jvm_gc_max_data_size_bytes', 'instance': '10.42.1.129:8080', 'job': 'spring-petclinic'}",178978816,same_network,3,300
2026-07-24T22:02:37.828546+00:00,2026-07-24T22:02:37.902000+00:00,jvm_gc_memory_allocated_bytes_total,customers-service,10.42.0.186:8080,"{'__name__': 'jvm_gc_memory_allocated_bytes_total', 'instance': '10.42.0.186:8080', 'job': 'spring-petclinic'}",142421786584,same_network,3,300
2026-07-24T22:02:37.828546+00:00,2026-07-24T22:02:37.902000+00:00,jvm_gc_memory_allocated_bytes_total,api-gateway,10.42.0.187:8080,"{'__name__': 'jvm_gc_memory_allocated_bytes_total', 'instance': '10.42.0.187:8080', 'job': 'spring-petclinic'}",561138519664,same_network,3,300
2026-07-24T22:02:37.828546+00:00,2026-07-24T22:02:37.902000+00:00,jvm_gc_memory_allocated_bytes_total,visits-service,10.42.1.122:8080,"{'__name__': 'jvm_gc_memory_allocated_bytes_total', 'instance': '10.42.1.122:8080', 'job': 'spring-petclinic'}",26034044928,same_network,3,300
2026-07-24T22:02:37.828546+00:00,2026-07-24T22:02:37.902000+00:00,jvm_gc_memory_allocated_bytes_total,vets-service,10.42.1.123:8080,"{'__name__': 'jvm_gc_memory_allocated_bytes_total', 'instance': '10.42.1.123:8080', 'job': 'spring-petclinic'}",58502152184,same_network,3,300
2026-07-24T22:02:37.828546+00:00,2026-07-24T22:02:37.902000+00:00,jvm_gc_memory_allocated_bytes_total,vets-service,10.42.1.124:8080,"{'__name__': 'jvm_gc_memory_allocated_bytes_total', 'instance': '10.42.1.124:8080', 'job': 'spring-petclinic'}",59554922496,same_network,3,300
2026-07-24T22:02:37.828546+00:00,2026-07-24T22:02:37.902000+00:00,jvm_gc_memory_allocated_bytes_total,visits-service,10.42.1.125:8080,"{'__name__': 'jvm_gc_memory_allocated_bytes_total', 'instance': '10.42.1.125:8080', 'job': 'spring-petclinic'}",25597837304,same_network,3,300
2026-07-24T22:02:37.828546+00:00,2026-07-24T22:02:37.902000+00:00,jvm_gc_memory_allocated_bytes_total,customers-service,10.42.1.126:8080,"{'__name__': 'jvm_gc_memory_allocated_bytes_total', 'instance': '10.42.1.126:8080', 'job': 'spring-petclinic'}",141369016144,same_network,3,300
2026-07-24T22:02:37.828546+00:00,2026-07-24T22:02:37.902000+00:00,jvm_gc_memory_allocated_bytes_total,api-gateway,10.42.1.129:8080,"{'__name__': 'jvm_gc_memory_allocated_bytes_total', 'instance': '10.42.1.129:8080', 'job': 'spring-petclinic'}",2682454000,same_network,3,300
2026-07-24T22:02:37.828546+00:00,2026-07-24T22:02:37.907000+00:00,jvm_gc_memory_promoted_bytes_total,customers-service,10.42.0.186:8080,"{'__name__': 'jvm_gc_memory_promoted_bytes_total', 'instance': '10.42.0.186:8080', 'job': 'spring-petclinic'}",142381056,same_network,3,300
2026-07-24T22:02:37.828546+00:00,2026-07-24T22:02:37.907000+00:00,jvm_gc_memory_promoted_bytes_total,api-gateway,10.42.0.187:8080,"{'__name__': 'jvm_gc_memory_promoted_bytes_total', 'instance': '10.42.0.187:8080', 'job': 'spring-petclinic'}",3884225824,same_network,3,300
2026-07-24T22:02:37.828546+00:00,2026-07-24T22:02:37.907000+00:00,jvm_gc_memory_promoted_bytes_total,visits-service,10.42.1.122:8080,"{'__name__': 'jvm_gc_memory_promoted_bytes_total', 'instance': '10.42.1.122:8080', 'job': 'spring-petclinic'}",45635584,same_network,3,300
2026-07-24T22:02:37.828546+00:00,2026-07-24T22:02:37.907000+00:00,jvm_gc_memory_promoted_bytes_total,vets-service,10.42.1.123:8080,"{'__name__': 'jvm_gc_memory_promoted_bytes_total', 'instance': '10.42.1.123:8080', 'job': 'spring-petclinic'}",71059456,same_network,3,300
2026-07-24T22:02:37.828546+00:00,2026-07-24T22:02:37.907000+00:00,jvm_gc_memory_promoted_bytes_total,vets-service,10.42.1.124:8080,"{'__name__': 'jvm_gc_memory_promoted_bytes_total', 'instance': '10.42.1.124:8080', 'job': 'spring-petclinic'}",90891264,same_network,3,300
2026-07-24T22:02:37.828546+00:00,2026-07-24T22:02:37.907000+00:00,jvm_gc_memory_promoted_bytes_total,visits-service,10.42.1.125:8080,"{'__name__': 'jvm_gc_memory_promoted_bytes_total', 'instance': '10.42.1.125:8080', 'job': 'spring-petclinic'}",63519744,same_network,3,300
2026-07-24T22:02:37.828546+00:00,2026-07-24T22:02:37.907000+00:00,jvm_gc_memory_promoted_bytes_total,customers-service,10.42.1.126:8080,"{'__name__': 'jvm_gc_memory_promoted_bytes_total', 'instance': '10.42.1.126:8080', 'job': 'spring-petclinic'}",383167488,same_network,3,300
2026-07-24T22:02:37.828546+00:00,2026-07-24T22:02:37.907000+00:00,jvm_gc_memory_promoted_bytes_total,api-gateway,10.42.1.129:8080,"{'__name__': 'jvm_gc_memory_promoted_bytes_total', 'instance': '10.42.1.129:8080', 'job': 'spring-petclinic'}",69338504,same_network,3,300
2026-07-24T22:02:37.828546+00:00,2026-07-24T22:02:37.911000+00:00,jvm_gc_overhead_percent,customers-service,10.42.0.186:8080,"{'__name__': 'jvm_gc_overhead_percent', 'instance': '10.42.0.186:8080', 'job': 'spring-petclinic'}",0.0006633333333333334,same_network,3,300
2026-07-24T22:02:37.828546+00:00,2026-07-24T22:02:37.911000+00:00,jvm_gc_overhead_percent,api-gateway,10.42.0.187:8080,"{'__name__': 'jvm_gc_overhead_percent', 'instance': '10.42.0.187:8080', 'job': 'spring-petclinic'}",0.00627,same_network,3,300
2026-07-24T22:02:37.828546+00:00,2026-07-24T22:02:37.911000+00:00,jvm_gc_overhead_percent,visits-service,10.42.1.122:8080,"{'__name__': 'jvm_gc_overhead_percent', 'instance': '10.42.1.122:8080', 'job': 'spring-petclinic'}",0.00011,same_network,3,300
2026-07-24T22:02:37.828546+00:00,2026-07-24T22:02:37.911000+00:00,jvm_gc_overhead_percent,vets-service,10.42.1.123:8080,"{'__name__': 'jvm_gc_overhead_percent', 'instance': '10.42.1.123:8080', 'job': 'spring-petclinic'}",0.0002466666666666667,same_network,3,300
2026-07-24T22:02:37.828546+00:00,2026-07-24T22:02:37.911000+00:00,jvm_gc_overhead_percent,vets-service,10.42.1.124:8080,"{'__name__': 'jvm_gc_overhead_percent', 'instance': '10.42.1.124:8080', 'job': 'spring-petclinic'}",0.0004766666666666667,same_network,3,300
2026-07-24T22:02:37.828546+00:00,2026-07-24T22:02:37.911000+00:00,jvm_gc_overhead_percent,visits-service,10.42.1.125:8080,"{'__name__': 'jvm_gc_overhead_percent', 'instance': '10.42.1.125:8080', 'job': 'spring-petclinic'}",0.00022666666666666666,same_network,3,300
2026-07-24T22:02:37.828546+00:00,2026-07-24T22:02:37.911000+00:00,jvm_gc_overhead_percent,customers-service,10.42.1.126:8080,"{'__name__': 'jvm_gc_overhead_percent', 'instance': '10.42.1.126:8080', 'job': 'spring-petclinic'}",0.00045,same_network,3,300
2026-07-24T22:02:37.828546+00:00,2026-07-24T22:02:37.911000+00:00,jvm_gc_overhead_percent,api-gateway,10.42.1.129:8080,"{'__name__': 'jvm_gc_overhead_percent', 'instance': '10.42.1.129:8080', 'job': 'spring-petclinic'}",0.0054420497448571655,same_network,3,300
2026-07-24T22:02:37.828546+00:00,2026-07-24T22:02:37.915000+00:00,jvm_gc_pause_seconds_count,api-gateway,10.42.0.187:8080,"{'__name__': 'jvm_gc_pause_seconds_count', 'action': 'end of major GC', 'cause': 'Allocation Failure', 'instance': '10.42.0.187:8080', 'job': 'spring-petclinic'}",145,same_network,3,300
2026-07-24T22:02:37.828546+00:00,2026-07-24T22:02:37.915000+00:00,jvm_gc_pause_seconds_count,api-gateway,10.42.1.129:8080,"{'__name__': 'jvm_gc_pause_seconds_count', 'action': 'end of major GC', 'cause': 'Allocation Failure', 'instance': '10.42.1.129:8080', 'job': 'spring-petclinic'}",2,same_network,3,300
2026-07-24T22:02:37.828546+00:00,2026-07-24T22:02:37.915000+00:00,jvm_gc_pause_seconds_count,api-gateway,10.42.0.187:8080,"{'__name__': 'jvm_gc_pause_seconds_count', 'action': 'end of minor GC', 'cause': 'Allocation Failure', 'instance': '10.42.0.187:8080', 'job': 'spring-petclinic'}",13956,same_network,3,300
2026-07-24T22:02:37.828546+00:00,2026-07-24T22:02:37.915000+00:00,jvm_gc_pause_seconds_count,api-gateway,10.42.1.129:8080,"{'__name__': 'jvm_gc_pause_seconds_count', 'action': 'end of minor GC', 'cause': 'Allocation Failure', 'instance': '10.42.1.129:8080', 'job': 'spring-petclinic'}",101,same_network,3,300
2026-07-24T22:02:37.828546+00:00,2026-07-24T22:02:37.915000+00:00,jvm_gc_pause_seconds_count,customers-service,10.42.0.186:8080,"{'__name__': 'jvm_gc_pause_seconds_count', 'action': 'end of minor GC', 'cause': 'G1 Evacuation Pause', 'instance': '10.42.0.186:8080', 'job': 'spring-petclinic'}",567,same_network,3,300
2026-07-24T22:02:37.828546+00:00,2026-07-24T22:02:37.915000+00:00,jvm_gc_pause_seconds_count,visits-service,10.42.1.122:8080,"{'__name__': 'jvm_gc_pause_seconds_count', 'action': 'end of minor GC', 'cause': 'G1 Evacuation Pause', 'instance': '10.42.1.122:8080', 'job': 'spring-petclinic'}",123,same_network,3,300
2026-07-24T22:02:37.828546+00:00,2026-07-24T22:02:37.915000+00:00,jvm_gc_pause_seconds_count,vets-service,10.42.1.123:8080,"{'__name__': 'jvm_gc_pause_seconds_count', 'action': 'end of minor GC', 'cause': 'G1 Evacuation Pause', 'instance': '10.42.1.123:8080', 'job': 'spring-petclinic'}",220,same_network,3,300
2026-07-24T22:02:37.828546+00:00,2026-07-24T22:02:37.915000+00:00,jvm_gc_pause_seconds_count,vets-service,10.42.1.124:8080,"{'__name__': 'jvm_gc_pause_seconds_count', 'action': 'end of minor GC', 'cause': 'G1 Evacuation Pause', 'instance': '10.42.1.124:8080', 'job': 'spring-petclinic'}",416,same_network,3,300
2026-07-24T22:02:37.828546+00:00,2026-07-24T22:02:37.915000+00:00,jvm_gc_pause_seconds_count,visits-service,10.42.1.125:8080,"{'__name__': 'jvm_gc_pause_seconds_count', 'action': 'end of minor GC', 'cause': 'G1 Evacuation Pause', 'instance': '10.42.1.125:8080', 'job': 'spring-petclinic'}",210,same_network,3,300
2026-07-24T22:02:37.828546+00:00,2026-07-24T22:02:37.915000+00:00,jvm_gc_pause_seconds_count,customers-service,10.42.1.126:8080,"{'__name__': 'jvm_gc_pause_seconds_count', 'action': 'end of minor GC', 'cause': 'G1 Evacuation Pause', 'instance': '10.42.1.126:8080', 'job': 'spring-petclinic'}",1990,same_network,3,300
2026-07-24T22:02:37.828546+00:00,2026-07-24T22:02:37.915000+00:00,jvm_gc_pause_seconds_count,customers-service,10.42.1.126:8080,"{'__name__': 'jvm_gc_pause_seconds_count', 'action': 'end of minor GC', 'cause': 'G1 Preventive Collection', 'instance': '10.42.1.126:8080', 'job': 'spring-petclinic'}",1,same_network,3,300
2026-07-24T22:02:37.828546+00:00,2026-07-24T22:02:37.915000+00:00,jvm_gc_pause_seconds_count,visits-service,10.42.1.125:8080,"{'__name__': 'jvm_gc_pause_seconds_count', 'action': 'end of minor GC', 'cause': 'GCLocker Initiated GC', 'instance': '10.42.1.125:8080', 'job': 'spring-petclinic'}",1,same_network,3,300
2026-07-24T22:02:37.828546+00:00,2026-07-24T22:02:37.915000+00:00,jvm_gc_pause_seconds_count,customers-service,10.42.1.126:8080,"{'__name__': 'jvm_gc_pause_seconds_count', 'action': 'end of minor GC', 'cause': 'GCLocker Initiated GC', 'instance': '10.42.1.126:8080', 'job': 'spring-petclinic'}",2,same_network,3,300
2026-07-24T22:02:37.828546+00:00,2026-07-24T22:02:37.915000+00:00,jvm_gc_pause_seconds_count,customers-service,10.42.0.186:8080,"{'__name__': 'jvm_gc_pause_seconds_count', 'action': 'end of minor GC', 'cause': 'Metadata GC Threshold', 'instance': '10.42.0.186:8080', 'job': 'spring-petclinic'}",1,same_network,3,300
2026-07-24T22:02:37.828546+00:00,2026-07-24T22:02:37.915000+00:00,jvm_gc_pause_seconds_count,visits-service,10.42.1.122:8080,"{'__name__': 'jvm_gc_pause_seconds_count', 'action': 'end of minor GC', 'cause': 'Metadata GC Threshold', 'instance': '10.42.1.122:8080', 'job': 'spring-petclinic'}",1,same_network,3,300
2026-07-24T22:02:37.828546+00:00,2026-07-24T22:02:37.915000+00:00,jvm_gc_pause_seconds_count,vets-service,10.42.1.123:8080,"{'__name__': 'jvm_gc_pause_seconds_count', 'action': 'end of minor GC', 'cause': 'Metadata GC Threshold', 'instance': '10.42.1.123:8080', 'job': 'spring-petclinic'}",1,same_network,3,300
2026-07-24T22:02:37.828546+00:00,2026-07-24T22:02:37.915000+00:00,jvm_gc_pause_seconds_count,vets-service,10.42.1.124:8080,"{'__name__': 'jvm_gc_pause_seconds_count', 'action': 'end of minor GC', 'cause': 'Metadata GC Threshold', 'instance': '10.42.1.124:8080', 'job': 'spring-petclinic'}",1,same_network,3,300
2026-07-24T22:02:37.828546+00:00,2026-07-24T22:02:37.915000+00:00,jvm_gc_pause_seconds_count,visits-service,10.42.1.125:8080,"{'__name__': 'jvm_gc_pause_seconds_count', 'action': 'end of minor GC', 'cause': 'Metadata GC Threshold', 'instance': '10.42.1.125:8080', 'job': 'spring-petclinic'}",1,same_network,3,300
2026-07-24T22:02:37.828546+00:00,2026-07-24T22:02:37.915000+00:00,jvm_gc_pause_seconds_count,customers-service,10.42.1.126:8080,"{'__name__': 'jvm_gc_pause_seconds_count', 'action': 'end of minor GC', 'cause': 'Metadata GC Threshold', 'instance': '10.42.1.126:8080', 'job': 'spring-petclinic'}",1,same_network,3,300
2026-07-24T22:02:37.828546+00:00,2026-07-24T22:02:37.920000+00:00,jvm_gc_pause_seconds_sum,api-gateway,10.42.0.187:8080,"{'__name__': 'jvm_gc_pause_seconds_sum', 'action': 'end of major GC', 'cause': 'Allocation Failure', 'instance': '10.42.0.187:8080', 'job': 'spring-petclinic'}",76.808,same_network,3,300
2026-07-24T22:02:37.828546+00:00,2026-07-24T22:02:37.920000+00:00,jvm_gc_pause_seconds_sum,api-gateway,10.42.1.129:8080,"{'__name__': 'jvm_gc_pause_seconds_sum', 'action': 'end of major GC', 'cause': 'Allocation Failure', 'instance': '10.42.1.129:8080', 'job': 'spring-petclinic'}",0.252,same_network,3,300
2026-07-24T22:02:37.828546+00:00,2026-07-24T22:02:37.920000+00:00,jvm_gc_pause_seconds_sum,api-gateway,10.42.0.187:8080,"{'__name__': 'jvm_gc_pause_seconds_sum', 'action': 'end of minor GC', 'cause': 'Allocation Failure', 'instance': '10.42.0.187:8080', 'job': 'spring-petclinic'}",94.719,same_network,3,300
2026-07-24T22:02:37.828546+00:00,2026-07-24T22:02:37.920000+00:00,jvm_gc_pause_seconds_sum,api-gateway,10.42.1.129:8080,"{'__name__': 'jvm_gc_pause_seconds_sum', 'action': 'end of minor GC', 'cause': 'Allocation Failure', 'instance': '10.42.1.129:8080', 'job': 'spring-petclinic'}",0.832,same_network,3,300
2026-07-24T22:02:37.828546+00:00,2026-07-24T22:02:37.920000+00:00,jvm_gc_pause_seconds_sum,customers-service,10.42.0.186:8080,"{'__name__': 'jvm_gc_pause_seconds_sum', 'action': 'end of minor GC', 'cause': 'G1 Evacuation Pause', 'instance': '10.42.0.186:8080', 'job': 'spring-petclinic'}",7.363,same_network,3,300
2026-07-24T22:02:37.828546+00:00,2026-07-24T22:02:37.920000+00:00,jvm_gc_pause_seconds_sum,visits-service,10.42.1.122:8080,"{'__name__': 'jvm_gc_pause_seconds_sum', 'action': 'end of minor GC', 'cause': 'G1 Evacuation Pause', 'instance': '10.42.1.122:8080', 'job': 'spring-petclinic'}",2.004,same_network,3,300
2026-07-24T22:02:37.828546+00:00,2026-07-24T22:02:37.920000+00:00,jvm_gc_pause_seconds_sum,vets-service,10.42.1.123:8080,"{'__name__': 'jvm_gc_pause_seconds_sum', 'action': 'end of minor GC', 'cause': 'G1 Evacuation Pause', 'instance': '10.42.1.123:8080', 'job': 'spring-petclinic'}",3.149,same_network,3,300
2026-07-24T22:02:37.828546+00:00,2026-07-24T22:02:37.920000+00:00,jvm_gc_pause_seconds_sum,vets-service,10.42.1.124:8080,"{'__name__': 'jvm_gc_pause_seconds_sum', 'action': 'end of minor GC', 'cause': 'G1 Evacuation Pause', 'instance': '10.42.1.124:8080', 'job': 'spring-petclinic'}",6.26,same_network,3,300
2026-07-24T22:02:37.828546+00:00,2026-07-24T22:02:37.920000+00:00,jvm_gc_pause_seconds_sum,visits-service,10.42.1.125:8080,"{'__name__': 'jvm_gc_pause_seconds_sum', 'action': 'end of minor GC', 'cause': 'G1 Evacuation Pause', 'instance': '10.42.1.125:8080', 'job': 'spring-petclinic'}",3.002,same_network,3,300
2026-07-24T22:02:37.828546+00:00,2026-07-24T22:02:37.920000+00:00,jvm_gc_pause_seconds_sum,customers-service,10.42.1.126:8080,"{'__name__': 'jvm_gc_pause_seconds_sum', 'action': 'end of minor GC', 'cause': 'G1 Evacuation Pause', 'instance': '10.42.1.126:8080', 'job': 'spring-petclinic'}",20.739,same_network,3,300
2026-07-24T22:02:37.828546+00:00,2026-07-24T22:02:37.920000+00:00,jvm_gc_pause_seconds_sum,customers-service,10.42.1.126:8080,"{'__name__': 'jvm_gc_pause_seconds_sum', 'action': 'end of minor GC', 'cause': 'G1 Preventive Collection', 'instance': '10.42.1.126:8080', 'job': 'spring-petclinic'}",0.008,same_network,3,300
2026-07-24T22:02:37.828546+00:00,2026-07-24T22:02:37.920000+00:00,jvm_gc_pause_seconds_sum,visits-service,10.42.1.125:8080,"{'__name__': 'jvm_gc_pause_seconds_sum', 'action': 'end of minor GC', 'cause': 'GCLocker Initiated GC', 'instance': '10.42.1.125:8080', 'job': 'spring-petclinic'}",0.011,same_network,3,300
2026-07-24T22:02:37.828546+00:00,2026-07-24T22:02:37.920000+00:00,jvm_gc_pause_seconds_sum,customers-service,10.42.1.126:8080,"{'__name__': 'jvm_gc_pause_seconds_sum', 'action': 'end of minor GC', 'cause': 'GCLocker Initiated GC', 'instance': '10.42.1.126:8080', 'job': 'spring-petclinic'}",0.009,same_network,3,300
2026-07-24T22:02:37.828546+00:00,2026-07-24T22:02:37.920000+00:00,jvm_gc_pause_seconds_sum,customers-service,10.42.0.186:8080,"{'__name__': 'jvm_gc_pause_seconds_sum', 'action': 'end of minor GC', 'cause': 'Metadata GC Threshold', 'instance': '10.42.0.186:8080', 'job': 'spring-petclinic'}",0.02,same_network,3,300
2026-07-24T22:02:37.828546+00:00,2026-07-24T22:02:37.920000+00:00,jvm_gc_pause_seconds_sum,visits-service,10.42.1.122:8080,"{'__name__': 'jvm_gc_pause_seconds_sum', 'action': 'end of minor GC', 'cause': 'Metadata GC Threshold', 'instance': '10.42.1.122:8080', 'job': 'spring-petclinic'}",0.011,same_network,3,300
2026-07-24T22:02:37.828546+00:00,2026-07-24T22:02:37.920000+00:00,jvm_gc_pause_seconds_sum,vets-service,10.42.1.123:8080,"{'__name__': 'jvm_gc_pause_seconds_sum', 'action': 'end of minor GC', 'cause': 'Metadata GC Threshold', 'instance': '10.42.1.123:8080', 'job': 'spring-petclinic'}",0.021,same_network,3,300
2026-07-24T22:02:37.828546+00:00,2026-07-24T22:02:37.920000+00:00,jvm_gc_pause_seconds_sum,vets-service,10.42.1.124:8080,"{'__name__': 'jvm_gc_pause_seconds_sum', 'action': 'end of minor GC', 'cause': 'Metadata GC Threshold', 'instance': '10.42.1.124:8080', 'job': 'spring-petclinic'}",0.014,same_network,3,300
2026-07-24T22:02:37.828546+00:00,2026-07-24T22:02:37.920000+00:00,jvm_gc_pause_seconds_sum,visits-service,10.42.1.125:8080,"{'__name__': 'jvm_gc_pause_seconds_sum', 'action': 'end of minor GC', 'cause': 'Metadata GC Threshold', 'instance': '10.42.1.125:8080', 'job': 'spring-petclinic'}",0.009,same_network,3,300
2026-07-24T22:02:37.828546+00:00,2026-07-24T22:02:37.920000+00:00,jvm_gc_pause_seconds_sum,customers-service,10.42.1.126:8080,"{'__name__': 'jvm_gc_pause_seconds_sum', 'action': 'end of minor GC', 'cause': 'Metadata GC Threshold', 'instance': '10.42.1.126:8080', 'job': 'spring-petclinic'}",0.009,same_network,3,300
2026-07-24T22:02:37.828546+00:00,2026-07-24T22:02:37.924000+00:00,jvm_gc_pause_seconds_max,api-gateway,10.42.0.187:8080,"{'__name__': 'jvm_gc_pause_seconds_max', 'action': 'end of major GC', 'cause': 'Allocation Failure', 'instance': '10.42.0.187:8080', 'job': 'spring-petclinic'}",0,same_network,3,300
2026-07-24T22:02:37.828546+00:00,2026-07-24T22:02:37.924000+00:00,jvm_gc_pause_seconds_max,api-gateway,10.42.1.129:8080,"{'__name__': 'jvm_gc_pause_seconds_max', 'action': 'end of major GC', 'cause': 'Allocation Failure', 'instance': '10.42.1.129:8080', 'job': 'spring-petclinic'}",0,same_network,3,300
2026-07-24T22:02:37.828546+00:00,2026-07-24T22:02:37.924000+00:00,jvm_gc_pause_seconds_max,api-gateway,10.42.0.187:8080,"{'__name__': 'jvm_gc_pause_seconds_max', 'action': 'end of minor GC', 'cause': 'Allocation Failure', 'instance': '10.42.0.187:8080', 'job': 'spring-petclinic'}",0.023,same_network,3,300
2026-07-24T22:02:37.828546+00:00,2026-07-24T22:02:37.924000+00:00,jvm_gc_pause_seconds_max,api-gateway,10.42.1.129:8080,"{'__name__': 'jvm_gc_pause_seconds_max', 'action': 'end of minor GC', 'cause': 'Allocation Failure', 'instance': '10.42.1.129:8080', 'job': 'spring-petclinic'}",0.016,same_network,3,300
2026-07-24T22:02:37.828546+00:00,2026-07-24T22:02:37.924000+00:00,jvm_gc_pause_seconds_max,customers-service,10.42.0.186:8080,"{'__name__': 'jvm_gc_pause_seconds_max', 'action': 'end of minor GC', 'cause': 'G1 Evacuation Pause', 'instance': '10.42.0.186:8080', 'job': 'spring-petclinic'}",0.014,same_network,3,300
2026-07-24T22:02:37.828546+00:00,2026-07-24T22:02:37.924000+00:00,jvm_gc_pause_seconds_max,visits-service,10.42.1.122:8080,"{'__name__': 'jvm_gc_pause_seconds_max', 'action': 'end of minor GC', 'cause': 'G1 Evacuation Pause', 'instance': '10.42.1.122:8080', 'job': 'spring-petclinic'}",0.016,same_network,3,300
2026-07-24T22:02:37.828546+00:00,2026-07-24T22:02:37.924000+00:00,jvm_gc_pause_seconds_max,vets-service,10.42.1.123:8080,"{'__name__': 'jvm_gc_pause_seconds_max', 'action': 'end of minor GC', 'cause': 'G1 Evacuation Pause', 'instance': '10.42.1.123:8080', 'job': 'spring-petclinic'}",0.015,same_network,3,300
2026-07-24T22:02:37.828546+00:00,2026-07-24T22:02:37.924000+00:00,jvm_gc_pause_seconds_max,vets-service,10.42.1.124:8080,"{'__name__': 'jvm_gc_pause_seconds_max', 'action': 'end of minor GC', 'cause': 'G1 Evacuation Pause', 'instance': '10.42.1.124:8080', 'job': 'spring-petclinic'}",0.015,same_network,3,300
2026-07-24T22:02:37.828546+00:00,2026-07-24T22:02:37.924000+00:00,jvm_gc_pause_seconds_max,visits-service,10.42.1.125:8080,"{'__name__': 'jvm_gc_pause_seconds_max', 'action': 'end of minor GC', 'cause': 'G1 Evacuation Pause', 'instance': '10.42.1.125:8080', 'job': 'spring-petclinic'}",0.016,same_network,3,300
2026-07-24T22:02:37.828546+00:00,2026-07-24T22:02:37.924000+00:00,jvm_gc_pause_seconds_max,customers-service,10.42.1.126:8080,"{'__name__': 'jvm_gc_pause_seconds_max', 'action': 'end of minor GC', 'cause': 'G1 Evacuation Pause', 'instance': '10.42.1.126:8080', 'job': 'spring-petclinic'}",0.017,same_network,3,300
2026-07-24T22:02:37.828546+00:00,2026-07-24T22:02:37.924000+00:00,jvm_gc_pause_seconds_max,customers-service,10.42.1.126:8080,"{'__name__': 'jvm_gc_pause_seconds_max', 'action': 'end of minor GC', 'cause': 'G1 Preventive Collection', 'instance': '10.42.1.126:8080', 'job': 'spring-petclinic'}",0,same_network,3,300
2026-07-24T22:02:37.828546+00:00,2026-07-24T22:02:37.924000+00:00,jvm_gc_pause_seconds_max,visits-service,10.42.1.125:8080,"{'__name__': 'jvm_gc_pause_seconds_max', 'action': 'end of minor GC', 'cause': 'GCLocker Initiated GC', 'instance': '10.42.1.125:8080', 'job': 'spring-petclinic'}",0,same_network,3,300
2026-07-24T22:02:37.828546+00:00,2026-07-24T22:02:37.924000+00:00,jvm_gc_pause_seconds_max,customers-service,10.42.1.126:8080,"{'__name__': 'jvm_gc_pause_seconds_max', 'action': 'end of minor GC', 'cause': 'GCLocker Initiated GC', 'instance': '10.42.1.126:8080', 'job': 'spring-petclinic'}",0,same_network,3,300
2026-07-24T22:02:37.828546+00:00,2026-07-24T22:02:37.924000+00:00,jvm_gc_pause_seconds_max,customers-service,10.42.0.186:8080,"{'__name__': 'jvm_gc_pause_seconds_max', 'action': 'end of minor GC', 'cause': 'Metadata GC Threshold', 'instance': '10.42.0.186:8080', 'job': 'spring-petclinic'}",0,same_network,3,300
2026-07-24T22:02:37.828546+00:00,2026-07-24T22:02:37.924000+00:00,jvm_gc_pause_seconds_max,visits-service,10.42.1.122:8080,"{'__name__': 'jvm_gc_pause_seconds_max', 'action': 'end of minor GC', 'cause': 'Metadata GC Threshold', 'instance': '10.42.1.122:8080', 'job': 'spring-petclinic'}",0,same_network,3,300
2026-07-24T22:02:37.828546+00:00,2026-07-24T22:02:37.924000+00:00,jvm_gc_pause_seconds_max,vets-service,10.42.1.123:8080,"{'__name__': 'jvm_gc_pause_seconds_max', 'action': 'end of minor GC', 'cause': 'Metadata GC Threshold', 'instance': '10.42.1.123:8080', 'job': 'spring-petclinic'}",0,same_network,3,300
2026-07-24T22:02:37.828546+00:00,2026-07-24T22:02:37.924000+00:00,jvm_gc_pause_seconds_max,vets-service,10.42.1.124:8080,"{'__name__': 'jvm_gc_pause_seconds_max', 'action': 'end of minor GC', 'cause': 'Metadata GC Threshold', 'instance': '10.42.1.124:8080', 'job': 'spring-petclinic'}",0,same_network,3,300
2026-07-24T22:02:37.828546+00:00,2026-07-24T22:02:37.924000+00:00,jvm_gc_pause_seconds_max,visits-service,10.42.1.125:8080,"{'__name__': 'jvm_gc_pause_seconds_max', 'action': 'end of minor GC', 'cause': 'Metadata GC Threshold', 'instance': '10.42.1.125:8080', 'job': 'spring-petclinic'}",0,same_network,3,300
2026-07-24T22:02:37.828546+00:00,2026-07-24T22:02:37.924000+00:00,jvm_gc_pause_seconds_max,customers-service,10.42.1.126:8080,"{'__name__': 'jvm_gc_pause_seconds_max', 'action': 'end of minor GC', 'cause': 'Metadata GC Threshold', 'instance': '10.42.1.126:8080', 'job': 'spring-petclinic'}",0,same_network,3,300
2026-07-24T22:02:37.828546+00:00,2026-07-24T22:02:37.930000+00:00,jvm_buffer_count_buffers,customers-service,10.42.0.186:8080,"{'__name__': 'jvm_buffer_count_buffers', 'id': 'direct', 'instance': '10.42.0.186:8080', 'job': 'spring-petclinic'}",199,same_network,3,300
2026-07-24T22:02:37.828546+00:00,2026-07-24T22:02:37.930000+00:00,jvm_buffer_count_buffers,api-gateway,10.42.0.187:8080,"{'__name__': 'jvm_buffer_count_buffers', 'id': 'direct', 'instance': '10.42.0.187:8080', 'job': 'spring-petclinic'}",31,same_network,3,300
2026-07-24T22:02:37.828546+00:00,2026-07-24T22:02:37.930000+00:00,jvm_buffer_count_buffers,visits-service,10.42.1.122:8080,"{'__name__': 'jvm_buffer_count_buffers', 'id': 'direct', 'instance': '10.42.1.122:8080', 'job': 'spring-petclinic'}",20,same_network,3,300
2026-07-24T22:02:37.828546+00:00,2026-07-24T22:02:37.930000+00:00,jvm_buffer_count_buffers,vets-service,10.42.1.123:8080,"{'__name__': 'jvm_buffer_count_buffers', 'id': 'direct', 'instance': '10.42.1.123:8080', 'job': 'spring-petclinic'}",98,same_network,3,300
2026-07-24T22:02:37.828546+00:00,2026-07-24T22:02:37.930000+00:00,jvm_buffer_count_buffers,vets-service,10.42.1.124:8080,"{'__name__': 'jvm_buffer_count_buffers', 'id': 'direct', 'instance': '10.42.1.124:8080', 'job': 'spring-petclinic'}",79,same_network,3,300
2026-07-24T22:02:37.828546+00:00,2026-07-24T22:02:37.930000+00:00,jvm_buffer_count_buffers,visits-service,10.42.1.125:8080,"{'__name__': 'jvm_buffer_count_buffers', 'id': 'direct', 'instance': '10.42.1.125:8080', 'job': 'spring-petclinic'}",23,same_network,3,300
2026-07-24T22:02:37.828546+00:00,2026-07-24T22:02:37.930000+00:00,jvm_buffer_count_buffers,customers-service,10.42.1.126:8080,"{'__name__': 'jvm_buffer_count_buffers', 'id': 'direct', 'instance': '10.42.1.126:8080', 'job': 'spring-petclinic'}",201,same_network,3,300
2026-07-24T22:02:37.828546+00:00,2026-07-24T22:02:37.930000+00:00,jvm_buffer_count_buffers,api-gateway,10.42.1.129:8080,"{'__name__': 'jvm_buffer_count_buffers', 'id': 'direct', 'instance': '10.42.1.129:8080', 'job': 'spring-petclinic'}",31,same_network,3,300
2026-07-24T22:02:37.828546+00:00,2026-07-24T22:02:37.930000+00:00,jvm_buffer_count_buffers,customers-service,10.42.0.186:8080,"{'__name__': 'jvm_buffer_count_buffers', 'id': 'mapped', 'instance': '10.42.0.186:8080', 'job': 'spring-petclinic'}",0,same_network,3,300
2026-07-24T22:02:37.828546+00:00,2026-07-24T22:02:37.930000+00:00,jvm_buffer_count_buffers,api-gateway,10.42.0.187:8080,"{'__name__': 'jvm_buffer_count_buffers', 'id': 'mapped', 'instance': '10.42.0.187:8080', 'job': 'spring-petclinic'}",0,same_network,3,300
2026-07-24T22:02:37.828546+00:00,2026-07-24T22:02:37.930000+00:00,jvm_buffer_count_buffers,visits-service,10.42.1.122:8080,"{'__name__': 'jvm_buffer_count_buffers', 'id': 'mapped', 'instance': '10.42.1.122:8080', 'job': 'spring-petclinic'}",0,same_network,3,300
2026-07-24T22:02:37.828546+00:00,2026-07-24T22:02:37.930000+00:00,jvm_buffer_count_buffers,vets-service,10.42.1.123:8080,"{'__name__': 'jvm_buffer_count_buffers', 'id': 'mapped', 'instance': '10.42.1.123:8080', 'job': 'spring-petclinic'}",0,same_network,3,300
2026-07-24T22:02:37.828546+00:00,2026-07-24T22:02:37.930000+00:00,jvm_buffer_count_buffers,vets-service,10.42.1.124:8080,"{'__name__': 'jvm_buffer_count_buffers', 'id': 'mapped', 'instance': '10.42.1.124:8080', 'job': 'spring-petclinic'}",0,same_network,3,300
2026-07-24T22:02:37.828546+00:00,2026-07-24T22:02:37.930000+00:00,jvm_buffer_count_buffers,visits-service,10.42.1.125:8080,"{'__name__': 'jvm_buffer_count_buffers', 'id': 'mapped', 'instance': '10.42.1.125:8080', 'job': 'spring-petclinic'}",0,same_network,3,300
2026-07-24T22:02:37.828546+00:00,2026-07-24T22:02:37.930000+00:00,jvm_buffer_count_buffers,customers-service,10.42.1.126:8080,"{'__name__': 'jvm_buffer_count_buffers', 'id': 'mapped', 'instance': '10.42.1.126:8080', 'job': 'spring-petclinic'}",0,same_network,3,300
2026-07-24T22:02:37.828546+00:00,2026-07-24T22:02:37.930000+00:00,jvm_buffer_count_buffers,api-gateway,10.42.1.129:8080,"{'__name__': 'jvm_buffer_count_buffers', 'id': 'mapped', 'instance': '10.42.1.129:8080', 'job': 'spring-petclinic'}",0,same_network,3,300
2026-07-24T22:02:37.828546+00:00,2026-07-24T22:02:37.930000+00:00,jvm_buffer_count_buffers,customers-service,10.42.0.186:8080,"{'__name__': 'jvm_buffer_count_buffers', 'id': ""mapped - 'non-volatile memory'"", 'instance': '10.42.0.186:8080', 'job': 'spring-petclinic'}",0,same_network,3,300
2026-07-24T22:02:37.828546+00:00,2026-07-24T22:02:37.930000+00:00,jvm_buffer_count_buffers,api-gateway,10.42.0.187:8080,"{'__name__': 'jvm_buffer_count_buffers', 'id': ""mapped - 'non-volatile memory'"", 'instance': '10.42.0.187:8080', 'job': 'spring-petclinic'}",0,same_network,3,300
2026-07-24T22:02:37.828546+00:00,2026-07-24T22:02:37.930000+00:00,jvm_buffer_count_buffers,visits-service,10.42.1.122:8080,"{'__name__': 'jvm_buffer_count_buffers', 'id': ""mapped - 'non-volatile memory'"", 'instance': '10.42.1.122:8080', 'job': 'spring-petclinic'}",0,same_network,3,300
2026-07-24T22:02:37.828546+00:00,2026-07-24T22:02:37.930000+00:00,jvm_buffer_count_buffers,vets-service,10.42.1.123:8080,"{'__name__': 'jvm_buffer_count_buffers', 'id': ""mapped - 'non-volatile memory'"", 'instance': '10.42.1.123:8080', 'job': 'spring-petclinic'}",0,same_network,3,300
2026-07-24T22:02:37.828546+00:00,2026-07-24T22:02:37.930000+00:00,jvm_buffer_count_buffers,vets-service,10.42.1.124:8080,"{'__name__': 'jvm_buffer_count_buffers', 'id': ""mapped - 'non-volatile memory'"", 'instance': '10.42.1.124:8080', 'job': 'spring-petclinic'}",0,same_network,3,300
2026-07-24T22:02:37.828546+00:00,2026-07-24T22:02:37.930000+00:00,jvm_buffer_count_buffers,visits-service,10.42.1.125:8080,"{'__name__': 'jvm_buffer_count_buffers', 'id': ""mapped - 'non-volatile memory'"", 'instance': '10.42.1.125:8080', 'job': 'spring-petclinic'}",0,same_network,3,300
2026-07-24T22:02:37.828546+00:00,2026-07-24T22:02:37.930000+00:00,jvm_buffer_count_buffers,customers-service,10.42.1.126:8080,"{'__name__': 'jvm_buffer_count_buffers', 'id': ""mapped - 'non-volatile memory'"", 'instance': '10.42.1.126:8080', 'job': 'spring-petclinic'}",0,same_network,3,300
2026-07-24T22:02:37.828546+00:00,2026-07-24T22:02:37.930000+00:00,jvm_buffer_count_buffers,api-gateway,10.42.1.129:8080,"{'__name__': 'jvm_buffer_count_buffers', 'id': ""mapped - 'non-volatile memory'"", 'instance': '10.42.1.129:8080', 'job': 'spring-petclinic'}",0,same_network,3,300
2026-07-24T22:02:37.828546+00:00,2026-07-24T22:02:37.936000+00:00,jvm_buffer_memory_used_bytes,customers-service,10.42.0.186:8080,"{'__name__': 'jvm_buffer_memory_used_bytes', 'id': 'direct', 'instance': '10.42.0.186:8080', 'job': 'spring-petclinic'}",1715306,same_network,3,300
2026-07-24T22:02:37.828546+00:00,2026-07-24T22:02:37.936000+00:00,jvm_buffer_memory_used_bytes,api-gateway,10.42.0.187:8080,"{'__name__': 'jvm_buffer_memory_used_bytes', 'id': 'direct', 'instance': '10.42.0.187:8080', 'job': 'spring-petclinic'}",34260529,same_network,3,300
2026-07-24T22:02:37.828546+00:00,2026-07-24T22:02:37.936000+00:00,jvm_buffer_memory_used_bytes,visits-service,10.42.1.122:8080,"{'__name__': 'jvm_buffer_memory_used_bytes', 'id': 'direct', 'instance': '10.42.1.122:8080', 'job': 'spring-petclinic'}",220377,same_network,3,300
2026-07-24T22:02:37.828546+00:00,2026-07-24T22:02:37.936000+00:00,jvm_buffer_memory_used_bytes,vets-service,10.42.1.123:8080,"{'__name__': 'jvm_buffer_memory_used_bytes', 'id': 'direct', 'instance': '10.42.1.123:8080', 'job': 'spring-petclinic'}",894511,same_network,3,300
2026-07-24T22:02:37.828546+00:00,2026-07-24T22:02:37.936000+00:00,jvm_buffer_memory_used_bytes,vets-service,10.42.1.124:8080,"{'__name__': 'jvm_buffer_memory_used_bytes', 'id': 'direct', 'instance': '10.42.1.124:8080', 'job': 'spring-petclinic'}",732132,same_network,3,300
2026-07-24T22:02:37.828546+00:00,2026-07-24T22:02:37.936000+00:00,jvm_buffer_memory_used_bytes,visits-service,10.42.1.125:8080,"{'__name__': 'jvm_buffer_memory_used_bytes', 'id': 'direct', 'instance': '10.42.1.125:8080', 'job': 'spring-petclinic'}",237182,same_network,3,300
2026-07-24T22:02:37.828546+00:00,2026-07-24T22:02:37.936000+00:00,jvm_buffer_memory_used_bytes,customers-service,10.42.1.126:8080,"{'__name__': 'jvm_buffer_memory_used_bytes', 'id': 'direct', 'instance': '10.42.1.126:8080', 'job': 'spring-petclinic'}",1731694,same_network,3,300
2026-07-24T22:02:37.828546+00:00,2026-07-24T22:02:37.936000+00:00,jvm_buffer_memory_used_bytes,api-gateway,10.42.1.129:8080,"{'__name__': 'jvm_buffer_memory_used_bytes', 'id': 'direct', 'instance': '10.42.1.129:8080', 'job': 'spring-petclinic'}",34217854,same_network,3,300
2026-07-24T22:02:37.828546+00:00,2026-07-24T22:02:37.936000+00:00,jvm_buffer_memory_used_bytes,customers-service,10.42.0.186:8080,"{'__name__': 'jvm_buffer_memory_used_bytes', 'id': 'mapped', 'instance': '10.42.0.186:8080', 'job': 'spring-petclinic'}",0,same_network,3,300
2026-07-24T22:02:37.828546+00:00,2026-07-24T22:02:37.936000+00:00,jvm_buffer_memory_used_bytes,api-gateway,10.42.0.187:8080,"{'__name__': 'jvm_buffer_memory_used_bytes', 'id': 'mapped', 'instance': '10.42.0.187:8080', 'job': 'spring-petclinic'}",0,same_network,3,300
2026-07-24T22:02:37.828546+00:00,2026-07-24T22:02:37.936000+00:00,jvm_buffer_memory_used_bytes,visits-service,10.42.1.122:8080,"{'__name__': 'jvm_buffer_memory_used_bytes', 'id': 'mapped', 'instance': '10.42.1.122:8080', 'job': 'spring-petclinic'}",0,same_network,3,300
2026-07-24T22:02:37.828546+00:00,2026-07-24T22:02:37.936000+00:00,jvm_buffer_memory_used_bytes,vets-service,10.42.1.123:8080,"{'__name__': 'jvm_buffer_memory_used_bytes', 'id': 'mapped', 'instance': '10.42.1.123:8080', 'job': 'spring-petclinic'}",0,same_network,3,300
2026-07-24T22:02:37.828546+00:00,2026-07-24T22:02:37.936000+00:00,jvm_buffer_memory_used_bytes,vets-service,10.42.1.124:8080,"{'__name__': 'jvm_buffer_memory_used_bytes', 'id': 'mapped', 'instance': '10.42.1.124:8080', 'job': 'spring-petclinic'}",0,same_network,3,300
2026-07-24T22:02:37.828546+00:00,2026-07-24T22:02:37.936000+00:00,jvm_buffer_memory_used_bytes,visits-service,10.42.1.125:8080,"{'__name__': 'jvm_buffer_memory_used_bytes', 'id': 'mapped', 'instance': '10.42.1.125:8080', 'job': 'spring-petclinic'}",0,same_network,3,300
2026-07-24T22:02:37.828546+00:00,2026-07-24T22:02:37.936000+00:00,jvm_buffer_memory_used_bytes,customers-service,10.42.1.126:8080,"{'__name__': 'jvm_buffer_memory_used_bytes', 'id': 'mapped', 'instance': '10.42.1.126:8080', 'job': 'spring-petclinic'}",0,same_network,3,300
2026-07-24T22:02:37.828546+00:00,2026-07-24T22:02:37.936000+00:00,jvm_buffer_memory_used_bytes,api-gateway,10.42.1.129:8080,"{'__name__': 'jvm_buffer_memory_used_bytes', 'id': 'mapped', 'instance': '10.42.1.129:8080', 'job': 'spring-petclinic'}",0,same_network,3,300
2026-07-24T22:02:37.828546+00:00,2026-07-24T22:02:37.936000+00:00,jvm_buffer_memory_used_bytes,customers-service,10.42.0.186:8080,"{'__name__': 'jvm_buffer_memory_used_bytes', 'id': ""mapped - 'non-volatile memory'"", 'instance': '10.42.0.186:8080', 'job': 'spring-petclinic'}",0,same_network,3,300
2026-07-24T22:02:37.828546+00:00,2026-07-24T22:02:37.936000+00:00,jvm_buffer_memory_used_bytes,api-gateway,10.42.0.187:8080,"{'__name__': 'jvm_buffer_memory_used_bytes', 'id': ""mapped - 'non-volatile memory'"", 'instance': '10.42.0.187:8080', 'job': 'spring-petclinic'}",0,same_network,3,300
2026-07-24T22:02:37.828546+00:00,2026-07-24T22:02:37.936000+00:00,jvm_buffer_memory_used_bytes,visits-service,10.42.1.122:8080,"{'__name__': 'jvm_buffer_memory_used_bytes', 'id': ""mapped - 'non-volatile memory'"", 'instance': '10.42.1.122:8080', 'job': 'spring-petclinic'}",0,same_network,3,300
2026-07-24T22:02:37.828546+00:00,2026-07-24T22:02:37.936000+00:00,jvm_buffer_memory_used_bytes,vets-service,10.42.1.123:8080,"{'__name__': 'jvm_buffer_memory_used_bytes', 'id': ""mapped - 'non-volatile memory'"", 'instance': '10.42.1.123:8080', 'job': 'spring-petclinic'}",0,same_network,3,300
2026-07-24T22:02:37.828546+00:00,2026-07-24T22:02:37.936000+00:00,jvm_buffer_memory_used_bytes,vets-service,10.42.1.124:8080,"{'__name__': 'jvm_buffer_memory_used_bytes', 'id': ""mapped - 'non-volatile memory'"", 'instance': '10.42.1.124:8080', 'job': 'spring-petclinic'}",0,same_network,3,300
2026-07-24T22:02:37.828546+00:00,2026-07-24T22:02:37.936000+00:00,jvm_buffer_memory_used_bytes,visits-service,10.42.1.125:8080,"{'__name__': 'jvm_buffer_memory_used_bytes', 'id': ""mapped - 'non-volatile memory'"", 'instance': '10.42.1.125:8080', 'job': 'spring-petclinic'}",0,same_network,3,300
2026-07-24T22:02:37.828546+00:00,2026-07-24T22:02:37.936000+00:00,jvm_buffer_memory_used_bytes,customers-service,10.42.1.126:8080,"{'__name__': 'jvm_buffer_memory_used_bytes', 'id': ""mapped - 'non-volatile memory'"", 'instance': '10.42.1.126:8080', 'job': 'spring-petclinic'}",0,same_network,3,300
2026-07-24T22:02:37.828546+00:00,2026-07-24T22:02:37.936000+00:00,jvm_buffer_memory_used_bytes,api-gateway,10.42.1.129:8080,"{'__name__': 'jvm_buffer_memory_used_bytes', 'id': ""mapped - 'non-volatile memory'"", 'instance': '10.42.1.129:8080', 'job': 'spring-petclinic'}",0,same_network,3,300
2026-07-24T22:02:37.828546+00:00,2026-07-24T22:02:37.941000+00:00,jvm_buffer_total_capacity_bytes,customers-service,10.42.0.186:8080,"{'__name__': 'jvm_buffer_total_capacity_bytes', 'id': 'direct', 'instance': '10.42.0.186:8080', 'job': 'spring-petclinic'}",1715306,same_network,3,300
2026-07-24T22:02:37.828546+00:00,2026-07-24T22:02:37.941000+00:00,jvm_buffer_total_capacity_bytes,api-gateway,10.42.0.187:8080,"{'__name__': 'jvm_buffer_total_capacity_bytes', 'id': 'direct', 'instance': '10.42.0.187:8080', 'job': 'spring-petclinic'}",34260528,same_network,3,300
2026-07-24T22:02:37.828546+00:00,2026-07-24T22:02:37.941000+00:00,jvm_buffer_total_capacity_bytes,visits-service,10.42.1.122:8080,"{'__name__': 'jvm_buffer_total_capacity_bytes', 'id': 'direct', 'instance': '10.42.1.122:8080', 'job': 'spring-petclinic'}",220377,same_network,3,300
2026-07-24T22:02:37.828546+00:00,2026-07-24T22:02:37.941000+00:00,jvm_buffer_total_capacity_bytes,vets-service,10.42.1.123:8080,"{'__name__': 'jvm_buffer_total_capacity_bytes', 'id': 'direct', 'instance': '10.42.1.123:8080', 'job': 'spring-petclinic'}",894511,same_network,3,300
2026-07-24T22:02:37.828546+00:00,2026-07-24T22:02:37.941000+00:00,jvm_buffer_total_capacity_bytes,vets-service,10.42.1.124:8080,"{'__name__': 'jvm_buffer_total_capacity_bytes', 'id': 'direct', 'instance': '10.42.1.124:8080', 'job': 'spring-petclinic'}",732132,same_network,3,300
2026-07-24T22:02:37.828546+00:00,2026-07-24T22:02:37.941000+00:00,jvm_buffer_total_capacity_bytes,visits-service,10.42.1.125:8080,"{'__name__': 'jvm_buffer_total_capacity_bytes', 'id': 'direct', 'instance': '10.42.1.125:8080', 'job': 'spring-petclinic'}",237182,same_network,3,300
2026-07-24T22:02:37.828546+00:00,2026-07-24T22:02:37.941000+00:00,jvm_buffer_total_capacity_bytes,customers-service,10.42.1.126:8080,"{'__name__': 'jvm_buffer_total_capacity_bytes', 'id': 'direct', 'instance': '10.42.1.126:8080', 'job': 'spring-petclinic'}",1731694,same_network,3,300
2026-07-24T22:02:37.828546+00:00,2026-07-24T22:02:37.941000+00:00,jvm_buffer_total_capacity_bytes,api-gateway,10.42.1.129:8080,"{'__name__': 'jvm_buffer_total_capacity_bytes', 'id': 'direct', 'instance': '10.42.1.129:8080', 'job': 'spring-petclinic'}",34217853,same_network,3,300
2026-07-24T22:02:37.828546+00:00,2026-07-24T22:02:37.941000+00:00,jvm_buffer_total_capacity_bytes,customers-service,10.42.0.186:8080,"{'__name__': 'jvm_buffer_total_capacity_bytes', 'id': 'mapped', 'instance': '10.42.0.186:8080', 'job': 'spring-petclinic'}",0,same_network,3,300
2026-07-24T22:02:37.828546+00:00,2026-07-24T22:02:37.941000+00:00,jvm_buffer_total_capacity_bytes,api-gateway,10.42.0.187:8080,"{'__name__': 'jvm_buffer_total_capacity_bytes', 'id': 'mapped', 'instance': '10.42.0.187:8080', 'job': 'spring-petclinic'}",0,same_network,3,300
2026-07-24T22:02:37.828546+00:00,2026-07-24T22:02:37.941000+00:00,jvm_buffer_total_capacity_bytes,visits-service,10.42.1.122:8080,"{'__name__': 'jvm_buffer_total_capacity_bytes', 'id': 'mapped', 'instance': '10.42.1.122:8080', 'job': 'spring-petclinic'}",0,same_network,3,300
2026-07-24T22:02:37.828546+00:00,2026-07-24T22:02:37.941000+00:00,jvm_buffer_total_capacity_bytes,vets-service,10.42.1.123:8080,"{'__name__': 'jvm_buffer_total_capacity_bytes', 'id': 'mapped', 'instance': '10.42.1.123:8080', 'job': 'spring-petclinic'}",0,same_network,3,300
2026-07-24T22:02:37.828546+00:00,2026-07-24T22:02:37.941000+00:00,jvm_buffer_total_capacity_bytes,vets-service,10.42.1.124:8080,"{'__name__': 'jvm_buffer_total_capacity_bytes', 'id': 'mapped', 'instance': '10.42.1.124:8080', 'job': 'spring-petclinic'}",0,same_network,3,300
2026-07-24T22:02:37.828546+00:00,2026-07-24T22:02:37.941000+00:00,jvm_buffer_total_capacity_bytes,visits-service,10.42.1.125:8080,"{'__name__': 'jvm_buffer_total_capacity_bytes', 'id': 'mapped', 'instance': '10.42.1.125:8080', 'job': 'spring-petclinic'}",0,same_network,3,300
2026-07-24T22:02:37.828546+00:00,2026-07-24T22:02:37.941000+00:00,jvm_buffer_total_capacity_bytes,customers-service,10.42.1.126:8080,"{'__name__': 'jvm_buffer_total_capacity_bytes', 'id': 'mapped', 'instance': '10.42.1.126:8080', 'job': 'spring-petclinic'}",0,same_network,3,300
2026-07-24T22:02:37.828546+00:00,2026-07-24T22:02:37.941000+00:00,jvm_buffer_total_capacity_bytes,api-gateway,10.42.1.129:8080,"{'__name__': 'jvm_buffer_total_capacity_bytes', 'id': 'mapped', 'instance': '10.42.1.129:8080', 'job': 'spring-petclinic'}",0,same_network,3,300
2026-07-24T22:02:37.828546+00:00,2026-07-24T22:02:37.941000+00:00,jvm_buffer_total_capacity_bytes,customers-service,10.42.0.186:8080,"{'__name__': 'jvm_buffer_total_capacity_bytes', 'id': ""mapped - 'non-volatile memory'"", 'instance': '10.42.0.186:8080', 'job': 'spring-petclinic'}",0,same_network,3,300
2026-07-24T22:02:37.828546+00:00,2026-07-24T22:02:37.941000+00:00,jvm_buffer_total_capacity_bytes,api-gateway,10.42.0.187:8080,"{'__name__': 'jvm_buffer_total_capacity_bytes', 'id': ""mapped - 'non-volatile memory'"", 'instance': '10.42.0.187:8080', 'job': 'spring-petclinic'}",0,same_network,3,300
2026-07-24T22:02:37.828546+00:00,2026-07-24T22:02:37.941000+00:00,jvm_buffer_total_capacity_bytes,visits-service,10.42.1.122:8080,"{'__name__': 'jvm_buffer_total_capacity_bytes', 'id': ""mapped - 'non-volatile memory'"", 'instance': '10.42.1.122:8080', 'job': 'spring-petclinic'}",0,same_network,3,300
2026-07-24T22:02:37.828546+00:00,2026-07-24T22:02:37.941000+00:00,jvm_buffer_total_capacity_bytes,vets-service,10.42.1.123:8080,"{'__name__': 'jvm_buffer_total_capacity_bytes', 'id': ""mapped - 'non-volatile memory'"", 'instance': '10.42.1.123:8080', 'job': 'spring-petclinic'}",0,same_network,3,300
2026-07-24T22:02:37.828546+00:00,2026-07-24T22:02:37.941000+00:00,jvm_buffer_total_capacity_bytes,vets-service,10.42.1.124:8080,"{'__name__': 'jvm_buffer_total_capacity_bytes', 'id': ""mapped - 'non-volatile memory'"", 'instance': '10.42.1.124:8080', 'job': 'spring-petclinic'}",0,same_network,3,300
2026-07-24T22:02:37.828546+00:00,2026-07-24T22:02:37.941000+00:00,jvm_buffer_total_capacity_bytes,visits-service,10.42.1.125:8080,"{'__name__': 'jvm_buffer_total_capacity_bytes', 'id': ""mapped - 'non-volatile memory'"", 'instance': '10.42.1.125:8080', 'job': 'spring-petclinic'}",0,same_network,3,300
2026-07-24T22:02:37.828546+00:00,2026-07-24T22:02:37.941000+00:00,jvm_buffer_total_capacity_bytes,customers-service,10.42.1.126:8080,"{'__name__': 'jvm_buffer_total_capacity_bytes', 'id': ""mapped - 'non-volatile memory'"", 'instance': '10.42.1.126:8080', 'job': 'spring-petclinic'}",0,same_network,3,300
2026-07-24T22:02:37.828546+00:00,2026-07-24T22:02:37.941000+00:00,jvm_buffer_total_capacity_bytes,api-gateway,10.42.1.129:8080,"{'__name__': 'jvm_buffer_total_capacity_bytes', 'id': ""mapped - 'non-volatile memory'"", 'instance': '10.42.1.129:8080', 'job': 'spring-petclinic'}",0,same_network,3,300
2026-07-24T22:02:37.828546+00:00,2026-07-24T22:02:37.948000+00:00,http_server_requests_seconds_count,api-gateway,10.42.0.187:8080,"{'__name__': 'http_server_requests_seconds_count', 'exception': 'AbortedException', 'instance': '10.42.0.187:8080', 'job': 'spring-petclinic', 'method': 'GET', 'outcome': 'UNKNOWN', 'status': '200', 'uri': 'UNKNOWN'}",380,same_network,3,300
2026-07-24T22:02:37.828546+00:00,2026-07-24T22:02:37.948000+00:00,http_server_requests_seconds_count,api-gateway,10.42.0.187:8080,"{'__name__': 'http_server_requests_seconds_count', 'exception': 'AbortedException', 'instance': '10.42.0.187:8080', 'job': 'spring-petclinic', 'method': 'GET', 'outcome': 'UNKNOWN', 'status': '500', 'uri': 'UNKNOWN'}",1,same_network,3,300
2026-07-24T22:02:37.828546+00:00,2026-07-24T22:02:37.948000+00:00,http_server_requests_seconds_count,api-gateway,10.42.0.187:8080,"{'__name__': 'http_server_requests_seconds_count', 'exception': 'AnnotatedConnectException', 'instance': '10.42.0.187:8080', 'job': 'spring-petclinic', 'method': 'GET', 'outcome': 'SERVER_ERROR', 'status': '500', 'uri': 'UNKNOWN'}",48,same_network,3,300
2026-07-24T22:02:37.828546+00:00,2026-07-24T22:02:37.948000+00:00,http_server_requests_seconds_count,api-gateway,10.42.0.187:8080,"{'__name__': 'http_server_requests_seconds_count', 'exception': 'CancelledServerWebExchangeException', 'instance': '10.42.0.187:8080', 'job': 'spring-petclinic', 'method': 'GET', 'outcome': 'UNKNOWN', 'status': '200', 'uri': '/actuator/health/{*path}'}",4,same_network,3,300
2026-07-24T22:02:37.828546+00:00,2026-07-24T22:02:37.948000+00:00,http_server_requests_seconds_count,api-gateway,10.42.0.187:8080,"{'__name__': 'http_server_requests_seconds_count', 'exception': 'CancelledServerWebExchangeException', 'instance': '10.42.0.187:8080', 'job': 'spring-petclinic', 'method': 'GET', 'outcome': 'UNKNOWN', 'status': '200', 'uri': '/actuator/prometheus'}",2,same_network,3,300
2026-07-24T22:02:37.828546+00:00,2026-07-24T22:02:37.948000+00:00,http_server_requests_seconds_count,api-gateway,10.42.0.187:8080,"{'__name__': 'http_server_requests_seconds_count', 'exception': 'CancelledServerWebExchangeException', 'instance': '10.42.0.187:8080', 'job': 'spring-petclinic', 'method': 'GET', 'outcome': 'UNKNOWN', 'status': '200', 'uri': 'UNKNOWN'}",29684,same_network,3,300
2026-07-24T22:02:37.828546+00:00,2026-07-24T22:02:37.948000+00:00,http_server_requests_seconds_count,api-gateway,10.42.1.129:8080,"{'__name__': 'http_server_requests_seconds_count', 'exception': 'CancelledServerWebExchangeException', 'instance': '10.42.1.129:8080', 'job': 'spring-petclinic', 'method': 'GET', 'outcome': 'UNKNOWN', 'status': '200', 'uri': 'UNKNOWN'}",1,same_network,3,300
2026-07-24T22:02:37.828546+00:00,2026-07-24T22:02:37.948000+00:00,http_server_requests_seconds_count,customers-service,10.42.0.186:8080,"{'__name__': 'http_server_requests_seconds_count', 'exception': 'ClientAbortException', 'instance': '10.42.0.186:8080', 'job': 'spring-petclinic', 'method': 'GET', 'outcome': 'SUCCESS', 'status': '200', 'uri': '/actuator/prometheus'}",6,same_network,3,300
2026-07-24T22:02:37.828546+00:00,2026-07-24T22:02:37.948000+00:00,http_server_requests_seconds_count,api-gateway,10.42.0.187:8080,"{'__name__': 'http_server_requests_seconds_count', 'exception': 'IOException', 'instance': '10.42.0.187:8080', 'job': 'spring-petclinic', 'method': 'GET', 'outcome': 'SERVER_ERROR', 'status': '500', 'uri': 'UNKNOWN'}",1,same_network,3,300
2026-07-24T22:02:37.828546+00:00,2026-07-24T22:02:37.948000+00:00,http_server_requests_seconds_count,customers-service,10.42.0.186:8080,"{'__name__': 'http_server_requests_seconds_count', 'exception': 'None', 'instance': '10.42.0.186:8080', 'job': 'spring-petclinic', 'method': 'GET', 'outcome': 'SUCCESS', 'status': '200', 'uri': '/actuator/health/**'}",1488,same_network,3,300
2026-07-24T22:02:37.828546+00:00,2026-07-24T22:02:37.948000+00:00,http_server_requests_seconds_count,customers-service,10.42.0.186:8080,"{'__name__': 'http_server_requests_seconds_count', 'exception': 'None', 'instance': '10.42.0.186:8080', 'job': 'spring-petclinic', 'method': 'GET', 'outcome': 'SUCCESS', 'status': '200', 'uri': '/actuator/prometheus'}",854,same_network,3,300
2026-07-24T22:02:37.828546+00:00,2026-07-24T22:02:37.948000+00:00,http_server_requests_seconds_count,api-gateway,10.42.0.187:8080,"{'__name__': 'http_server_requests_seconds_count', 'exception': 'None', 'instance': '10.42.0.187:8080', 'job': 'spring-petclinic', 'method': 'GET', 'outcome': 'SUCCESS', 'status': '200', 'uri': '/actuator/health/{*path}'}",1499,same_network,3,300
2026-07-24T22:02:37.828546+00:00,2026-07-24T22:02:37.948000+00:00,http_server_requests_seconds_count,api-gateway,10.42.0.187:8080,"{'__name__': 'http_server_requests_seconds_count', 'exception': 'None', 'instance': '10.42.0.187:8080', 'job': 'spring-petclinic', 'method': 'GET', 'outcome': 'SUCCESS', 'status': '200', 'uri': '/actuator/prometheus'}",858,same_network,3,300
2026-07-24T22:02:37.828546+00:00,2026-07-24T22:02:37.948000+00:00,http_server_requests_seconds_count,api-gateway,10.42.0.187:8080,"{'__name__': 'http_server_requests_seconds_count', 'exception': 'None', 'instance': '10.42.0.187:8080', 'job': 'spring-petclinic', 'method': 'GET', 'outcome': 'SUCCESS', 'status': '200', 'uri': 'UNKNOWN'}",2271058,same_network,3,300
2026-07-24T22:02:37.828546+00:00,2026-07-24T22:02:37.948000+00:00,http_server_requests_seconds_count,visits-service,10.42.1.122:8080,"{'__name__': 'http_server_requests_seconds_count', 'exception': 'None', 'instance': '10.42.1.122:8080', 'job': 'spring-petclinic', 'method': 'GET', 'outcome': 'SUCCESS', 'status': '200', 'uri': '/actuator/health/**'}",1975,same_network,3,300
2026-07-24T22:02:37.828546+00:00,2026-07-24T22:02:37.948000+00:00,http_server_requests_seconds_count,visits-service,10.42.1.122:8080,"{'__name__': 'http_server_requests_seconds_count', 'exception': 'None', 'instance': '10.42.1.122:8080', 'job': 'spring-petclinic', 'method': 'GET', 'outcome': 'SUCCESS', 'status': '200', 'uri': '/actuator/prometheus'}",854,same_network,3,300
2026-07-24T22:02:37.828546+00:00,2026-07-24T22:02:37.948000+00:00,http_server_requests_seconds_count,vets-service,10.42.1.123:8080,"{'__name__': 'http_server_requests_seconds_count', 'exception': 'None', 'instance': '10.42.1.123:8080', 'job': 'spring-petclinic', 'method': 'GET', 'outcome': 'SUCCESS', 'status': '200', 'uri': '/actuator/health/**'}",1976,same_network,3,300
2026-07-24T22:02:37.828546+00:00,2026-07-24T22:02:37.948000+00:00,http_server_requests_seconds_count,vets-service,10.42.1.123:8080,"{'__name__': 'http_server_requests_seconds_count', 'exception': 'None', 'instance': '10.42.1.123:8080', 'job': 'spring-petclinic', 'method': 'GET', 'outcome': 'SUCCESS', 'status': '200', 'uri': '/actuator/prometheus'}",854,same_network,3,300
2026-07-24T22:02:37.828546+00:00,2026-07-24T22:02:37.948000+00:00,http_server_requests_seconds_count,vets-service,10.42.1.123:8080,"{'__name__': 'http_server_requests_seconds_count', 'exception': 'None', 'instance': '10.42.1.123:8080', 'job': 'spring-petclinic', 'method': 'GET', 'outcome': 'SUCCESS', 'status': '200', 'uri': '/vets'}",288481,same_network,3,300
2026-07-24T22:02:37.828546+00:00,2026-07-24T22:02:37.948000+00:00,http_server_requests_seconds_count,vets-service,10.42.1.124:8080,"{'__name__': 'http_server_requests_seconds_count', 'exception': 'None', 'instance': '10.42.1.124:8080', 'job': 'spring-petclinic', 'method': 'GET', 'outcome': 'SUCCESS', 'status': '200', 'uri': '/actuator/health/**'}",1960,same_network,3,300
2026-07-24T22:02:37.828546+00:00,2026-07-24T22:02:37.948000+00:00,http_server_requests_seconds_count,vets-service,10.42.1.124:8080,"{'__name__': 'http_server_requests_seconds_count', 'exception': 'None', 'instance': '10.42.1.124:8080', 'job': 'spring-petclinic', 'method': 'GET', 'outcome': 'SUCCESS', 'status': '200', 'uri': '/actuator/prometheus'}",846,same_network,3,300
2026-07-24T22:02:37.828546+00:00,2026-07-24T22:02:37.948000+00:00,http_server_requests_seconds_count,vets-service,10.42.1.124:8080,"{'__name__': 'http_server_requests_seconds_count', 'exception': 'None', 'instance': '10.42.1.124:8080', 'job': 'spring-petclinic', 'method': 'GET', 'outcome': 'SUCCESS', 'status': '200', 'uri': '/vets'}",294323,same_network,3,300
2026-07-24T22:02:37.828546+00:00,2026-07-24T22:02:37.948000+00:00,http_server_requests_seconds_count,visits-service,10.42.1.125:8080,"{'__name__': 'http_server_requests_seconds_count', 'exception': 'None', 'instance': '10.42.1.125:8080', 'job': 'spring-petclinic', 'method': 'GET', 'outcome': 'SUCCESS', 'status': '200', 'uri': '/actuator/health/**'}",1959,same_network,3,300
2026-07-24T22:02:37.828546+00:00,2026-07-24T22:02:37.948000+00:00,http_server_requests_seconds_count,visits-service,10.42.1.125:8080,"{'__name__': 'http_server_requests_seconds_count', 'exception': 'None', 'instance': '10.42.1.125:8080', 'job': 'spring-petclinic', 'method': 'GET', 'outcome': 'SUCCESS', 'status': '200', 'uri': '/actuator/prometheus'}",846,same_network,3,300
2026-07-24T22:02:37.828546+00:00,2026-07-24T22:02:37.948000+00:00,http_server_requests_seconds_count,customers-service,10.42.1.126:8080,"{'__name__': 'http_server_requests_seconds_count', 'exception': 'None', 'instance': '10.42.1.126:8080', 'job': 'spring-petclinic', 'method': 'GET', 'outcome': 'SUCCESS', 'status': '200', 'uri': '/actuator/health/**'}",1949,same_network,3,300
2026-07-24T22:02:37.828546+00:00,2026-07-24T22:02:37.948000+00:00,http_server_requests_seconds_count,customers-service,10.42.1.126:8080,"{'__name__': 'http_server_requests_seconds_count', 'exception': 'None', 'instance': '10.42.1.126:8080', 'job': 'spring-petclinic', 'method': 'GET', 'outcome': 'SUCCESS', 'status': '200', 'uri': '/actuator/prometheus'}",842,same_network,3,300
2026-07-24T22:02:37.828546+00:00,2026-07-24T22:02:37.948000+00:00,http_server_requests_seconds_count,api-gateway,10.42.1.129:8080,"{'__name__': 'http_server_requests_seconds_count', 'exception': 'None', 'instance': '10.42.1.129:8080', 'job': 'spring-petclinic', 'method': 'GET', 'outcome': 'SUCCESS', 'status': '200', 'uri': '/actuator/health/{*path}'}",15,same_network,3,300
2026-07-24T22:02:37.828546+00:00,2026-07-24T22:02:37.948000+00:00,http_server_requests_seconds_count,api-gateway,10.42.1.129:8080,"{'__name__': 'http_server_requests_seconds_count', 'exception': 'None', 'instance': '10.42.1.129:8080', 'job': 'spring-petclinic', 'method': 'GET', 'outcome': 'SUCCESS', 'status': '200', 'uri': '/actuator/prometheus'}",12,same_network,3,300
2026-07-24T22:02:37.828546+00:00,2026-07-24T22:02:37.948000+00:00,http_server_requests_seconds_count,api-gateway,10.42.1.129:8080,"{'__name__': 'http_server_requests_seconds_count', 'exception': 'None', 'instance': '10.42.1.129:8080', 'job': 'spring-petclinic', 'method': 'GET', 'outcome': 'SUCCESS', 'status': '200', 'uri': 'UNKNOWN'}",3540,same_network,3,300
2026-07-24T22:02:37.828546+00:00,2026-07-24T22:02:37.955000+00:00,http_server_requests_seconds_max,api-gateway,10.42.0.187:8080,"{'__name__': 'http_server_requests_seconds_max', 'exception': 'AbortedException', 'instance': '10.42.0.187:8080', 'job': 'spring-petclinic', 'method': 'GET', 'outcome': 'UNKNOWN', 'status': '200', 'uri': 'UNKNOWN'}",0,same_network,3,300
2026-07-24T22:02:37.828546+00:00,2026-07-24T22:02:37.955000+00:00,http_server_requests_seconds_max,api-gateway,10.42.0.187:8080,"{'__name__': 'http_server_requests_seconds_max', 'exception': 'AbortedException', 'instance': '10.42.0.187:8080', 'job': 'spring-petclinic', 'method': 'GET', 'outcome': 'UNKNOWN', 'status': '500', 'uri': 'UNKNOWN'}",0,same_network,3,300
2026-07-24T22:02:37.828546+00:00,2026-07-24T22:02:37.955000+00:00,http_server_requests_seconds_max,api-gateway,10.42.0.187:8080,"{'__name__': 'http_server_requests_seconds_max', 'exception': 'AnnotatedConnectException', 'instance': '10.42.0.187:8080', 'job': 'spring-petclinic', 'method': 'GET', 'outcome': 'SERVER_ERROR', 'status': '500', 'uri': 'UNKNOWN'}",0,same_network,3,300
2026-07-24T22:02:37.828546+00:00,2026-07-24T22:02:37.955000+00:00,http_server_requests_seconds_max,api-gateway,10.42.0.187:8080,"{'__name__': 'http_server_requests_seconds_max', 'exception': 'CancelledServerWebExchangeException', 'instance': '10.42.0.187:8080', 'job': 'spring-petclinic', 'method': 'GET', 'outcome': 'UNKNOWN', 'status': '200', 'uri': '/actuator/health/{*path}'}",0,same_network,3,300
2026-07-24T22:02:37.828546+00:00,2026-07-24T22:02:37.955000+00:00,http_server_requests_seconds_max,api-gateway,10.42.0.187:8080,"{'__name__': 'http_server_requests_seconds_max', 'exception': 'CancelledServerWebExchangeException', 'instance': '10.42.0.187:8080', 'job': 'spring-petclinic', 'method': 'GET', 'outcome': 'UNKNOWN', 'status': '200', 'uri': '/actuator/prometheus'}",0,same_network,3,300
2026-07-24T22:02:37.828546+00:00,2026-07-24T22:02:37.955000+00:00,http_server_requests_seconds_max,api-gateway,10.42.0.187:8080,"{'__name__': 'http_server_requests_seconds_max', 'exception': 'CancelledServerWebExchangeException', 'instance': '10.42.0.187:8080', 'job': 'spring-petclinic', 'method': 'GET', 'outcome': 'UNKNOWN', 'status': '200', 'uri': 'UNKNOWN'}",5.000658745,same_network,3,300
2026-07-24T22:02:37.828546+00:00,2026-07-24T22:02:37.955000+00:00,http_server_requests_seconds_max,api-gateway,10.42.1.129:8080,"{'__name__': 'http_server_requests_seconds_max', 'exception': 'CancelledServerWebExchangeException', 'instance': '10.42.1.129:8080', 'job': 'spring-petclinic', 'method': 'GET', 'outcome': 'UNKNOWN', 'status': '200', 'uri': 'UNKNOWN'}",5.201713594,same_network,3,300
2026-07-24T22:02:37.828546+00:00,2026-07-24T22:02:37.955000+00:00,http_server_requests_seconds_max,customers-service,10.42.0.186:8080,"{'__name__': 'http_server_requests_seconds_max', 'exception': 'ClientAbortException', 'instance': '10.42.0.186:8080', 'job': 'spring-petclinic', 'method': 'GET', 'outcome': 'SUCCESS', 'status': '200', 'uri': '/actuator/prometheus'}",0,same_network,3,300
2026-07-24T22:02:37.828546+00:00,2026-07-24T22:02:37.955000+00:00,http_server_requests_seconds_max,api-gateway,10.42.0.187:8080,"{'__name__': 'http_server_requests_seconds_max', 'exception': 'IOException', 'instance': '10.42.0.187:8080', 'job': 'spring-petclinic', 'method': 'GET', 'outcome': 'SERVER_ERROR', 'status': '500', 'uri': 'UNKNOWN'}",0,same_network,3,300
2026-07-24T22:02:37.828546+00:00,2026-07-24T22:02:37.955000+00:00,http_server_requests_seconds_max,customers-service,10.42.0.186:8080,"{'__name__': 'http_server_requests_seconds_max', 'exception': 'None', 'instance': '10.42.0.186:8080', 'job': 'spring-petclinic', 'method': 'GET', 'outcome': 'SUCCESS', 'status': '200', 'uri': '/actuator/health/**'}",0.004156534,same_network,3,300
2026-07-24T22:02:37.828546+00:00,2026-07-24T22:02:37.955000+00:00,http_server_requests_seconds_max,customers-service,10.42.0.186:8080,"{'__name__': 'http_server_requests_seconds_max', 'exception': 'None', 'instance': '10.42.0.186:8080', 'job': 'spring-petclinic', 'method': 'GET', 'outcome': 'SUCCESS', 'status': '200', 'uri': '/actuator/prometheus'}",0.006790807,same_network,3,300
2026-07-24T22:02:37.828546+00:00,2026-07-24T22:02:37.955000+00:00,http_server_requests_seconds_max,api-gateway,10.42.0.187:8080,"{'__name__': 'http_server_requests_seconds_max', 'exception': 'None', 'instance': '10.42.0.187:8080', 'job': 'spring-petclinic', 'method': 'GET', 'outcome': 'SUCCESS', 'status': '200', 'uri': '/actuator/health/{*path}'}",0.006284484,same_network,3,300
2026-07-24T22:02:37.828546+00:00,2026-07-24T22:02:37.955000+00:00,http_server_requests_seconds_max,api-gateway,10.42.0.187:8080,"{'__name__': 'http_server_requests_seconds_max', 'exception': 'None', 'instance': '10.42.0.187:8080', 'job': 'spring-petclinic', 'method': 'GET', 'outcome': 'SUCCESS', 'status': '200', 'uri': '/actuator/prometheus'}",0.006169137,same_network,3,300
2026-07-24T22:02:37.828546+00:00,2026-07-24T22:02:37.955000+00:00,http_server_requests_seconds_max,api-gateway,10.42.0.187:8080,"{'__name__': 'http_server_requests_seconds_max', 'exception': 'None', 'instance': '10.42.0.187:8080', 'job': 'spring-petclinic', 'method': 'GET', 'outcome': 'SUCCESS', 'status': '200', 'uri': 'UNKNOWN'}",4.823750087,same_network,3,300
2026-07-24T22:02:37.828546+00:00,2026-07-24T22:02:37.955000+00:00,http_server_requests_seconds_max,visits-service,10.42.1.122:8080,"{'__name__': 'http_server_requests_seconds_max', 'exception': 'None', 'instance': '10.42.1.122:8080', 'job': 'spring-petclinic', 'method': 'GET', 'outcome': 'SUCCESS', 'status': '200', 'uri': '/actuator/health/**'}",0.017933486,same_network,3,300
2026-07-24T22:02:37.828546+00:00,2026-07-24T22:02:37.955000+00:00,http_server_requests_seconds_max,visits-service,10.42.1.122:8080,"{'__name__': 'http_server_requests_seconds_max', 'exception': 'None', 'instance': '10.42.1.122:8080', 'job': 'spring-petclinic', 'method': 'GET', 'outcome': 'SUCCESS', 'status': '200', 'uri': '/actuator/prometheus'}",0.004269326,same_network,3,300
2026-07-24T22:02:37.828546+00:00,2026-07-24T22:02:37.955000+00:00,http_server_requests_seconds_max,vets-service,10.42.1.123:8080,"{'__name__': 'http_server_requests_seconds_max', 'exception': 'None', 'instance': '10.42.1.123:8080', 'job': 'spring-petclinic', 'method': 'GET', 'outcome': 'SUCCESS', 'status': '200', 'uri': '/actuator/health/**'}",0.001529569,same_network,3,300
2026-07-24T22:02:37.828546+00:00,2026-07-24T22:02:37.955000+00:00,http_server_requests_seconds_max,vets-service,10.42.1.123:8080,"{'__name__': 'http_server_requests_seconds_max', 'exception': 'None', 'instance': '10.42.1.123:8080', 'job': 'spring-petclinic', 'method': 'GET', 'outcome': 'SUCCESS', 'status': '200', 'uri': '/actuator/prometheus'}",0.017353667,same_network,3,300
2026-07-24T22:02:37.828546+00:00,2026-07-24T22:02:37.955000+00:00,http_server_requests_seconds_max,vets-service,10.42.1.123:8080,"{'__name__': 'http_server_requests_seconds_max', 'exception': 'None', 'instance': '10.42.1.123:8080', 'job': 'spring-petclinic', 'method': 'GET', 'outcome': 'SUCCESS', 'status': '200', 'uri': '/vets'}",3.501318094,same_network,3,300
2026-07-24T22:02:37.828546+00:00,2026-07-24T22:02:37.955000+00:00,http_server_requests_seconds_max,vets-service,10.42.1.124:8080,"{'__name__': 'http_server_requests_seconds_max', 'exception': 'None', 'instance': '10.42.1.124:8080', 'job': 'spring-petclinic', 'method': 'GET', 'outcome': 'SUCCESS', 'status': '200', 'uri': '/actuator/health/**'}",0.001584974,same_network,3,300
2026-07-24T22:02:37.828546+00:00,2026-07-24T22:02:37.955000+00:00,http_server_requests_seconds_max,vets-service,10.42.1.124:8080,"{'__name__': 'http_server_requests_seconds_max', 'exception': 'None', 'instance': '10.42.1.124:8080', 'job': 'spring-petclinic', 'method': 'GET', 'outcome': 'SUCCESS', 'status': '200', 'uri': '/actuator/prometheus'}",0.006350672,same_network,3,300
2026-07-24T22:02:37.828546+00:00,2026-07-24T22:02:37.955000+00:00,http_server_requests_seconds_max,vets-service,10.42.1.124:8080,"{'__name__': 'http_server_requests_seconds_max', 'exception': 'None', 'instance': '10.42.1.124:8080', 'job': 'spring-petclinic', 'method': 'GET', 'outcome': 'SUCCESS', 'status': '200', 'uri': '/vets'}",5.054864378,same_network,3,300
2026-07-24T22:02:37.828546+00:00,2026-07-24T22:02:37.955000+00:00,http_server_requests_seconds_max,visits-service,10.42.1.125:8080,"{'__name__': 'http_server_requests_seconds_max', 'exception': 'None', 'instance': '10.42.1.125:8080', 'job': 'spring-petclinic', 'method': 'GET', 'outcome': 'SUCCESS', 'status': '200', 'uri': '/actuator/health/**'}",0.001670722,same_network,3,300
2026-07-24T22:02:37.828546+00:00,2026-07-24T22:02:37.955000+00:00,http_server_requests_seconds_max,visits-service,10.42.1.125:8080,"{'__name__': 'http_server_requests_seconds_max', 'exception': 'None', 'instance': '10.42.1.125:8080', 'job': 'spring-petclinic', 'method': 'GET', 'outcome': 'SUCCESS', 'status': '200', 'uri': '/actuator/prometheus'}",0.005814286,same_network,3,300
2026-07-24T22:02:37.828546+00:00,2026-07-24T22:02:37.955000+00:00,http_server_requests_seconds_max,customers-service,10.42.1.126:8080,"{'__name__': 'http_server_requests_seconds_max', 'exception': 'None', 'instance': '10.42.1.126:8080', 'job': 'spring-petclinic', 'method': 'GET', 'outcome': 'SUCCESS', 'status': '200', 'uri': '/actuator/health/**'}",0.002145923,same_network,3,300
2026-07-24T22:02:37.828546+00:00,2026-07-24T22:02:37.955000+00:00,http_server_requests_seconds_max,customers-service,10.42.1.126:8080,"{'__name__': 'http_server_requests_seconds_max', 'exception': 'None', 'instance': '10.42.1.126:8080', 'job': 'spring-petclinic', 'method': 'GET', 'outcome': 'SUCCESS', 'status': '200', 'uri': '/actuator/prometheus'}",0.007296678,same_network,3,300
2026-07-24T22:02:37.828546+00:00,2026-07-24T22:02:37.955000+00:00,http_server_requests_seconds_max,api-gateway,10.42.1.129:8080,"{'__name__': 'http_server_requests_seconds_max', 'exception': 'None', 'instance': '10.42.1.129:8080', 'job': 'spring-petclinic', 'method': 'GET', 'outcome': 'SUCCESS', 'status': '200', 'uri': '/actuator/health/{*path}'}",0.120397079,same_network,3,300
2026-07-24T22:02:37.828546+00:00,2026-07-24T22:02:37.955000+00:00,http_server_requests_seconds_max,api-gateway,10.42.1.129:8080,"{'__name__': 'http_server_requests_seconds_max', 'exception': 'None', 'instance': '10.42.1.129:8080', 'job': 'spring-petclinic', 'method': 'GET', 'outcome': 'SUCCESS', 'status': '200', 'uri': '/actuator/prometheus'}",0.019393336,same_network,3,300
2026-07-24T22:02:37.828546+00:00,2026-07-24T22:02:37.955000+00:00,http_server_requests_seconds_max,api-gateway,10.42.1.129:8080,"{'__name__': 'http_server_requests_seconds_max', 'exception': 'None', 'instance': '10.42.1.129:8080', 'job': 'spring-petclinic', 'method': 'GET', 'outcome': 'SUCCESS', 'status': '200', 'uri': 'UNKNOWN'}",5.169451602,same_network,3,300
2026-07-24T22:02:37.828546+00:00,2026-07-24T22:02:37.962000+00:00,http_server_requests_seconds_sum,api-gateway,10.42.0.187:8080,"{'__name__': 'http_server_requests_seconds_sum', 'exception': 'AbortedException', 'instance': '10.42.0.187:8080', 'job': 'spring-petclinic', 'method': 'GET', 'outcome': 'UNKNOWN', 'status': '200', 'uri': 'UNKNOWN'}",1940.909934275,same_network,3,300
2026-07-24T22:02:37.828546+00:00,2026-07-24T22:02:37.962000+00:00,http_server_requests_seconds_sum,api-gateway,10.42.0.187:8080,"{'__name__': 'http_server_requests_seconds_sum', 'exception': 'AbortedException', 'instance': '10.42.0.187:8080', 'job': 'spring-petclinic', 'method': 'GET', 'outcome': 'UNKNOWN', 'status': '500', 'uri': 'UNKNOWN'}",0.059373633,same_network,3,300
2026-07-24T22:02:37.828546+00:00,2026-07-24T22:02:37.962000+00:00,http_server_requests_seconds_sum,api-gateway,10.42.0.187:8080,"{'__name__': 'http_server_requests_seconds_sum', 'exception': 'AnnotatedConnectException', 'instance': '10.42.0.187:8080', 'job': 'spring-petclinic', 'method': 'GET', 'outcome': 'SERVER_ERROR', 'status': '500', 'uri': 'UNKNOWN'}",116.508028567,same_network,3,300
2026-07-24T22:02:37.828546+00:00,2026-07-24T22:02:37.962000+00:00,http_server_requests_seconds_sum,api-gateway,10.42.0.187:8080,"{'__name__': 'http_server_requests_seconds_sum', 'exception': 'CancelledServerWebExchangeException', 'instance': '10.42.0.187:8080', 'job': 'spring-petclinic', 'method': 'GET', 'outcome': 'UNKNOWN', 'status': '200', 'uri': '/actuator/health/{*path}'}",1.58601679,same_network,3,300
2026-07-24T22:02:37.828546+00:00,2026-07-24T22:02:37.962000+00:00,http_server_requests_seconds_sum,api-gateway,10.42.0.187:8080,"{'__name__': 'http_server_requests_seconds_sum', 'exception': 'CancelledServerWebExchangeException', 'instance': '10.42.0.187:8080', 'job': 'spring-petclinic', 'method': 'GET', 'outcome': 'UNKNOWN', 'status': '200', 'uri': '/actuator/prometheus'}",0.045098422,same_network,3,300
2026-07-24T22:02:37.828546+00:00,2026-07-24T22:02:37.962000+00:00,http_server_requests_seconds_sum,api-gateway,10.42.0.187:8080,"{'__name__': 'http_server_requests_seconds_sum', 'exception': 'CancelledServerWebExchangeException', 'instance': '10.42.0.187:8080', 'job': 'spring-petclinic', 'method': 'GET', 'outcome': 'UNKNOWN', 'status': '200', 'uri': 'UNKNOWN'}",148102.699431054,same_network,3,300
2026-07-24T22:02:37.828546+00:00,2026-07-24T22:02:37.962000+00:00,http_server_requests_seconds_sum,api-gateway,10.42.1.129:8080,"{'__name__': 'http_server_requests_seconds_sum', 'exception': 'CancelledServerWebExchangeException', 'instance': '10.42.1.129:8080', 'job': 'spring-petclinic', 'method': 'GET', 'outcome': 'UNKNOWN', 'status': '200', 'uri': 'UNKNOWN'}",5.201713594,same_network,3,300
2026-07-24T22:02:37.828546+00:00,2026-07-24T22:02:37.962000+00:00,http_server_requests_seconds_sum,customers-service,10.42.0.186:8080,"{'__name__': 'http_server_requests_seconds_sum', 'exception': 'ClientAbortException', 'instance': '10.42.0.186:8080', 'job': 'spring-petclinic', 'method': 'GET', 'outcome': 'SUCCESS', 'status': '200', 'uri': '/actuator/prometheus'}",0.222459988,same_network,3,300
2026-07-24T22:02:37.828546+00:00,2026-07-24T22:02:37.962000+00:00,http_server_requests_seconds_sum,api-gateway,10.42.0.187:8080,"{'__name__': 'http_server_requests_seconds_sum', 'exception': 'IOException', 'instance': '10.42.0.187:8080', 'job': 'spring-petclinic', 'method': 'GET', 'outcome': 'SERVER_ERROR', 'status': '500', 'uri': 'UNKNOWN'}",0.12780342,same_network,3,300
2026-07-24T22:02:37.828546+00:00,2026-07-24T22:02:37.962000+00:00,http_server_requests_seconds_sum,customers-service,10.42.0.186:8080,"{'__name__': 'http_server_requests_seconds_sum', 'exception': 'None', 'instance': '10.42.0.186:8080', 'job': 'spring-petclinic', 'method': 'GET', 'outcome': 'SUCCESS', 'status': '200', 'uri': '/actuator/health/**'}",2.855354911,same_network,3,300
2026-07-24T22:02:37.828546+00:00,2026-07-24T22:02:37.962000+00:00,http_server_requests_seconds_sum,customers-service,10.42.0.186:8080,"{'__name__': 'http_server_requests_seconds_sum', 'exception': 'None', 'instance': '10.42.0.186:8080', 'job': 'spring-petclinic', 'method': 'GET', 'outcome': 'SUCCESS', 'status': '200', 'uri': '/actuator/prometheus'}",5.354949995,same_network,3,300
2026-07-24T22:02:37.828546+00:00,2026-07-24T22:02:37.962000+00:00,http_server_requests_seconds_sum,api-gateway,10.42.0.187:8080,"{'__name__': 'http_server_requests_seconds_sum', 'exception': 'None', 'instance': '10.42.0.187:8080', 'job': 'spring-petclinic', 'method': 'GET', 'outcome': 'SUCCESS', 'status': '200', 'uri': '/actuator/health/{*path}'}",9.89490028,same_network,3,300
2026-07-24T22:02:37.828546+00:00,2026-07-24T22:02:37.962000+00:00,http_server_requests_seconds_sum,api-gateway,10.42.0.187:8080,"{'__name__': 'http_server_requests_seconds_sum', 'exception': 'None', 'instance': '10.42.0.187:8080', 'job': 'spring-petclinic', 'method': 'GET', 'outcome': 'SUCCESS', 'status': '200', 'uri': '/actuator/prometheus'}",9.888523511,same_network,3,300
2026-07-24T22:02:37.828546+00:00,2026-07-24T22:02:37.962000+00:00,http_server_requests_seconds_sum,api-gateway,10.42.0.187:8080,"{'__name__': 'http_server_requests_seconds_sum', 'exception': 'None', 'instance': '10.42.0.187:8080', 'job': 'spring-petclinic', 'method': 'GET', 'outcome': 'SUCCESS', 'status': '200', 'uri': 'UNKNOWN'}",280335.276112329,same_network,3,300
2026-07-24T22:02:37.828546+00:00,2026-07-24T22:02:37.962000+00:00,http_server_requests_seconds_sum,visits-service,10.42.1.122:8080,"{'__name__': 'http_server_requests_seconds_sum', 'exception': 'None', 'instance': '10.42.1.122:8080', 'job': 'spring-petclinic', 'method': 'GET', 'outcome': 'SUCCESS', 'status': '200', 'uri': '/actuator/health/**'}",6.806497472,same_network,3,300
2026-07-24T22:02:37.828546+00:00,2026-07-24T22:02:37.962000+00:00,http_server_requests_seconds_sum,visits-service,10.42.1.122:8080,"{'__name__': 'http_server_requests_seconds_sum', 'exception': 'None', 'instance': '10.42.1.122:8080', 'job': 'spring-petclinic', 'method': 'GET', 'outcome': 'SUCCESS', 'status': '200', 'uri': '/actuator/prometheus'}",5.397855991,same_network,3,300
2026-07-24T22:02:37.828546+00:00,2026-07-24T22:02:37.962000+00:00,http_server_requests_seconds_sum,vets-service,10.42.1.123:8080,"{'__name__': 'http_server_requests_seconds_sum', 'exception': 'None', 'instance': '10.42.1.123:8080', 'job': 'spring-petclinic', 'method': 'GET', 'outcome': 'SUCCESS', 'status': '200', 'uri': '/actuator/health/**'}",4.039620136,same_network,3,300
2026-07-24T22:02:37.828546+00:00,2026-07-24T22:02:37.962000+00:00,http_server_requests_seconds_sum,vets-service,10.42.1.123:8080,"{'__name__': 'http_server_requests_seconds_sum', 'exception': 'None', 'instance': '10.42.1.123:8080', 'job': 'spring-petclinic', 'method': 'GET', 'outcome': 'SUCCESS', 'status': '200', 'uri': '/actuator/prometheus'}",4.916315722,same_network,3,300
2026-07-24T22:02:37.828546+00:00,2026-07-24T22:02:37.962000+00:00,http_server_requests_seconds_sum,vets-service,10.42.1.123:8080,"{'__name__': 'http_server_requests_seconds_sum', 'exception': 'None', 'instance': '10.42.1.123:8080', 'job': 'spring-petclinic', 'method': 'GET', 'outcome': 'SUCCESS', 'status': '200', 'uri': '/vets'}",39483.263004084,same_network,3,300
2026-07-24T22:02:37.828546+00:00,2026-07-24T22:02:37.962000+00:00,http_server_requests_seconds_sum,vets-service,10.42.1.124:8080,"{'__name__': 'http_server_requests_seconds_sum', 'exception': 'None', 'instance': '10.42.1.124:8080', 'job': 'spring-petclinic', 'method': 'GET', 'outcome': 'SUCCESS', 'status': '200', 'uri': '/actuator/health/**'}",4.270219347,same_network,3,300
2026-07-24T22:02:37.828546+00:00,2026-07-24T22:02:37.962000+00:00,http_server_requests_seconds_sum,vets-service,10.42.1.124:8080,"{'__name__': 'http_server_requests_seconds_sum', 'exception': 'None', 'instance': '10.42.1.124:8080', 'job': 'spring-petclinic', 'method': 'GET', 'outcome': 'SUCCESS', 'status': '200', 'uri': '/actuator/prometheus'}",6.243728143,same_network,3,300
2026-07-24T22:02:37.828546+00:00,2026-07-24T22:02:37.962000+00:00,http_server_requests_seconds_sum,vets-service,10.42.1.124:8080,"{'__name__': 'http_server_requests_seconds_sum', 'exception': 'None', 'instance': '10.42.1.124:8080', 'job': 'spring-petclinic', 'method': 'GET', 'outcome': 'SUCCESS', 'status': '200', 'uri': '/vets'}",40311.201308059,same_network,3,300
2026-07-24T22:02:37.828546+00:00,2026-07-24T22:02:37.962000+00:00,http_server_requests_seconds_sum,visits-service,10.42.1.125:8080,"{'__name__': 'http_server_requests_seconds_sum', 'exception': 'None', 'instance': '10.42.1.125:8080', 'job': 'spring-petclinic', 'method': 'GET', 'outcome': 'SUCCESS', 'status': '200', 'uri': '/actuator/health/**'}",5.651896067,same_network,3,300
2026-07-24T22:02:37.828546+00:00,2026-07-24T22:02:37.962000+00:00,http_server_requests_seconds_sum,visits-service,10.42.1.125:8080,"{'__name__': 'http_server_requests_seconds_sum', 'exception': 'None', 'instance': '10.42.1.125:8080', 'job': 'spring-petclinic', 'method': 'GET', 'outcome': 'SUCCESS', 'status': '200', 'uri': '/actuator/prometheus'}",4.101572549,same_network,3,300
2026-07-24T22:02:37.828546+00:00,2026-07-24T22:02:37.962000+00:00,http_server_requests_seconds_sum,customers-service,10.42.1.126:8080,"{'__name__': 'http_server_requests_seconds_sum', 'exception': 'None', 'instance': '10.42.1.126:8080', 'job': 'spring-petclinic', 'method': 'GET', 'outcome': 'SUCCESS', 'status': '200', 'uri': '/actuator/health/**'}",3.411422264,same_network,3,300
2026-07-24T22:02:37.828546+00:00,2026-07-24T22:02:37.962000+00:00,http_server_requests_seconds_sum,customers-service,10.42.1.126:8080,"{'__name__': 'http_server_requests_seconds_sum', 'exception': 'None', 'instance': '10.42.1.126:8080', 'job': 'spring-petclinic', 'method': 'GET', 'outcome': 'SUCCESS', 'status': '200', 'uri': '/actuator/prometheus'}",5.045310647,same_network,3,300
2026-07-24T22:02:37.828546+00:00,2026-07-24T22:02:37.962000+00:00,http_server_requests_seconds_sum,api-gateway,10.42.1.129:8080,"{'__name__': 'http_server_requests_seconds_sum', 'exception': 'None', 'instance': '10.42.1.129:8080', 'job': 'spring-petclinic', 'method': 'GET', 'outcome': 'SUCCESS', 'status': '200', 'uri': '/actuator/health/{*path}'}",0.25583593,same_network,3,300
2026-07-24T22:02:37.828546+00:00,2026-07-24T22:02:37.962000+00:00,http_server_requests_seconds_sum,api-gateway,10.42.1.129:8080,"{'__name__': 'http_server_requests_seconds_sum', 'exception': 'None', 'instance': '10.42.1.129:8080', 'job': 'spring-petclinic', 'method': 'GET', 'outcome': 'SUCCESS', 'status': '200', 'uri': '/actuator/prometheus'}",0.435840457,same_network,3,300
2026-07-24T22:02:37.828546+00:00,2026-07-24T22:02:37.962000+00:00,http_server_requests_seconds_sum,api-gateway,10.42.1.129:8080,"{'__name__': 'http_server_requests_seconds_sum', 'exception': 'None', 'instance': '10.42.1.129:8080', 'job': 'spring-petclinic', 'method': 'GET', 'outcome': 'SUCCESS', 'status': '200', 'uri': 'UNKNOWN'}",1971.888270981,same_network,3,300
2026-07-24T22:02:37.828546+00:00,2026-07-24T22:02:37.968000+00:00,spring_cloud_gateway_requests_seconds_count,api-gateway,10.42.0.187:8080,"{'__name__': 'spring_cloud_gateway_requests_seconds_count', 'httpMethod': 'GET', 'httpStatusCode': '200', 'instance': '10.42.0.187:8080', 'job': 'spring-petclinic', 'outcome': 'SUCCESSFUL', 'routeId': 'customers-service', 'routeUri': 'http://customers-service.spring-petclinic.svc.cluster.local:8080', 'status': 'OK'}",1134724,same_network,3,300
2026-07-24T22:02:37.828546+00:00,2026-07-24T22:02:37.968000+00:00,spring_cloud_gateway_requests_seconds_count,api-gateway,10.42.0.187:8080,"{'__name__': 'spring_cloud_gateway_requests_seconds_count', 'httpMethod': 'GET', 'httpStatusCode': '200', 'instance': '10.42.0.187:8080', 'job': 'spring-petclinic', 'outcome': 'SUCCESSFUL', 'routeId': 'vets-service', 'routeUri': 'http://vets-service.spring-petclinic.svc.cluster.local:8080', 'status': 'OK'}",567550,same_network,3,300
2026-07-24T22:02:37.828546+00:00,2026-07-24T22:02:37.968000+00:00,spring_cloud_gateway_requests_seconds_count,api-gateway,10.42.0.187:8080,"{'__name__': 'spring_cloud_gateway_requests_seconds_count', 'httpMethod': 'GET', 'httpStatusCode': '200', 'instance': '10.42.0.187:8080', 'job': 'spring-petclinic', 'outcome': 'SUCCESSFUL', 'routeId': 'visits-service', 'routeUri': 'http://visits-service.spring-petclinic.svc.cluster.local:8080', 'status': 'OK'}",569166,same_network,3,300
2026-07-24T22:02:37.828546+00:00,2026-07-24T22:02:37.968000+00:00,spring_cloud_gateway_requests_seconds_count,api-gateway,10.42.1.129:8080,"{'__name__': 'spring_cloud_gateway_requests_seconds_count', 'httpMethod': 'GET', 'httpStatusCode': '200', 'instance': '10.42.1.129:8080', 'job': 'spring-petclinic', 'outcome': 'SUCCESSFUL', 'routeId': 'customers-service', 'routeUri': 'http://customers-service.spring-petclinic.svc.cluster.local:8080', 'status': 'OK'}",1813,same_network,3,300
2026-07-24T22:02:37.828546+00:00,2026-07-24T22:02:37.968000+00:00,spring_cloud_gateway_requests_seconds_count,api-gateway,10.42.1.129:8080,"{'__name__': 'spring_cloud_gateway_requests_seconds_count', 'httpMethod': 'GET', 'httpStatusCode': '200', 'instance': '10.42.1.129:8080', 'job': 'spring-petclinic', 'outcome': 'SUCCESSFUL', 'routeId': 'vets-service', 'routeUri': 'http://vets-service.spring-petclinic.svc.cluster.local:8080', 'status': 'OK'}",829,same_network,3,300
2026-07-24T22:02:37.828546+00:00,2026-07-24T22:02:37.968000+00:00,spring_cloud_gateway_requests_seconds_count,api-gateway,10.42.1.129:8080,"{'__name__': 'spring_cloud_gateway_requests_seconds_count', 'httpMethod': 'GET', 'httpStatusCode': '200', 'instance': '10.42.1.129:8080', 'job': 'spring-petclinic', 'outcome': 'SUCCESSFUL', 'routeId': 'visits-service', 'routeUri': 'http://visits-service.spring-petclinic.svc.cluster.local:8080', 'status': 'OK'}",898,same_network,3,300
2026-07-24T22:02:37.828546+00:00,2026-07-24T22:02:37.968000+00:00,spring_cloud_gateway_requests_seconds_count,api-gateway,10.42.0.187:8080,"{'__name__': 'spring_cloud_gateway_requests_seconds_count', 'httpMethod': 'GET', 'httpStatusCode': '500', 'instance': '10.42.0.187:8080', 'job': 'spring-petclinic', 'outcome': 'SERVER_ERROR', 'routeId': 'customers-service', 'routeUri': 'http://customers-service.spring-petclinic.svc.cluster.local:8080', 'status': 'INTERNAL_SERVER_ERROR'}",2,same_network,3,300
2026-07-24T22:02:37.828546+00:00,2026-07-24T22:02:37.968000+00:00,spring_cloud_gateway_requests_seconds_count,api-gateway,10.42.0.187:8080,"{'__name__': 'spring_cloud_gateway_requests_seconds_count', 'httpMethod': 'GET', 'httpStatusCode': '500', 'instance': '10.42.0.187:8080', 'job': 'spring-petclinic', 'outcome': 'SERVER_ERROR', 'routeId': 'vets-service', 'routeUri': 'http://vets-service.spring-petclinic.svc.cluster.local:8080', 'status': 'INTERNAL_SERVER_ERROR'}",22,same_network,3,300
2026-07-24T22:02:37.828546+00:00,2026-07-24T22:02:37.968000+00:00,spring_cloud_gateway_requests_seconds_count,api-gateway,10.42.0.187:8080,"{'__name__': 'spring_cloud_gateway_requests_seconds_count', 'httpMethod': 'GET', 'httpStatusCode': '500', 'instance': '10.42.0.187:8080', 'job': 'spring-petclinic', 'outcome': 'SERVER_ERROR', 'routeId': 'visits-service', 'routeUri': 'http://visits-service.spring-petclinic.svc.cluster.local:8080', 'status': 'INTERNAL_SERVER_ERROR'}",26,same_network,3,300
2026-07-24T22:02:37.828546+00:00,2026-07-24T22:02:37.974000+00:00,spring_cloud_gateway_requests_seconds_max,api-gateway,10.42.0.187:8080,"{'__name__': 'spring_cloud_gateway_requests_seconds_max', 'httpMethod': 'GET', 'httpStatusCode': '200', 'instance': '10.42.0.187:8080', 'job': 'spring-petclinic', 'outcome': 'SUCCESSFUL', 'routeId': 'customers-service', 'routeUri': 'http://customers-service.spring-petclinic.svc.cluster.local:8080', 'status': 'OK'}",4.651436962,same_network,3,300
2026-07-24T22:02:37.828546+00:00,2026-07-24T22:02:37.974000+00:00,spring_cloud_gateway_requests_seconds_max,api-gateway,10.42.0.187:8080,"{'__name__': 'spring_cloud_gateway_requests_seconds_max', 'httpMethod': 'GET', 'httpStatusCode': '200', 'instance': '10.42.0.187:8080', 'job': 'spring-petclinic', 'outcome': 'SUCCESSFUL', 'routeId': 'vets-service', 'routeUri': 'http://vets-service.spring-petclinic.svc.cluster.local:8080', 'status': 'OK'}",4.82249967,same_network,3,300
2026-07-24T22:02:37.828546+00:00,2026-07-24T22:02:37.974000+00:00,spring_cloud_gateway_requests_seconds_max,api-gateway,10.42.0.187:8080,"{'__name__': 'spring_cloud_gateway_requests_seconds_max', 'httpMethod': 'GET', 'httpStatusCode': '200', 'instance': '10.42.0.187:8080', 'job': 'spring-petclinic', 'outcome': 'SUCCESSFUL', 'routeId': 'visits-service', 'routeUri': 'http://visits-service.spring-petclinic.svc.cluster.local:8080', 'status': 'OK'}",1.108286388,same_network,3,300
2026-07-24T22:02:37.828546+00:00,2026-07-24T22:02:37.974000+00:00,spring_cloud_gateway_requests_seconds_max,api-gateway,10.42.1.129:8080,"{'__name__': 'spring_cloud_gateway_requests_seconds_max', 'httpMethod': 'GET', 'httpStatusCode': '200', 'instance': '10.42.1.129:8080', 'job': 'spring-petclinic', 'outcome': 'SUCCESSFUL', 'routeId': 'customers-service', 'routeUri': 'http://customers-service.spring-petclinic.svc.cluster.local:8080', 'status': 'OK'}",5.166451765,same_network,3,300
2026-07-24T22:02:37.828546+00:00,2026-07-24T22:02:37.974000+00:00,spring_cloud_gateway_requests_seconds_max,api-gateway,10.42.1.129:8080,"{'__name__': 'spring_cloud_gateway_requests_seconds_max', 'httpMethod': 'GET', 'httpStatusCode': '200', 'instance': '10.42.1.129:8080', 'job': 'spring-petclinic', 'outcome': 'SUCCESSFUL', 'routeId': 'vets-service', 'routeUri': 'http://vets-service.spring-petclinic.svc.cluster.local:8080', 'status': 'OK'}",3.599073485,same_network,3,300
2026-07-24T22:02:37.828546+00:00,2026-07-24T22:02:37.974000+00:00,spring_cloud_gateway_requests_seconds_max,api-gateway,10.42.1.129:8080,"{'__name__': 'spring_cloud_gateway_requests_seconds_max', 'httpMethod': 'GET', 'httpStatusCode': '200', 'instance': '10.42.1.129:8080', 'job': 'spring-petclinic', 'outcome': 'SUCCESSFUL', 'routeId': 'visits-service', 'routeUri': 'http://visits-service.spring-petclinic.svc.cluster.local:8080', 'status': 'OK'}",1.498390102,same_network,3,300
2026-07-24T22:02:37.828546+00:00,2026-07-24T22:02:37.974000+00:00,spring_cloud_gateway_requests_seconds_max,api-gateway,10.42.0.187:8080,"{'__name__': 'spring_cloud_gateway_requests_seconds_max', 'httpMethod': 'GET', 'httpStatusCode': '500', 'instance': '10.42.0.187:8080', 'job': 'spring-petclinic', 'outcome': 'SERVER_ERROR', 'routeId': 'customers-service', 'routeUri': 'http://customers-service.spring-petclinic.svc.cluster.local:8080', 'status': 'INTERNAL_SERVER_ERROR'}",0,same_network,3,300
2026-07-24T22:02:37.828546+00:00,2026-07-24T22:02:37.974000+00:00,spring_cloud_gateway_requests_seconds_max,api-gateway,10.42.0.187:8080,"{'__name__': 'spring_cloud_gateway_requests_seconds_max', 'httpMethod': 'GET', 'httpStatusCode': '500', 'instance': '10.42.0.187:8080', 'job': 'spring-petclinic', 'outcome': 'SERVER_ERROR', 'routeId': 'vets-service', 'routeUri': 'http://vets-service.spring-petclinic.svc.cluster.local:8080', 'status': 'INTERNAL_SERVER_ERROR'}",0,same_network,3,300
2026-07-24T22:02:37.828546+00:00,2026-07-24T22:02:37.974000+00:00,spring_cloud_gateway_requests_seconds_max,api-gateway,10.42.0.187:8080,"{'__name__': 'spring_cloud_gateway_requests_seconds_max', 'httpMethod': 'GET', 'httpStatusCode': '500', 'instance': '10.42.0.187:8080', 'job': 'spring-petclinic', 'outcome': 'SERVER_ERROR', 'routeId': 'visits-service', 'routeUri': 'http://visits-service.spring-petclinic.svc.cluster.local:8080', 'status': 'INTERNAL_SERVER_ERROR'}",0,same_network,3,300
2026-07-24T22:02:37.828546+00:00,2026-07-24T22:02:37.978000+00:00,spring_cloud_gateway_requests_seconds_sum,api-gateway,10.42.0.187:8080,"{'__name__': 'spring_cloud_gateway_requests_seconds_sum', 'httpMethod': 'GET', 'httpStatusCode': '200', 'instance': '10.42.0.187:8080', 'job': 'spring-petclinic', 'outcome': 'SUCCESSFUL', 'routeId': 'customers-service', 'routeUri': 'http://customers-service.spring-petclinic.svc.cluster.local:8080', 'status': 'OK'}",182874.125256847,same_network,3,300
2026-07-24T22:02:37.828546+00:00,2026-07-24T22:02:37.978000+00:00,spring_cloud_gateway_requests_seconds_sum,api-gateway,10.42.0.187:8080,"{'__name__': 'spring_cloud_gateway_requests_seconds_sum', 'httpMethod': 'GET', 'httpStatusCode': '200', 'instance': '10.42.0.187:8080', 'job': 'spring-petclinic', 'outcome': 'SUCCESSFUL', 'routeId': 'vets-service', 'routeUri': 'http://vets-service.spring-petclinic.svc.cluster.local:8080', 'status': 'OK'}",77976.918181842,same_network,3,300
2026-07-24T22:02:37.828546+00:00,2026-07-24T22:02:37.978000+00:00,spring_cloud_gateway_requests_seconds_sum,api-gateway,10.42.0.187:8080,"{'__name__': 'spring_cloud_gateway_requests_seconds_sum', 'httpMethod': 'GET', 'httpStatusCode': '200', 'instance': '10.42.0.187:8080', 'job': 'spring-petclinic', 'outcome': 'SUCCESSFUL', 'routeId': 'visits-service', 'routeUri': 'http://visits-service.spring-petclinic.svc.cluster.local:8080', 'status': 'OK'}",15409.67987318,same_network,3,300
2026-07-24T22:02:37.828546+00:00,2026-07-24T22:02:37.978000+00:00,spring_cloud_gateway_requests_seconds_sum,api-gateway,10.42.1.129:8080,"{'__name__': 'spring_cloud_gateway_requests_seconds_sum', 'httpMethod': 'GET', 'httpStatusCode': '200', 'instance': '10.42.1.129:8080', 'job': 'spring-petclinic', 'outcome': 'SUCCESSFUL', 'routeId': 'customers-service', 'routeUri': 'http://customers-service.spring-petclinic.svc.cluster.local:8080', 'status': 'OK'}",1612.530342149,same_network,3,300
2026-07-24T22:02:37.828546+00:00,2026-07-24T22:02:37.978000+00:00,spring_cloud_gateway_requests_seconds_sum,api-gateway,10.42.1.129:8080,"{'__name__': 'spring_cloud_gateway_requests_seconds_sum', 'httpMethod': 'GET', 'httpStatusCode': '200', 'instance': '10.42.1.129:8080', 'job': 'spring-petclinic', 'outcome': 'SUCCESSFUL', 'routeId': 'vets-service', 'routeUri': 'http://vets-service.spring-petclinic.svc.cluster.local:8080', 'status': 'OK'}",314.434976469,same_network,3,300
2026-07-24T22:02:37.828546+00:00,2026-07-24T22:02:37.978000+00:00,spring_cloud_gateway_requests_seconds_sum,api-gateway,10.42.1.129:8080,"{'__name__': 'spring_cloud_gateway_requests_seconds_sum', 'httpMethod': 'GET', 'httpStatusCode': '200', 'instance': '10.42.1.129:8080', 'job': 'spring-petclinic', 'outcome': 'SUCCESSFUL', 'routeId': 'visits-service', 'routeUri': 'http://visits-service.spring-petclinic.svc.cluster.local:8080', 'status': 'OK'}",35.056531002,same_network,3,300
2026-07-24T22:02:37.828546+00:00,2026-07-24T22:02:37.978000+00:00,spring_cloud_gateway_requests_seconds_sum,api-gateway,10.42.0.187:8080,"{'__name__': 'spring_cloud_gateway_requests_seconds_sum', 'httpMethod': 'GET', 'httpStatusCode': '500', 'instance': '10.42.0.187:8080', 'job': 'spring-petclinic', 'outcome': 'SERVER_ERROR', 'routeId': 'customers-service', 'routeUri': 'http://customers-service.spring-petclinic.svc.cluster.local:8080', 'status': 'INTERNAL_SERVER_ERROR'}",0.150802858,same_network,3,300
2026-07-24T22:02:37.828546+00:00,2026-07-24T22:02:37.978000+00:00,spring_cloud_gateway_requests_seconds_sum,api-gateway,10.42.0.187:8080,"{'__name__': 'spring_cloud_gateway_requests_seconds_sum', 'httpMethod': 'GET', 'httpStatusCode': '500', 'instance': '10.42.0.187:8080', 'job': 'spring-petclinic', 'outcome': 'SERVER_ERROR', 'routeId': 'vets-service', 'routeUri': 'http://vets-service.spring-petclinic.svc.cluster.local:8080', 'status': 'INTERNAL_SERVER_ERROR'}",52.224064757,same_network,3,300
2026-07-24T22:02:37.828546+00:00,2026-07-24T22:02:37.978000+00:00,spring_cloud_gateway_requests_seconds_sum,api-gateway,10.42.0.187:8080,"{'__name__': 'spring_cloud_gateway_requests_seconds_sum', 'httpMethod': 'GET', 'httpStatusCode': '500', 'instance': '10.42.0.187:8080', 'job': 'spring-petclinic', 'outcome': 'SERVER_ERROR', 'routeId': 'visits-service', 'routeUri': 'http://visits-service.spring-petclinic.svc.cluster.local:8080', 'status': 'INTERNAL_SERVER_ERROR'}",45.667181616,same_network,3,300
2026-07-24T22:02:37.828546+00:00,2026-07-24T22:02:37.983000+00:00,spring_cloud_gateway_routes_count,api-gateway,10.42.0.187:8080,"{'__name__': 'spring_cloud_gateway_routes_count', 'instance': '10.42.0.187:8080', 'job': 'spring-petclinic'}",3,same_network,3,300
2026-07-24T22:02:37.828546+00:00,2026-07-24T22:02:37.983000+00:00,spring_cloud_gateway_routes_count,api-gateway,10.42.1.129:8080,"{'__name__': 'spring_cloud_gateway_routes_count', 'instance': '10.42.1.129:8080', 'job': 'spring-petclinic'}",3,same_network,3,300
2026-07-24T22:02:37.828546+00:00,2026-07-24T22:02:37.988000+00:00,spring_data_repository_invocations_seconds_count,customers-service,10.42.0.186:8080,"{'__name__': 'spring_data_repository_invocations_seconds_count', 'exception': 'None', 'instance': '10.42.0.186:8080', 'job': 'spring-petclinic', 'method': 'findAll', 'repository': 'OwnerRepository', 'state': 'SUCCESS'}",300035,same_network,3,300
2026-07-24T22:02:37.828546+00:00,2026-07-24T22:02:37.988000+00:00,spring_data_repository_invocations_seconds_count,customers-service,10.42.0.186:8080,"{'__name__': 'spring_data_repository_invocations_seconds_count', 'exception': 'None', 'instance': '10.42.0.186:8080', 'job': 'spring-petclinic', 'method': 'findById', 'repository': 'OwnerRepository', 'state': 'SUCCESS'}",299678,same_network,3,300
2026-07-24T22:02:37.828546+00:00,2026-07-24T22:02:37.988000+00:00,spring_data_repository_invocations_seconds_count,visits-service,10.42.1.122:8080,"{'__name__': 'spring_data_repository_invocations_seconds_count', 'exception': 'None', 'instance': '10.42.1.122:8080', 'job': 'spring-petclinic', 'method': 'findByPetId', 'repository': 'VisitRepository', 'state': 'SUCCESS'}",294485,same_network,3,300
2026-07-24T22:02:37.828546+00:00,2026-07-24T22:02:37.988000+00:00,spring_data_repository_invocations_seconds_count,vets-service,10.42.1.123:8080,"{'__name__': 'spring_data_repository_invocations_seconds_count', 'exception': 'None', 'instance': '10.42.1.123:8080', 'job': 'spring-petclinic', 'method': 'findAll', 'repository': 'VetRepository', 'state': 'SUCCESS'}",288481,same_network,3,300
2026-07-24T22:02:37.828546+00:00,2026-07-24T22:02:37.988000+00:00,spring_data_repository_invocations_seconds_count,vets-service,10.42.1.124:8080,"{'__name__': 'spring_data_repository_invocations_seconds_count', 'exception': 'None', 'instance': '10.42.1.124:8080', 'job': 'spring-petclinic', 'method': 'findAll', 'repository': 'VetRepository', 'state': 'SUCCESS'}",294324,same_network,3,300
2026-07-24T22:02:37.828546+00:00,2026-07-24T22:02:37.988000+00:00,spring_data_repository_invocations_seconds_count,visits-service,10.42.1.125:8080,"{'__name__': 'spring_data_repository_invocations_seconds_count', 'exception': 'None', 'instance': '10.42.1.125:8080', 'job': 'spring-petclinic', 'method': 'findByPetId', 'repository': 'VisitRepository', 'state': 'SUCCESS'}",289300,same_network,3,300
2026-07-24T22:02:37.828546+00:00,2026-07-24T22:02:37.988000+00:00,spring_data_repository_invocations_seconds_count,customers-service,10.42.1.126:8080,"{'__name__': 'spring_data_repository_invocations_seconds_count', 'exception': 'None', 'instance': '10.42.1.126:8080', 'job': 'spring-petclinic', 'method': 'findAll', 'repository': 'OwnerRepository', 'state': 'SUCCESS'}",287745,same_network,3,300
2026-07-24T22:02:37.828546+00:00,2026-07-24T22:02:37.988000+00:00,spring_data_repository_invocations_seconds_count,customers-service,10.42.1.126:8080,"{'__name__': 'spring_data_repository_invocations_seconds_count', 'exception': 'None', 'instance': '10.42.1.126:8080', 'job': 'spring-petclinic', 'method': 'findById', 'repository': 'OwnerRepository', 'state': 'SUCCESS'}",288506,same_network,3,300
2026-07-24T22:02:37.828546+00:00,2026-07-24T22:02:37.988000+00:00,spring_data_repository_invocations_seconds_count,customers-service,10.42.0.186:8080,"{'__name__': 'spring_data_repository_invocations_seconds_count', 'exception': 'PersistenceException', 'instance': '10.42.0.186:8080', 'job': 'spring-petclinic', 'method': 'findAll', 'repository': 'OwnerRepository', 'state': 'ERROR'}",6,same_network,3,300
2026-07-24T22:02:37.828546+00:00,2026-07-24T22:02:37.988000+00:00,spring_data_repository_invocations_seconds_count,customers-service,10.42.0.186:8080,"{'__name__': 'spring_data_repository_invocations_seconds_count', 'exception': 'PersistenceException', 'instance': '10.42.0.186:8080', 'job': 'spring-petclinic', 'method': 'findById', 'repository': 'OwnerRepository', 'state': 'ERROR'}",1,same_network,3,300
2026-07-24T22:02:37.828546+00:00,2026-07-24T22:02:37.993000+00:00,spring_data_repository_invocations_seconds_max,customers-service,10.42.0.186:8080,"{'__name__': 'spring_data_repository_invocations_seconds_max', 'exception': 'None', 'instance': '10.42.0.186:8080', 'job': 'spring-petclinic', 'method': 'findAll', 'repository': 'OwnerRepository', 'state': 'SUCCESS'}",1.115633961,same_network,3,300
2026-07-24T22:02:37.828546+00:00,2026-07-24T22:02:37.993000+00:00,spring_data_repository_invocations_seconds_max,customers-service,10.42.0.186:8080,"{'__name__': 'spring_data_repository_invocations_seconds_max', 'exception': 'None', 'instance': '10.42.0.186:8080', 'job': 'spring-petclinic', 'method': 'findById', 'repository': 'OwnerRepository', 'state': 'SUCCESS'}",0.214300618,same_network,3,300
2026-07-24T22:02:37.828546+00:00,2026-07-24T22:02:37.993000+00:00,spring_data_repository_invocations_seconds_max,visits-service,10.42.1.122:8080,"{'__name__': 'spring_data_repository_invocations_seconds_max', 'exception': 'None', 'instance': '10.42.1.122:8080', 'job': 'spring-petclinic', 'method': 'findByPetId', 'repository': 'VisitRepository', 'state': 'SUCCESS'}",1.494873355,same_network,3,300
2026-07-24T22:02:37.828546+00:00,2026-07-24T22:02:37.993000+00:00,spring_data_repository_invocations_seconds_max,vets-service,10.42.1.123:8080,"{'__name__': 'spring_data_repository_invocations_seconds_max', 'exception': 'None', 'instance': '10.42.1.123:8080', 'job': 'spring-petclinic', 'method': 'findAll', 'repository': 'VetRepository', 'state': 'SUCCESS'}",0.910724371,same_network,3,300
2026-07-24T22:02:37.828546+00:00,2026-07-24T22:02:37.993000+00:00,spring_data_repository_invocations_seconds_max,vets-service,10.42.1.124:8080,"{'__name__': 'spring_data_repository_invocations_seconds_max', 'exception': 'None', 'instance': '10.42.1.124:8080', 'job': 'spring-petclinic', 'method': 'findAll', 'repository': 'VetRepository', 'state': 'SUCCESS'}",1.399651178,same_network,3,300
2026-07-24T22:02:37.828546+00:00,2026-07-24T22:02:37.993000+00:00,spring_data_repository_invocations_seconds_max,visits-service,10.42.1.125:8080,"{'__name__': 'spring_data_repository_invocations_seconds_max', 'exception': 'None', 'instance': '10.42.1.125:8080', 'job': 'spring-petclinic', 'method': 'findByPetId', 'repository': 'VisitRepository', 'state': 'SUCCESS'}",1.14619132,same_network,3,300
2026-07-24T22:02:37.828546+00:00,2026-07-24T22:02:37.993000+00:00,spring_data_repository_invocations_seconds_max,customers-service,10.42.1.126:8080,"{'__name__': 'spring_data_repository_invocations_seconds_max', 'exception': 'None', 'instance': '10.42.1.126:8080', 'job': 'spring-petclinic', 'method': 'findAll', 'repository': 'OwnerRepository', 'state': 'SUCCESS'}",1.820068423,same_network,3,300
2026-07-24T22:02:37.828546+00:00,2026-07-24T22:02:37.993000+00:00,spring_data_repository_invocations_seconds_max,customers-service,10.42.1.126:8080,"{'__name__': 'spring_data_repository_invocations_seconds_max', 'exception': 'None', 'instance': '10.42.1.126:8080', 'job': 'spring-petclinic', 'method': 'findById', 'repository': 'OwnerRepository', 'state': 'SUCCESS'}",0.216578742,same_network,3,300
2026-07-24T22:02:37.828546+00:00,2026-07-24T22:02:37.993000+00:00,spring_data_repository_invocations_seconds_max,customers-service,10.42.0.186:8080,"{'__name__': 'spring_data_repository_invocations_seconds_max', 'exception': 'PersistenceException', 'instance': '10.42.0.186:8080', 'job': 'spring-petclinic', 'method': 'findAll', 'repository': 'OwnerRepository', 'state': 'ERROR'}",0,same_network,3,300
2026-07-24T22:02:37.828546+00:00,2026-07-24T22:02:37.993000+00:00,spring_data_repository_invocations_seconds_max,customers-service,10.42.0.186:8080,"{'__name__': 'spring_data_repository_invocations_seconds_max', 'exception': 'PersistenceException', 'instance': '10.42.0.186:8080', 'job': 'spring-petclinic', 'method': 'findById', 'repository': 'OwnerRepository', 'state': 'ERROR'}",0,same_network,3,300
2026-07-24T22:02:37.828546+00:00,2026-07-24T22:02:37.999000+00:00,spring_data_repository_invocations_seconds_sum,customers-service,10.42.0.186:8080,"{'__name__': 'spring_data_repository_invocations_seconds_sum', 'exception': 'None', 'instance': '10.42.0.186:8080', 'job': 'spring-petclinic', 'method': 'findAll', 'repository': 'OwnerRepository', 'state': 'SUCCESS'}",28219.184501124,same_network,3,300
2026-07-24T22:02:37.828546+00:00,2026-07-24T22:02:37.999000+00:00,spring_data_repository_invocations_seconds_sum,customers-service,10.42.0.186:8080,"{'__name__': 'spring_data_repository_invocations_seconds_sum', 'exception': 'None', 'instance': '10.42.0.186:8080', 'job': 'spring-petclinic', 'method': 'findById', 'repository': 'OwnerRepository', 'state': 'SUCCESS'}",2721.190088348,same_network,3,300
2026-07-24T22:02:37.828546+00:00,2026-07-24T22:02:37.999000+00:00,spring_data_repository_invocations_seconds_sum,visits-service,10.42.1.122:8080,"{'__name__': 'spring_data_repository_invocations_seconds_sum', 'exception': 'None', 'instance': '10.42.1.122:8080', 'job': 'spring-petclinic', 'method': 'findByPetId', 'repository': 'VisitRepository', 'state': 'SUCCESS'}",3764.011204953,same_network,3,300
2026-07-24T22:02:37.828546+00:00,2026-07-24T22:02:37.999000+00:00,spring_data_repository_invocations_seconds_sum,vets-service,10.42.1.123:8080,"{'__name__': 'spring_data_repository_invocations_seconds_sum', 'exception': 'None', 'instance': '10.42.1.123:8080', 'job': 'spring-petclinic', 'method': 'findAll', 'repository': 'VetRepository', 'state': 'SUCCESS'}",18884.071457008,same_network,3,300
2026-07-24T22:02:37.828546+00:00,2026-07-24T22:02:37.999000+00:00,spring_data_repository_invocations_seconds_sum,vets-service,10.42.1.124:8080,"{'__name__': 'spring_data_repository_invocations_seconds_sum', 'exception': 'None', 'instance': '10.42.1.124:8080', 'job': 'spring-petclinic', 'method': 'findAll', 'repository': 'VetRepository', 'state': 'SUCCESS'}",19239.244698255,same_network,3,300
2026-07-24T22:02:37.828546+00:00,2026-07-24T22:02:37.999000+00:00,spring_data_repository_invocations_seconds_sum,visits-service,10.42.1.125:8080,"{'__name__': 'spring_data_repository_invocations_seconds_sum', 'exception': 'None', 'instance': '10.42.1.125:8080', 'job': 'spring-petclinic', 'method': 'findByPetId', 'repository': 'VisitRepository', 'state': 'SUCCESS'}",3618.065535805,same_network,3,300
2026-07-24T22:02:37.828546+00:00,2026-07-24T22:02:37.999000+00:00,spring_data_repository_invocations_seconds_sum,customers-service,10.42.1.126:8080,"{'__name__': 'spring_data_repository_invocations_seconds_sum', 'exception': 'None', 'instance': '10.42.1.126:8080', 'job': 'spring-petclinic', 'method': 'findAll', 'repository': 'OwnerRepository', 'state': 'SUCCESS'}",29534.088341957,same_network,3,300
2026-07-24T22:02:37.828546+00:00,2026-07-24T22:02:37.999000+00:00,spring_data_repository_invocations_seconds_sum,customers-service,10.42.1.126:8080,"{'__name__': 'spring_data_repository_invocations_seconds_sum', 'exception': 'None', 'instance': '10.42.1.126:8080', 'job': 'spring-petclinic', 'method': 'findById', 'repository': 'OwnerRepository', 'state': 'SUCCESS'}",2803.113504936,same_network,3,300
2026-07-24T22:02:37.828546+00:00,2026-07-24T22:02:37.999000+00:00,spring_data_repository_invocations_seconds_sum,customers-service,10.42.0.186:8080,"{'__name__': 'spring_data_repository_invocations_seconds_sum', 'exception': 'PersistenceException', 'instance': '10.42.0.186:8080', 'job': 'spring-petclinic', 'method': 'findAll', 'repository': 'OwnerRepository', 'state': 'ERROR'}",162.317731366,same_network,3,300
2026-07-24T22:02:37.828546+00:00,2026-07-24T22:02:37.999000+00:00,spring_data_repository_invocations_seconds_sum,customers-service,10.42.0.186:8080,"{'__name__': 'spring_data_repository_invocations_seconds_sum', 'exception': 'PersistenceException', 'instance': '10.42.0.186:8080', 'job': 'spring-petclinic', 'method': 'findById', 'repository': 'OwnerRepository', 'state': 'ERROR'}",27.935482957,same_network,3,300
2026-07-24T22:02:37.828546+00:00,2026-07-24T22:02:38.004000+00:00,petclinic_owner_seconds_count,customers-service,10.42.0.186:8080,"{'__name__': 'petclinic_owner_seconds_count', 'exception': 'CannotCreateTransactionException', 'instance': '10.42.0.186:8080', 'job': 'spring-petclinic', 'method': 'GET', 'outcome': 'SERVER_ERROR', 'status': '500', 'uri': '/owners'}",1,same_network,3,300
2026-07-24T22:02:37.828546+00:00,2026-07-24T22:02:38.004000+00:00,petclinic_owner_seconds_count,customers-service,10.42.0.186:8080,"{'__name__': 'petclinic_owner_seconds_count', 'exception': 'CannotCreateTransactionException', 'instance': '10.42.0.186:8080', 'job': 'spring-petclinic', 'method': 'GET', 'outcome': 'SERVER_ERROR', 'status': '500', 'uri': '/owners/{ownerId}'}",2,same_network,3,300
2026-07-24T22:02:37.828546+00:00,2026-07-24T22:02:38.004000+00:00,petclinic_owner_seconds_count,customers-service,10.42.0.186:8080,"{'__name__': 'petclinic_owner_seconds_count', 'exception': 'JpaSystemException', 'instance': '10.42.0.186:8080', 'job': 'spring-petclinic', 'method': 'GET', 'outcome': 'SERVER_ERROR', 'status': '500', 'uri': '/owners/{ownerId}'}",1,same_network,3,300
2026-07-24T22:02:37.828546+00:00,2026-07-24T22:02:38.004000+00:00,petclinic_owner_seconds_count,customers-service,10.42.0.186:8080,"{'__name__': 'petclinic_owner_seconds_count', 'exception': 'None', 'instance': '10.42.0.186:8080', 'job': 'spring-petclinic', 'method': 'GET', 'outcome': 'SUCCESS', 'status': '200', 'uri': '/owners'}",300033,same_network,3,300
2026-07-24T22:02:37.828546+00:00,2026-07-24T22:02:38.004000+00:00,petclinic_owner_seconds_count,customers-service,10.42.0.186:8080,"{'__name__': 'petclinic_owner_seconds_count', 'exception': 'None', 'instance': '10.42.0.186:8080', 'job': 'spring-petclinic', 'method': 'GET', 'outcome': 'SUCCESS', 'status': '200', 'uri': '/owners/{ownerId}'}",299676,same_network,3,300
2026-07-24T22:02:37.828546+00:00,2026-07-24T22:02:38.004000+00:00,petclinic_owner_seconds_count,customers-service,10.42.1.126:8080,"{'__name__': 'petclinic_owner_seconds_count', 'exception': 'None', 'instance': '10.42.1.126:8080', 'job': 'spring-petclinic', 'method': 'GET', 'outcome': 'SUCCESS', 'status': '200', 'uri': '/owners'}",287743,same_network,3,300
2026-07-24T22:02:37.828546+00:00,2026-07-24T22:02:38.004000+00:00,petclinic_owner_seconds_count,customers-service,10.42.1.126:8080,"{'__name__': 'petclinic_owner_seconds_count', 'exception': 'None', 'instance': '10.42.1.126:8080', 'job': 'spring-petclinic', 'method': 'GET', 'outcome': 'SUCCESS', 'status': '200', 'uri': '/owners/{ownerId}'}",288504,same_network,3,300
2026-07-24T22:02:37.828546+00:00,2026-07-24T22:02:38.004000+00:00,petclinic_owner_seconds_count,customers-service,10.42.0.186:8080,"{'__name__': 'petclinic_owner_seconds_count', 'exception': 'TransactionSystemException', 'instance': '10.42.0.186:8080', 'job': 'spring-petclinic', 'method': 'GET', 'outcome': 'SERVER_ERROR', 'status': '500', 'uri': '/owners'}",6,same_network,3,300
2026-07-24T22:02:37.828546+00:00,2026-07-24T22:02:38.004000+00:00,petclinic_owner_seconds_count,customers-service,10.42.0.186:8080,"{'__name__': 'petclinic_owner_seconds_count', 'exception': 'TransactionSystemException', 'instance': '10.42.0.186:8080', 'job': 'spring-petclinic', 'method': 'GET', 'outcome': 'SERVER_ERROR', 'status': '500', 'uri': '/owners/{ownerId}'}",1,same_network,3,300
2026-07-24T22:02:37.828546+00:00,2026-07-24T22:02:38.010000+00:00,petclinic_owner_seconds_max,customers-service,10.42.0.186:8080,"{'__name__': 'petclinic_owner_seconds_max', 'exception': 'CannotCreateTransactionException', 'instance': '10.42.0.186:8080', 'job': 'spring-petclinic', 'method': 'GET', 'outcome': 'SERVER_ERROR', 'status': '500', 'uri': '/owners'}",0,same_network,3,300
2026-07-24T22:02:37.828546+00:00,2026-07-24T22:02:38.010000+00:00,petclinic_owner_seconds_max,customers-service,10.42.0.186:8080,"{'__name__': 'petclinic_owner_seconds_max', 'exception': 'CannotCreateTransactionException', 'instance': '10.42.0.186:8080', 'job': 'spring-petclinic', 'method': 'GET', 'outcome': 'SERVER_ERROR', 'status': '500', 'uri': '/owners/{ownerId}'}",0,same_network,3,300
2026-07-24T22:02:37.828546+00:00,2026-07-24T22:02:38.010000+00:00,petclinic_owner_seconds_max,customers-service,10.42.0.186:8080,"{'__name__': 'petclinic_owner_seconds_max', 'exception': 'JpaSystemException', 'instance': '10.42.0.186:8080', 'job': 'spring-petclinic', 'method': 'GET', 'outcome': 'SERVER_ERROR', 'status': '500', 'uri': '/owners/{ownerId}'}",0,same_network,3,300
2026-07-24T22:02:37.828546+00:00,2026-07-24T22:02:38.010000+00:00,petclinic_owner_seconds_max,customers-service,10.42.0.186:8080,"{'__name__': 'petclinic_owner_seconds_max', 'exception': 'None', 'instance': '10.42.0.186:8080', 'job': 'spring-petclinic', 'method': 'GET', 'outcome': 'SUCCESS', 'status': '200', 'uri': '/owners'}",4.524248944,same_network,3,300
2026-07-24T22:02:37.828546+00:00,2026-07-24T22:02:38.010000+00:00,petclinic_owner_seconds_max,customers-service,10.42.0.186:8080,"{'__name__': 'petclinic_owner_seconds_max', 'exception': 'None', 'instance': '10.42.0.186:8080', 'job': 'spring-petclinic', 'method': 'GET', 'outcome': 'SUCCESS', 'status': '200', 'uri': '/owners/{ownerId}'}",4.907183519,same_network,3,300
2026-07-24T22:02:37.828546+00:00,2026-07-24T22:02:38.010000+00:00,petclinic_owner_seconds_max,customers-service,10.42.1.126:8080,"{'__name__': 'petclinic_owner_seconds_max', 'exception': 'None', 'instance': '10.42.1.126:8080', 'job': 'spring-petclinic', 'method': 'GET', 'outcome': 'SUCCESS', 'status': '200', 'uri': '/owners'}",6.644696155,same_network,3,300
2026-07-24T22:02:37.828546+00:00,2026-07-24T22:02:38.010000+00:00,petclinic_owner_seconds_max,customers-service,10.42.1.126:8080,"{'__name__': 'petclinic_owner_seconds_max', 'exception': 'None', 'instance': '10.42.1.126:8080', 'job': 'spring-petclinic', 'method': 'GET', 'outcome': 'SUCCESS', 'status': '200', 'uri': '/owners/{ownerId}'}",6.232631066,same_network,3,300
2026-07-24T22:02:37.828546+00:00,2026-07-24T22:02:38.010000+00:00,petclinic_owner_seconds_max,customers-service,10.42.0.186:8080,"{'__name__': 'petclinic_owner_seconds_max', 'exception': 'TransactionSystemException', 'instance': '10.42.0.186:8080', 'job': 'spring-petclinic', 'method': 'GET', 'outcome': 'SERVER_ERROR', 'status': '500', 'uri': '/owners'}",0,same_network,3,300
2026-07-24T22:02:37.828546+00:00,2026-07-24T22:02:38.010000+00:00,petclinic_owner_seconds_max,customers-service,10.42.0.186:8080,"{'__name__': 'petclinic_owner_seconds_max', 'exception': 'TransactionSystemException', 'instance': '10.42.0.186:8080', 'job': 'spring-petclinic', 'method': 'GET', 'outcome': 'SERVER_ERROR', 'status': '500', 'uri': '/owners/{ownerId}'}",0,same_network,3,300
2026-07-24T22:02:37.828546+00:00,2026-07-24T22:02:38.015000+00:00,petclinic_owner_seconds_sum,customers-service,10.42.0.186:8080,"{'__name__': 'petclinic_owner_seconds_sum', 'exception': 'CannotCreateTransactionException', 'instance': '10.42.0.186:8080', 'job': 'spring-petclinic', 'method': 'GET', 'outcome': 'SERVER_ERROR', 'status': '500', 'uri': '/owners'}",30.011462249,same_network,3,300
2026-07-24T22:02:37.828546+00:00,2026-07-24T22:02:38.015000+00:00,petclinic_owner_seconds_sum,customers-service,10.42.0.186:8080,"{'__name__': 'petclinic_owner_seconds_sum', 'exception': 'CannotCreateTransactionException', 'instance': '10.42.0.186:8080', 'job': 'spring-petclinic', 'method': 'GET', 'outcome': 'SERVER_ERROR', 'status': '500', 'uri': '/owners/{ownerId}'}",57.928555052,same_network,3,300
2026-07-24T22:02:37.828546+00:00,2026-07-24T22:02:38.015000+00:00,petclinic_owner_seconds_sum,customers-service,10.42.0.186:8080,"{'__name__': 'petclinic_owner_seconds_sum', 'exception': 'JpaSystemException', 'instance': '10.42.0.186:8080', 'job': 'spring-petclinic', 'method': 'GET', 'outcome': 'SERVER_ERROR', 'status': '500', 'uri': '/owners/{ownerId}'}",29.962295767,same_network,3,300
2026-07-24T22:02:37.828546+00:00,2026-07-24T22:02:38.015000+00:00,petclinic_owner_seconds_sum,customers-service,10.42.0.186:8080,"{'__name__': 'petclinic_owner_seconds_sum', 'exception': 'None', 'instance': '10.42.0.186:8080', 'job': 'spring-petclinic', 'method': 'GET', 'outcome': 'SUCCESS', 'status': '200', 'uri': '/owners'}",71010.835257693,same_network,3,300
2026-07-24T22:02:37.828546+00:00,2026-07-24T22:02:38.015000+00:00,petclinic_owner_seconds_sum,customers-service,10.42.0.186:8080,"{'__name__': 'petclinic_owner_seconds_sum', 'exception': 'None', 'instance': '10.42.0.186:8080', 'job': 'spring-petclinic', 'method': 'GET', 'outcome': 'SUCCESS', 'status': '200', 'uri': '/owners/{ownerId}'}",45164.928753021,same_network,3,300
2026-07-24T22:02:37.828546+00:00,2026-07-24T22:02:38.015000+00:00,petclinic_owner_seconds_sum,customers-service,10.42.1.126:8080,"{'__name__': 'petclinic_owner_seconds_sum', 'exception': 'None', 'instance': '10.42.1.126:8080', 'job': 'spring-petclinic', 'method': 'GET', 'outcome': 'SUCCESS', 'status': '200', 'uri': '/owners'}",63306.931871801,same_network,3,300
2026-07-24T22:02:37.828546+00:00,2026-07-24T22:02:38.015000+00:00,petclinic_owner_seconds_sum,customers-service,10.42.1.126:8080,"{'__name__': 'petclinic_owner_seconds_sum', 'exception': 'None', 'instance': '10.42.1.126:8080', 'job': 'spring-petclinic', 'method': 'GET', 'outcome': 'SUCCESS', 'status': '200', 'uri': '/owners/{ownerId}'}",37256.449876953,same_network,3,300
2026-07-24T22:02:37.828546+00:00,2026-07-24T22:02:38.015000+00:00,petclinic_owner_seconds_sum,customers-service,10.42.0.186:8080,"{'__name__': 'petclinic_owner_seconds_sum', 'exception': 'TransactionSystemException', 'instance': '10.42.0.186:8080', 'job': 'spring-petclinic', 'method': 'GET', 'outcome': 'SERVER_ERROR', 'status': '500', 'uri': '/owners'}",162.536228172,same_network,3,300
2026-07-24T22:02:37.828546+00:00,2026-07-24T22:02:38.015000+00:00,petclinic_owner_seconds_sum,customers-service,10.42.0.186:8080,"{'__name__': 'petclinic_owner_seconds_sum', 'exception': 'TransactionSystemException', 'instance': '10.42.0.186:8080', 'job': 'spring-petclinic', 'method': 'GET', 'outcome': 'SERVER_ERROR', 'status': '500', 'uri': '/owners/{ownerId}'}",27.98418218,same_network,3,300
2026-07-24T22:02:37.828546+00:00,2026-07-24T22:02:38.020000+00:00,petclinic_visit_seconds_count,visits-service,10.42.1.122:8080,"{'__name__': 'petclinic_visit_seconds_count', 'exception': 'None', 'instance': '10.42.1.122:8080', 'job': 'spring-petclinic', 'method': 'GET', 'outcome': 'SUCCESS', 'status': '200', 'uri': '/owners/*/pets/{petId}/visits'}",294485,same_network,3,300
2026-07-24T22:02:37.828546+00:00,2026-07-24T22:02:38.020000+00:00,petclinic_visit_seconds_count,visits-service,10.42.1.125:8080,"{'__name__': 'petclinic_visit_seconds_count', 'exception': 'None', 'instance': '10.42.1.125:8080', 'job': 'spring-petclinic', 'method': 'GET', 'outcome': 'SUCCESS', 'status': '200', 'uri': '/owners/*/pets/{petId}/visits'}",289300,same_network,3,300
2026-07-24T22:02:37.828546+00:00,2026-07-24T22:02:38.024000+00:00,petclinic_visit_seconds_max,visits-service,10.42.1.122:8080,"{'__name__': 'petclinic_visit_seconds_max', 'exception': 'None', 'instance': '10.42.1.122:8080', 'job': 'spring-petclinic', 'method': 'GET', 'outcome': 'SUCCESS', 'status': '200', 'uri': '/owners/*/pets/{petId}/visits'}",1.495609458,same_network,3,300
2026-07-24T22:02:37.828546+00:00,2026-07-24T22:02:38.024000+00:00,petclinic_visit_seconds_max,visits-service,10.42.1.125:8080,"{'__name__': 'petclinic_visit_seconds_max', 'exception': 'None', 'instance': '10.42.1.125:8080', 'job': 'spring-petclinic', 'method': 'GET', 'outcome': 'SUCCESS', 'status': '200', 'uri': '/owners/*/pets/{petId}/visits'}",1.148188047,same_network,3,300
2026-07-24T22:02:37.828546+00:00,2026-07-24T22:02:38.028000+00:00,petclinic_visit_seconds_sum,visits-service,10.42.1.122:8080,"{'__name__': 'petclinic_visit_seconds_sum', 'exception': 'None', 'instance': '10.42.1.122:8080', 'job': 'spring-petclinic', 'method': 'GET', 'outcome': 'SUCCESS', 'status': '200', 'uri': '/owners/*/pets/{petId}/visits'}",4452.464320859,same_network,3,300
2026-07-24T22:02:37.828546+00:00,2026-07-24T22:02:38.028000+00:00,petclinic_visit_seconds_sum,visits-service,10.42.1.125:8080,"{'__name__': 'petclinic_visit_seconds_sum', 'exception': 'None', 'instance': '10.42.1.125:8080', 'job': 'spring-petclinic', 'method': 'GET', 'outcome': 'SUCCESS', 'status': '200', 'uri': '/owners/*/pets/{petId}/visits'}",4445.271535399,same_network,3,300
2026-07-24T22:02:37.828546+00:00,2026-07-24T22:02:38.033000+00:00,hikaricp_connections,customers-service,10.42.0.186:8080,"{'__name__': 'hikaricp_connections', 'instance': '10.42.0.186:8080', 'job': 'spring-petclinic', 'pool': 'HikariPool-1'}",10,same_network,3,300
2026-07-24T22:02:37.828546+00:00,2026-07-24T22:02:38.033000+00:00,hikaricp_connections,visits-service,10.42.1.122:8080,"{'__name__': 'hikaricp_connections', 'instance': '10.42.1.122:8080', 'job': 'spring-petclinic', 'pool': 'HikariPool-1'}",10,same_network,3,300
2026-07-24T22:02:37.828546+00:00,2026-07-24T22:02:38.033000+00:00,hikaricp_connections,vets-service,10.42.1.123:8080,"{'__name__': 'hikaricp_connections', 'instance': '10.42.1.123:8080', 'job': 'spring-petclinic', 'pool': 'HikariPool-1'}",10,same_network,3,300
2026-07-24T22:02:37.828546+00:00,2026-07-24T22:02:38.033000+00:00,hikaricp_connections,vets-service,10.42.1.124:8080,"{'__name__': 'hikaricp_connections', 'instance': '10.42.1.124:8080', 'job': 'spring-petclinic', 'pool': 'HikariPool-1'}",10,same_network,3,300
2026-07-24T22:02:37.828546+00:00,2026-07-24T22:02:38.033000+00:00,hikaricp_connections,visits-service,10.42.1.125:8080,"{'__name__': 'hikaricp_connections', 'instance': '10.42.1.125:8080', 'job': 'spring-petclinic', 'pool': 'HikariPool-1'}",10,same_network,3,300
2026-07-24T22:02:37.828546+00:00,2026-07-24T22:02:38.033000+00:00,hikaricp_connections,customers-service,10.42.1.126:8080,"{'__name__': 'hikaricp_connections', 'instance': '10.42.1.126:8080', 'job': 'spring-petclinic', 'pool': 'HikariPool-1'}",10,same_network,3,300
2026-07-24T22:02:37.828546+00:00,2026-07-24T22:02:38.036000+00:00,hikaricp_connections_active,customers-service,10.42.0.186:8080,"{'__name__': 'hikaricp_connections_active', 'instance': '10.42.0.186:8080', 'job': 'spring-petclinic', 'pool': 'HikariPool-1'}",8,same_network,3,300
2026-07-24T22:02:37.828546+00:00,2026-07-24T22:02:38.036000+00:00,hikaricp_connections_active,visits-service,10.42.1.122:8080,"{'__name__': 'hikaricp_connections_active', 'instance': '10.42.1.122:8080', 'job': 'spring-petclinic', 'pool': 'HikariPool-1'}",0,same_network,3,300
2026-07-24T22:02:37.828546+00:00,2026-07-24T22:02:38.036000+00:00,hikaricp_connections_active,vets-service,10.42.1.123:8080,"{'__name__': 'hikaricp_connections_active', 'instance': '10.42.1.123:8080', 'job': 'spring-petclinic', 'pool': 'HikariPool-1'}",6,same_network,3,300
2026-07-24T22:02:37.828546+00:00,2026-07-24T22:02:38.036000+00:00,hikaricp_connections_active,vets-service,10.42.1.124:8080,"{'__name__': 'hikaricp_connections_active', 'instance': '10.42.1.124:8080', 'job': 'spring-petclinic', 'pool': 'HikariPool-1'}",2,same_network,3,300
2026-07-24T22:02:37.828546+00:00,2026-07-24T22:02:38.036000+00:00,hikaricp_connections_active,visits-service,10.42.1.125:8080,"{'__name__': 'hikaricp_connections_active', 'instance': '10.42.1.125:8080', 'job': 'spring-petclinic', 'pool': 'HikariPool-1'}",0,same_network,3,300
2026-07-24T22:02:37.828546+00:00,2026-07-24T22:02:38.036000+00:00,hikaricp_connections_active,customers-service,10.42.1.126:8080,"{'__name__': 'hikaricp_connections_active', 'instance': '10.42.1.126:8080', 'job': 'spring-petclinic', 'pool': 'HikariPool-1'}",10,same_network,3,300
2026-07-24T22:02:37.828546+00:00,2026-07-24T22:02:38.040000+00:00,hikaricp_connections_idle,customers-service,10.42.0.186:8080,"{'__name__': 'hikaricp_connections_idle', 'instance': '10.42.0.186:8080', 'job': 'spring-petclinic', 'pool': 'HikariPool-1'}",2,same_network,3,300
2026-07-24T22:02:37.828546+00:00,2026-07-24T22:02:38.040000+00:00,hikaricp_connections_idle,visits-service,10.42.1.122:8080,"{'__name__': 'hikaricp_connections_idle', 'instance': '10.42.1.122:8080', 'job': 'spring-petclinic', 'pool': 'HikariPool-1'}",10,same_network,3,300
2026-07-24T22:02:37.828546+00:00,2026-07-24T22:02:38.040000+00:00,hikaricp_connections_idle,vets-service,10.42.1.123:8080,"{'__name__': 'hikaricp_connections_idle', 'instance': '10.42.1.123:8080', 'job': 'spring-petclinic', 'pool': 'HikariPool-1'}",4,same_network,3,300
2026-07-24T22:02:37.828546+00:00,2026-07-24T22:02:38.040000+00:00,hikaricp_connections_idle,vets-service,10.42.1.124:8080,"{'__name__': 'hikaricp_connections_idle', 'instance': '10.42.1.124:8080', 'job': 'spring-petclinic', 'pool': 'HikariPool-1'}",8,same_network,3,300
2026-07-24T22:02:37.828546+00:00,2026-07-24T22:02:38.040000+00:00,hikaricp_connections_idle,visits-service,10.42.1.125:8080,"{'__name__': 'hikaricp_connections_idle', 'instance': '10.42.1.125:8080', 'job': 'spring-petclinic', 'pool': 'HikariPool-1'}",10,same_network,3,300
2026-07-24T22:02:37.828546+00:00,2026-07-24T22:02:38.040000+00:00,hikaricp_connections_idle,customers-service,10.42.1.126:8080,"{'__name__': 'hikaricp_connections_idle', 'instance': '10.42.1.126:8080', 'job': 'spring-petclinic', 'pool': 'HikariPool-1'}",0,same_network,3,300
2026-07-24T22:02:37.828546+00:00,2026-07-24T22:02:38.048000+00:00,hikaricp_connections_max,customers-service,10.42.0.186:8080,"{'__name__': 'hikaricp_connections_max', 'instance': '10.42.0.186:8080', 'job': 'spring-petclinic', 'pool': 'HikariPool-1'}",10,same_network,3,300
2026-07-24T22:02:37.828546+00:00,2026-07-24T22:02:38.048000+00:00,hikaricp_connections_max,visits-service,10.42.1.122:8080,"{'__name__': 'hikaricp_connections_max', 'instance': '10.42.1.122:8080', 'job': 'spring-petclinic', 'pool': 'HikariPool-1'}",10,same_network,3,300
2026-07-24T22:02:37.828546+00:00,2026-07-24T22:02:38.048000+00:00,hikaricp_connections_max,vets-service,10.42.1.123:8080,"{'__name__': 'hikaricp_connections_max', 'instance': '10.42.1.123:8080', 'job': 'spring-petclinic', 'pool': 'HikariPool-1'}",10,same_network,3,300
2026-07-24T22:02:37.828546+00:00,2026-07-24T22:02:38.048000+00:00,hikaricp_connections_max,vets-service,10.42.1.124:8080,"{'__name__': 'hikaricp_connections_max', 'instance': '10.42.1.124:8080', 'job': 'spring-petclinic', 'pool': 'HikariPool-1'}",10,same_network,3,300
2026-07-24T22:02:37.828546+00:00,2026-07-24T22:02:38.048000+00:00,hikaricp_connections_max,visits-service,10.42.1.125:8080,"{'__name__': 'hikaricp_connections_max', 'instance': '10.42.1.125:8080', 'job': 'spring-petclinic', 'pool': 'HikariPool-1'}",10,same_network,3,300
2026-07-24T22:02:37.828546+00:00,2026-07-24T22:02:38.048000+00:00,hikaricp_connections_max,customers-service,10.42.1.126:8080,"{'__name__': 'hikaricp_connections_max', 'instance': '10.42.1.126:8080', 'job': 'spring-petclinic', 'pool': 'HikariPool-1'}",10,same_network,3,300
2026-07-24T22:02:37.828546+00:00,2026-07-24T22:02:38.052000+00:00,hikaricp_connections_min,customers-service,10.42.0.186:8080,"{'__name__': 'hikaricp_connections_min', 'instance': '10.42.0.186:8080', 'job': 'spring-petclinic', 'pool': 'HikariPool-1'}",10,same_network,3,300
2026-07-24T22:02:37.828546+00:00,2026-07-24T22:02:38.052000+00:00,hikaricp_connections_min,visits-service,10.42.1.122:8080,"{'__name__': 'hikaricp_connections_min', 'instance': '10.42.1.122:8080', 'job': 'spring-petclinic', 'pool': 'HikariPool-1'}",10,same_network,3,300
2026-07-24T22:02:37.828546+00:00,2026-07-24T22:02:38.052000+00:00,hikaricp_connections_min,vets-service,10.42.1.123:8080,"{'__name__': 'hikaricp_connections_min', 'instance': '10.42.1.123:8080', 'job': 'spring-petclinic', 'pool': 'HikariPool-1'}",10,same_network,3,300
2026-07-24T22:02:37.828546+00:00,2026-07-24T22:02:38.052000+00:00,hikaricp_connections_min,vets-service,10.42.1.124:8080,"{'__name__': 'hikaricp_connections_min', 'instance': '10.42.1.124:8080', 'job': 'spring-petclinic', 'pool': 'HikariPool-1'}",10,same_network,3,300
2026-07-24T22:02:37.828546+00:00,2026-07-24T22:02:38.052000+00:00,hikaricp_connections_min,visits-service,10.42.1.125:8080,"{'__name__': 'hikaricp_connections_min', 'instance': '10.42.1.125:8080', 'job': 'spring-petclinic', 'pool': 'HikariPool-1'}",10,same_network,3,300
2026-07-24T22:02:37.828546+00:00,2026-07-24T22:02:38.052000+00:00,hikaricp_connections_min,customers-service,10.42.1.126:8080,"{'__name__': 'hikaricp_connections_min', 'instance': '10.42.1.126:8080', 'job': 'spring-petclinic', 'pool': 'HikariPool-1'}",10,same_network,3,300
2026-07-24T22:02:37.828546+00:00,2026-07-24T22:02:38.056000+00:00,hikaricp_connections_pending,customers-service,10.42.0.186:8080,"{'__name__': 'hikaricp_connections_pending', 'instance': '10.42.0.186:8080', 'job': 'spring-petclinic', 'pool': 'HikariPool-1'}",0,same_network,3,300
2026-07-24T22:02:37.828546+00:00,2026-07-24T22:02:38.056000+00:00,hikaricp_connections_pending,visits-service,10.42.1.122:8080,"{'__name__': 'hikaricp_connections_pending', 'instance': '10.42.1.122:8080', 'job': 'spring-petclinic', 'pool': 'HikariPool-1'}",0,same_network,3,300
2026-07-24T22:02:37.828546+00:00,2026-07-24T22:02:38.056000+00:00,hikaricp_connections_pending,vets-service,10.42.1.123:8080,"{'__name__': 'hikaricp_connections_pending', 'instance': '10.42.1.123:8080', 'job': 'spring-petclinic', 'pool': 'HikariPool-1'}",0,same_network,3,300
2026-07-24T22:02:37.828546+00:00,2026-07-24T22:02:38.056000+00:00,hikaricp_connections_pending,vets-service,10.42.1.124:8080,"{'__name__': 'hikaricp_connections_pending', 'instance': '10.42.1.124:8080', 'job': 'spring-petclinic', 'pool': 'HikariPool-1'}",0,same_network,3,300
2026-07-24T22:02:37.828546+00:00,2026-07-24T22:02:38.056000+00:00,hikaricp_connections_pending,visits-service,10.42.1.125:8080,"{'__name__': 'hikaricp_connections_pending', 'instance': '10.42.1.125:8080', 'job': 'spring-petclinic', 'pool': 'HikariPool-1'}",0,same_network,3,300
2026-07-24T22:02:37.828546+00:00,2026-07-24T22:02:38.056000+00:00,hikaricp_connections_pending,customers-service,10.42.1.126:8080,"{'__name__': 'hikaricp_connections_pending', 'instance': '10.42.1.126:8080', 'job': 'spring-petclinic', 'pool': 'HikariPool-1'}",1,same_network,3,300
2026-07-24T22:02:37.828546+00:00,2026-07-24T22:02:38.061000+00:00,hikaricp_connections_timeout_total,customers-service,10.42.0.186:8080,"{'__name__': 'hikaricp_connections_timeout_total', 'instance': '10.42.0.186:8080', 'job': 'spring-petclinic', 'pool': 'HikariPool-1'}",2,same_network,3,300
2026-07-24T22:02:37.828546+00:00,2026-07-24T22:02:38.061000+00:00,hikaricp_connections_timeout_total,visits-service,10.42.1.122:8080,"{'__name__': 'hikaricp_connections_timeout_total', 'instance': '10.42.1.122:8080', 'job': 'spring-petclinic', 'pool': 'HikariPool-1'}",0,same_network,3,300
2026-07-24T22:02:37.828546+00:00,2026-07-24T22:02:38.061000+00:00,hikaricp_connections_timeout_total,vets-service,10.42.1.123:8080,"{'__name__': 'hikaricp_connections_timeout_total', 'instance': '10.42.1.123:8080', 'job': 'spring-petclinic', 'pool': 'HikariPool-1'}",0,same_network,3,300
2026-07-24T22:02:37.828546+00:00,2026-07-24T22:02:38.061000+00:00,hikaricp_connections_timeout_total,vets-service,10.42.1.124:8080,"{'__name__': 'hikaricp_connections_timeout_total', 'instance': '10.42.1.124:8080', 'job': 'spring-petclinic', 'pool': 'HikariPool-1'}",0,same_network,3,300
2026-07-24T22:02:37.828546+00:00,2026-07-24T22:02:38.061000+00:00,hikaricp_connections_timeout_total,visits-service,10.42.1.125:8080,"{'__name__': 'hikaricp_connections_timeout_total', 'instance': '10.42.1.125:8080', 'job': 'spring-petclinic', 'pool': 'HikariPool-1'}",0,same_network,3,300
2026-07-24T22:02:37.828546+00:00,2026-07-24T22:02:38.061000+00:00,hikaricp_connections_timeout_total,customers-service,10.42.1.126:8080,"{'__name__': 'hikaricp_connections_timeout_total', 'instance': '10.42.1.126:8080', 'job': 'spring-petclinic', 'pool': 'HikariPool-1'}",0,same_network,3,300
2026-07-24T22:02:37.828546+00:00,2026-07-24T22:02:38.065000+00:00,hikaricp_connections_acquire_seconds_count,customers-service,10.42.0.186:8080,"{'__name__': 'hikaricp_connections_acquire_seconds_count', 'instance': '10.42.0.186:8080', 'job': 'spring-petclinic', 'pool': 'HikariPool-1'}",599728,same_network,3,300
2026-07-24T22:02:37.828546+00:00,2026-07-24T22:02:38.065000+00:00,hikaricp_connections_acquire_seconds_count,visits-service,10.42.1.122:8080,"{'__name__': 'hikaricp_connections_acquire_seconds_count', 'instance': '10.42.1.122:8080', 'job': 'spring-petclinic', 'pool': 'HikariPool-1'}",294485,same_network,3,300
2026-07-24T22:02:37.828546+00:00,2026-07-24T22:02:38.065000+00:00,hikaricp_connections_acquire_seconds_count,vets-service,10.42.1.123:8080,"{'__name__': 'hikaricp_connections_acquire_seconds_count', 'instance': '10.42.1.123:8080', 'job': 'spring-petclinic', 'pool': 'HikariPool-1'}",288487,same_network,3,300
2026-07-24T22:02:37.828546+00:00,2026-07-24T22:02:38.065000+00:00,hikaricp_connections_acquire_seconds_count,vets-service,10.42.1.124:8080,"{'__name__': 'hikaricp_connections_acquire_seconds_count', 'instance': '10.42.1.124:8080', 'job': 'spring-petclinic', 'pool': 'HikariPool-1'}",294325,same_network,3,300
2026-07-24T22:02:37.828546+00:00,2026-07-24T22:02:38.065000+00:00,hikaricp_connections_acquire_seconds_count,visits-service,10.42.1.125:8080,"{'__name__': 'hikaricp_connections_acquire_seconds_count', 'instance': '10.42.1.125:8080', 'job': 'spring-petclinic', 'pool': 'HikariPool-1'}",289300,same_network,3,300
2026-07-24T22:02:37.828546+00:00,2026-07-24T22:02:38.065000+00:00,hikaricp_connections_acquire_seconds_count,customers-service,10.42.1.126:8080,"{'__name__': 'hikaricp_connections_acquire_seconds_count', 'instance': '10.42.1.126:8080', 'job': 'spring-petclinic', 'pool': 'HikariPool-1'}",576257,same_network,3,300
2026-07-24T22:02:37.828546+00:00,2026-07-24T22:02:38.070000+00:00,hikaricp_connections_acquire_seconds_max,customers-service,10.42.0.186:8080,"{'__name__': 'hikaricp_connections_acquire_seconds_max', 'instance': '10.42.0.186:8080', 'job': 'spring-petclinic', 'pool': 'HikariPool-1'}",4.845450249,same_network,3,300
2026-07-24T22:02:37.828546+00:00,2026-07-24T22:02:38.070000+00:00,hikaricp_connections_acquire_seconds_max,visits-service,10.42.1.122:8080,"{'__name__': 'hikaricp_connections_acquire_seconds_max', 'instance': '10.42.1.122:8080', 'job': 'spring-petclinic', 'pool': 'HikariPool-1'}",0.744401943,same_network,3,300
2026-07-24T22:02:37.828546+00:00,2026-07-24T22:02:38.070000+00:00,hikaricp_connections_acquire_seconds_max,vets-service,10.42.1.123:8080,"{'__name__': 'hikaricp_connections_acquire_seconds_max', 'instance': '10.42.1.123:8080', 'job': 'spring-petclinic', 'pool': 'HikariPool-1'}",3.023508524,same_network,3,300
2026-07-24T22:02:37.828546+00:00,2026-07-24T22:02:38.070000+00:00,hikaricp_connections_acquire_seconds_max,vets-service,10.42.1.124:8080,"{'__name__': 'hikaricp_connections_acquire_seconds_max', 'instance': '10.42.1.124:8080', 'job': 'spring-petclinic', 'pool': 'HikariPool-1'}",3.796091782,same_network,3,300
2026-07-24T22:02:37.828546+00:00,2026-07-24T22:02:38.070000+00:00,hikaricp_connections_acquire_seconds_max,visits-service,10.42.1.125:8080,"{'__name__': 'hikaricp_connections_acquire_seconds_max', 'instance': '10.42.1.125:8080', 'job': 'spring-petclinic', 'pool': 'HikariPool-1'}",1.134829173,same_network,3,300
2026-07-24T22:02:37.828546+00:00,2026-07-24T22:02:38.070000+00:00,hikaricp_connections_acquire_seconds_max,customers-service,10.42.1.126:8080,"{'__name__': 'hikaricp_connections_acquire_seconds_max', 'instance': '10.42.1.126:8080', 'job': 'spring-petclinic', 'pool': 'HikariPool-1'}",6.438136837,same_network,3,300
2026-07-24T22:02:37.828546+00:00,2026-07-24T22:02:38.075000+00:00,hikaricp_connections_acquire_seconds_sum,customers-service,10.42.0.186:8080,"{'__name__': 'hikaricp_connections_acquire_seconds_sum', 'instance': '10.42.0.186:8080', 'job': 'spring-petclinic', 'pool': 'HikariPool-1'}",60994.104554815,same_network,3,300
2026-07-24T22:02:37.828546+00:00,2026-07-24T22:02:38.075000+00:00,hikaricp_connections_acquire_seconds_sum,visits-service,10.42.1.122:8080,"{'__name__': 'hikaricp_connections_acquire_seconds_sum', 'instance': '10.42.1.122:8080', 'job': 'spring-petclinic', 'pool': 'HikariPool-1'}",692.264429432,same_network,3,300
2026-07-24T22:02:37.828546+00:00,2026-07-24T22:02:38.075000+00:00,hikaricp_connections_acquire_seconds_sum,vets-service,10.42.1.123:8080,"{'__name__': 'hikaricp_connections_acquire_seconds_sum', 'instance': '10.42.1.123:8080', 'job': 'spring-petclinic', 'pool': 'HikariPool-1'}",7624.356848099,same_network,3,300
2026-07-24T22:02:37.828546+00:00,2026-07-24T22:02:38.075000+00:00,hikaricp_connections_acquire_seconds_sum,vets-service,10.42.1.124:8080,"{'__name__': 'hikaricp_connections_acquire_seconds_sum', 'instance': '10.42.1.124:8080', 'job': 'spring-petclinic', 'pool': 'HikariPool-1'}",8013.641923519,same_network,3,300
2026-07-24T22:02:37.828546+00:00,2026-07-24T22:02:38.075000+00:00,hikaricp_connections_acquire_seconds_sum,visits-service,10.42.1.125:8080,"{'__name__': 'hikaricp_connections_acquire_seconds_sum', 'instance': '10.42.1.125:8080', 'job': 'spring-petclinic', 'pool': 'HikariPool-1'}",525.788754297,same_network,3,300
2026-07-24T22:02:37.828546+00:00,2026-07-24T22:02:38.075000+00:00,hikaricp_connections_acquire_seconds_sum,customers-service,10.42.1.126:8080,"{'__name__': 'hikaricp_connections_acquire_seconds_sum', 'instance': '10.42.1.126:8080', 'job': 'spring-petclinic', 'pool': 'HikariPool-1'}",43416.91053056,same_network,3,300
2026-07-24T22:02:37.828546+00:00,2026-07-24T22:02:38.079000+00:00,hikaricp_connections_creation_seconds_count,customers-service,10.42.0.186:8080,"{'__name__': 'hikaricp_connections_creation_seconds_count', 'instance': '10.42.0.186:8080', 'job': 'spring-petclinic', 'pool': 'HikariPool-1'}",80,same_network,3,300
2026-07-24T22:02:37.828546+00:00,2026-07-24T22:02:38.079000+00:00,hikaricp_connections_creation_seconds_count,visits-service,10.42.1.122:8080,"{'__name__': 'hikaricp_connections_creation_seconds_count', 'instance': '10.42.1.122:8080', 'job': 'spring-petclinic', 'pool': 'HikariPool-1'}",281,same_network,3,300
2026-07-24T22:02:37.828546+00:00,2026-07-24T22:02:38.079000+00:00,hikaricp_connections_creation_seconds_count,vets-service,10.42.1.123:8080,"{'__name__': 'hikaricp_connections_creation_seconds_count', 'instance': '10.42.1.123:8080', 'job': 'spring-petclinic', 'pool': 'HikariPool-1'}",278,same_network,3,300
2026-07-24T22:02:37.828546+00:00,2026-07-24T22:02:38.079000+00:00,hikaricp_connections_creation_seconds_count,vets-service,10.42.1.124:8080,"{'__name__': 'hikaricp_connections_creation_seconds_count', 'instance': '10.42.1.124:8080', 'job': 'spring-petclinic', 'pool': 'HikariPool-1'}",268,same_network,3,300
2026-07-24T22:02:37.828546+00:00,2026-07-24T22:02:38.079000+00:00,hikaricp_connections_creation_seconds_count,visits-service,10.42.1.125:8080,"{'__name__': 'hikaricp_connections_creation_seconds_count', 'instance': '10.42.1.125:8080', 'job': 'spring-petclinic', 'pool': 'HikariPool-1'}",268,same_network,3,300
2026-07-24T22:02:37.828546+00:00,2026-07-24T22:02:38.079000+00:00,hikaricp_connections_creation_seconds_count,customers-service,10.42.1.126:8080,"{'__name__': 'hikaricp_connections_creation_seconds_count', 'instance': '10.42.1.126:8080', 'job': 'spring-petclinic', 'pool': 'HikariPool-1'}",266,same_network,3,300
2026-07-24T22:02:37.828546+00:00,2026-07-24T22:02:38.084000+00:00,hikaricp_connections_creation_seconds_max,customers-service,10.42.0.186:8080,"{'__name__': 'hikaricp_connections_creation_seconds_max', 'instance': '10.42.0.186:8080', 'job': 'spring-petclinic', 'pool': 'HikariPool-1'}",0.103,same_network,3,300
2026-07-24T22:02:37.828546+00:00,2026-07-24T22:02:38.084000+00:00,hikaricp_connections_creation_seconds_max,visits-service,10.42.1.122:8080,"{'__name__': 'hikaricp_connections_creation_seconds_max', 'instance': '10.42.1.122:8080', 'job': 'spring-petclinic', 'pool': 'HikariPool-1'}",0.11,same_network,3,300
2026-07-24T22:02:37.828546+00:00,2026-07-24T22:02:38.084000+00:00,hikaricp_connections_creation_seconds_max,vets-service,10.42.1.123:8080,"{'__name__': 'hikaricp_connections_creation_seconds_max', 'instance': '10.42.1.123:8080', 'job': 'spring-petclinic', 'pool': 'HikariPool-1'}",0.137,same_network,3,300
2026-07-24T22:02:37.828546+00:00,2026-07-24T22:02:38.084000+00:00,hikaricp_connections_creation_seconds_max,vets-service,10.42.1.124:8080,"{'__name__': 'hikaricp_connections_creation_seconds_max', 'instance': '10.42.1.124:8080', 'job': 'spring-petclinic', 'pool': 'HikariPool-1'}",1.048,same_network,3,300
2026-07-24T22:02:37.828546+00:00,2026-07-24T22:02:38.084000+00:00,hikaricp_connections_creation_seconds_max,visits-service,10.42.1.125:8080,"{'__name__': 'hikaricp_connections_creation_seconds_max', 'instance': '10.42.1.125:8080', 'job': 'spring-petclinic', 'pool': 'HikariPool-1'}",3.242,same_network,3,300
2026-07-24T22:02:37.828546+00:00,2026-07-24T22:02:38.084000+00:00,hikaricp_connections_creation_seconds_max,customers-service,10.42.1.126:8080,"{'__name__': 'hikaricp_connections_creation_seconds_max', 'instance': '10.42.1.126:8080', 'job': 'spring-petclinic', 'pool': 'HikariPool-1'}",1.371,same_network,3,300
2026-07-24T22:02:37.828546+00:00,2026-07-24T22:02:38.088000+00:00,hikaricp_connections_creation_seconds_sum,customers-service,10.42.0.186:8080,"{'__name__': 'hikaricp_connections_creation_seconds_sum', 'instance': '10.42.0.186:8080', 'job': 'spring-petclinic', 'pool': 'HikariPool-1'}",7.66,same_network,3,300
2026-07-24T22:02:37.828546+00:00,2026-07-24T22:02:38.088000+00:00,hikaricp_connections_creation_seconds_sum,visits-service,10.42.1.122:8080,"{'__name__': 'hikaricp_connections_creation_seconds_sum', 'instance': '10.42.1.122:8080', 'job': 'spring-petclinic', 'pool': 'HikariPool-1'}",970.766,same_network,3,300
2026-07-24T22:02:37.828546+00:00,2026-07-24T22:02:38.088000+00:00,hikaricp_connections_creation_seconds_sum,vets-service,10.42.1.123:8080,"{'__name__': 'hikaricp_connections_creation_seconds_sum', 'instance': '10.42.1.123:8080', 'job': 'spring-petclinic', 'pool': 'HikariPool-1'}",958.596,same_network,3,300
2026-07-24T22:02:37.828546+00:00,2026-07-24T22:02:38.088000+00:00,hikaricp_connections_creation_seconds_sum,vets-service,10.42.1.124:8080,"{'__name__': 'hikaricp_connections_creation_seconds_sum', 'instance': '10.42.1.124:8080', 'job': 'spring-petclinic', 'pool': 'HikariPool-1'}",909.837,same_network,3,300
2026-07-24T22:02:37.828546+00:00,2026-07-24T22:02:38.088000+00:00,hikaricp_connections_creation_seconds_sum,visits-service,10.42.1.125:8080,"{'__name__': 'hikaricp_connections_creation_seconds_sum', 'instance': '10.42.1.125:8080', 'job': 'spring-petclinic', 'pool': 'HikariPool-1'}",916.395,same_network,3,300
2026-07-24T22:02:37.828546+00:00,2026-07-24T22:02:38.088000+00:00,hikaricp_connections_creation_seconds_sum,customers-service,10.42.1.126:8080,"{'__name__': 'hikaricp_connections_creation_seconds_sum', 'instance': '10.42.1.126:8080', 'job': 'spring-petclinic', 'pool': 'HikariPool-1'}",901.866,same_network,3,300
2026-07-24T22:02:37.828546+00:00,2026-07-24T22:02:38.093000+00:00,hikaricp_connections_usage_seconds_count,customers-service,10.42.0.186:8080,"{'__name__': 'hikaricp_connections_usage_seconds_count', 'instance': '10.42.0.186:8080', 'job': 'spring-petclinic', 'pool': 'HikariPool-1'}",599708,same_network,3,300
2026-07-24T22:02:37.828546+00:00,2026-07-24T22:02:38.093000+00:00,hikaricp_connections_usage_seconds_count,visits-service,10.42.1.122:8080,"{'__name__': 'hikaricp_connections_usage_seconds_count', 'instance': '10.42.1.122:8080', 'job': 'spring-petclinic', 'pool': 'HikariPool-1'}",294485,same_network,3,300
2026-07-24T22:02:37.828546+00:00,2026-07-24T22:02:38.093000+00:00,hikaricp_connections_usage_seconds_count,vets-service,10.42.1.123:8080,"{'__name__': 'hikaricp_connections_usage_seconds_count', 'instance': '10.42.1.123:8080', 'job': 'spring-petclinic', 'pool': 'HikariPool-1'}",288481,same_network,3,300
2026-07-24T22:02:37.828546+00:00,2026-07-24T22:02:38.093000+00:00,hikaricp_connections_usage_seconds_count,vets-service,10.42.1.124:8080,"{'__name__': 'hikaricp_connections_usage_seconds_count', 'instance': '10.42.1.124:8080', 'job': 'spring-petclinic', 'pool': 'HikariPool-1'}",294323,same_network,3,300
2026-07-24T22:02:37.828546+00:00,2026-07-24T22:02:38.093000+00:00,hikaricp_connections_usage_seconds_count,visits-service,10.42.1.125:8080,"{'__name__': 'hikaricp_connections_usage_seconds_count', 'instance': '10.42.1.125:8080', 'job': 'spring-petclinic', 'pool': 'HikariPool-1'}",289300,same_network,3,300
2026-07-24T22:02:37.828546+00:00,2026-07-24T22:02:38.093000+00:00,hikaricp_connections_usage_seconds_count,customers-service,10.42.1.126:8080,"{'__name__': 'hikaricp_connections_usage_seconds_count', 'instance': '10.42.1.126:8080', 'job': 'spring-petclinic', 'pool': 'HikariPool-1'}",576247,same_network,3,300
2026-07-24T22:02:37.828546+00:00,2026-07-24T22:02:38.099000+00:00,hikaricp_connections_usage_seconds_max,customers-service,10.42.0.186:8080,"{'__name__': 'hikaricp_connections_usage_seconds_max', 'instance': '10.42.0.186:8080', 'job': 'spring-petclinic', 'pool': 'HikariPool-1'}",1.404,same_network,3,300
2026-07-24T22:02:37.828546+00:00,2026-07-24T22:02:38.099000+00:00,hikaricp_connections_usage_seconds_max,visits-service,10.42.1.122:8080,"{'__name__': 'hikaricp_connections_usage_seconds_max', 'instance': '10.42.1.122:8080', 'job': 'spring-petclinic', 'pool': 'HikariPool-1'}",1.495,same_network,3,300
2026-07-24T22:02:37.828546+00:00,2026-07-24T22:02:38.099000+00:00,hikaricp_connections_usage_seconds_max,vets-service,10.42.1.123:8080,"{'__name__': 'hikaricp_connections_usage_seconds_max', 'instance': '10.42.1.123:8080', 'job': 'spring-petclinic', 'pool': 'HikariPool-1'}",1.165,same_network,3,300
2026-07-24T22:02:37.828546+00:00,2026-07-24T22:02:38.099000+00:00,hikaricp_connections_usage_seconds_max,vets-service,10.42.1.124:8080,"{'__name__': 'hikaricp_connections_usage_seconds_max', 'instance': '10.42.1.124:8080', 'job': 'spring-petclinic', 'pool': 'HikariPool-1'}",5.054,same_network,3,300
2026-07-24T22:02:37.828546+00:00,2026-07-24T22:02:38.099000+00:00,hikaricp_connections_usage_seconds_max,visits-service,10.42.1.125:8080,"{'__name__': 'hikaricp_connections_usage_seconds_max', 'instance': '10.42.1.125:8080', 'job': 'spring-petclinic', 'pool': 'HikariPool-1'}",1.076,same_network,3,300
2026-07-24T22:02:37.828546+00:00,2026-07-24T22:02:38.099000+00:00,hikaricp_connections_usage_seconds_max,customers-service,10.42.1.126:8080,"{'__name__': 'hikaricp_connections_usage_seconds_max', 'instance': '10.42.1.126:8080', 'job': 'spring-petclinic', 'pool': 'HikariPool-1'}",5.283,same_network,3,300
2026-07-24T22:02:37.828546+00:00,2026-07-24T22:02:38.105000+00:00,hikaricp_connections_usage_seconds_sum,customers-service,10.42.0.186:8080,"{'__name__': 'hikaricp_connections_usage_seconds_sum', 'instance': '10.42.0.186:8080', 'job': 'spring-petclinic', 'pool': 'HikariPool-1'}",54267.66,same_network,3,300
2026-07-24T22:02:37.828546+00:00,2026-07-24T22:02:38.105000+00:00,hikaricp_connections_usage_seconds_sum,visits-service,10.42.1.122:8080,"{'__name__': 'hikaricp_connections_usage_seconds_sum', 'instance': '10.42.1.122:8080', 'job': 'spring-petclinic', 'pool': 'HikariPool-1'}",3000.386,same_network,3,300
2026-07-24T22:02:37.828546+00:00,2026-07-24T22:02:38.105000+00:00,hikaricp_connections_usage_seconds_sum,vets-service,10.42.1.123:8080,"{'__name__': 'hikaricp_connections_usage_seconds_sum', 'instance': '10.42.1.123:8080', 'job': 'spring-petclinic', 'pool': 'HikariPool-1'}",31267.903,same_network,3,300
2026-07-24T22:02:37.828546+00:00,2026-07-24T22:02:38.105000+00:00,hikaricp_connections_usage_seconds_sum,vets-service,10.42.1.124:8080,"{'__name__': 'hikaricp_connections_usage_seconds_sum', 'instance': '10.42.1.124:8080', 'job': 'spring-petclinic', 'pool': 'HikariPool-1'}",31836.788,same_network,3,300
2026-07-24T22:02:37.828546+00:00,2026-07-24T22:02:38.105000+00:00,hikaricp_connections_usage_seconds_sum,visits-service,10.42.1.125:8080,"{'__name__': 'hikaricp_connections_usage_seconds_sum', 'instance': '10.42.1.125:8080', 'job': 'spring-petclinic', 'pool': 'HikariPool-1'}",3016.014,same_network,3,300
2026-07-24T22:02:37.828546+00:00,2026-07-24T22:02:38.105000+00:00,hikaricp_connections_usage_seconds_sum,customers-service,10.42.1.126:8080,"{'__name__': 'hikaricp_connections_usage_seconds_sum', 'instance': '10.42.1.126:8080', 'job': 'spring-petclinic', 'pool': 'HikariPool-1'}",56366.994,same_network,3,300
2026-07-24T22:02:37.828546+00:00,2026-07-24T22:02:38.115000+00:00,jdbc_connections_active,customers-service,10.42.0.186:8080,"{'__name__': 'jdbc_connections_active', 'instance': '10.42.0.186:8080', 'job': 'spring-petclinic', 'name': 'dataSource'}",8,same_network,3,300
2026-07-24T22:02:37.828546+00:00,2026-07-24T22:02:38.115000+00:00,jdbc_connections_active,visits-service,10.42.1.122:8080,"{'__name__': 'jdbc_connections_active', 'instance': '10.42.1.122:8080', 'job': 'spring-petclinic', 'name': 'dataSource'}",0,same_network,3,300
2026-07-24T22:02:37.828546+00:00,2026-07-24T22:02:38.115000+00:00,jdbc_connections_active,vets-service,10.42.1.123:8080,"{'__name__': 'jdbc_connections_active', 'instance': '10.42.1.123:8080', 'job': 'spring-petclinic', 'name': 'dataSource'}",6,same_network,3,300
2026-07-24T22:02:37.828546+00:00,2026-07-24T22:02:38.115000+00:00,jdbc_connections_active,vets-service,10.42.1.124:8080,"{'__name__': 'jdbc_connections_active', 'instance': '10.42.1.124:8080', 'job': 'spring-petclinic', 'name': 'dataSource'}",2,same_network,3,300
2026-07-24T22:02:37.828546+00:00,2026-07-24T22:02:38.115000+00:00,jdbc_connections_active,visits-service,10.42.1.125:8080,"{'__name__': 'jdbc_connections_active', 'instance': '10.42.1.125:8080', 'job': 'spring-petclinic', 'name': 'dataSource'}",0,same_network,3,300
2026-07-24T22:02:37.828546+00:00,2026-07-24T22:02:38.115000+00:00,jdbc_connections_active,customers-service,10.42.1.126:8080,"{'__name__': 'jdbc_connections_active', 'instance': '10.42.1.126:8080', 'job': 'spring-petclinic', 'name': 'dataSource'}",10,same_network,3,300
2026-07-24T22:02:37.828546+00:00,2026-07-24T22:02:38.121000+00:00,jdbc_connections_idle,customers-service,10.42.0.186:8080,"{'__name__': 'jdbc_connections_idle', 'instance': '10.42.0.186:8080', 'job': 'spring-petclinic', 'name': 'dataSource'}",2,same_network,3,300
2026-07-24T22:02:37.828546+00:00,2026-07-24T22:02:38.121000+00:00,jdbc_connections_idle,visits-service,10.42.1.122:8080,"{'__name__': 'jdbc_connections_idle', 'instance': '10.42.1.122:8080', 'job': 'spring-petclinic', 'name': 'dataSource'}",10,same_network,3,300
2026-07-24T22:02:37.828546+00:00,2026-07-24T22:02:38.121000+00:00,jdbc_connections_idle,vets-service,10.42.1.123:8080,"{'__name__': 'jdbc_connections_idle', 'instance': '10.42.1.123:8080', 'job': 'spring-petclinic', 'name': 'dataSource'}",4,same_network,3,300
2026-07-24T22:02:37.828546+00:00,2026-07-24T22:02:38.121000+00:00,jdbc_connections_idle,vets-service,10.42.1.124:8080,"{'__name__': 'jdbc_connections_idle', 'instance': '10.42.1.124:8080', 'job': 'spring-petclinic', 'name': 'dataSource'}",8,same_network,3,300
2026-07-24T22:02:37.828546+00:00,2026-07-24T22:02:38.121000+00:00,jdbc_connections_idle,visits-service,10.42.1.125:8080,"{'__name__': 'jdbc_connections_idle', 'instance': '10.42.1.125:8080', 'job': 'spring-petclinic', 'name': 'dataSource'}",10,same_network,3,300
2026-07-24T22:02:37.828546+00:00,2026-07-24T22:02:38.121000+00:00,jdbc_connections_idle,customers-service,10.42.1.126:8080,"{'__name__': 'jdbc_connections_idle', 'instance': '10.42.1.126:8080', 'job': 'spring-petclinic', 'name': 'dataSource'}",0,same_network,3,300
2026-07-24T22:02:37.828546+00:00,2026-07-24T22:02:38.125000+00:00,jdbc_connections_max,customers-service,10.42.0.186:8080,"{'__name__': 'jdbc_connections_max', 'instance': '10.42.0.186:8080', 'job': 'spring-petclinic', 'name': 'dataSource'}",10,same_network,3,300
2026-07-24T22:02:37.828546+00:00,2026-07-24T22:02:38.125000+00:00,jdbc_connections_max,visits-service,10.42.1.122:8080,"{'__name__': 'jdbc_connections_max', 'instance': '10.42.1.122:8080', 'job': 'spring-petclinic', 'name': 'dataSource'}",10,same_network,3,300
2026-07-24T22:02:37.828546+00:00,2026-07-24T22:02:38.125000+00:00,jdbc_connections_max,vets-service,10.42.1.123:8080,"{'__name__': 'jdbc_connections_max', 'instance': '10.42.1.123:8080', 'job': 'spring-petclinic', 'name': 'dataSource'}",10,same_network,3,300
2026-07-24T22:02:37.828546+00:00,2026-07-24T22:02:38.125000+00:00,jdbc_connections_max,vets-service,10.42.1.124:8080,"{'__name__': 'jdbc_connections_max', 'instance': '10.42.1.124:8080', 'job': 'spring-petclinic', 'name': 'dataSource'}",10,same_network,3,300
2026-07-24T22:02:37.828546+00:00,2026-07-24T22:02:38.125000+00:00,jdbc_connections_max,visits-service,10.42.1.125:8080,"{'__name__': 'jdbc_connections_max', 'instance': '10.42.1.125:8080', 'job': 'spring-petclinic', 'name': 'dataSource'}",10,same_network,3,300
2026-07-24T22:02:37.828546+00:00,2026-07-24T22:02:38.125000+00:00,jdbc_connections_max,customers-service,10.42.1.126:8080,"{'__name__': 'jdbc_connections_max', 'instance': '10.42.1.126:8080', 'job': 'spring-petclinic', 'name': 'dataSource'}",10,same_network,3,300
2026-07-24T22:02:37.828546+00:00,2026-07-24T22:02:38.130000+00:00,jdbc_connections_min,customers-service,10.42.0.186:8080,"{'__name__': 'jdbc_connections_min', 'instance': '10.42.0.186:8080', 'job': 'spring-petclinic', 'name': 'dataSource'}",10,same_network,3,300
2026-07-24T22:02:37.828546+00:00,2026-07-24T22:02:38.130000+00:00,jdbc_connections_min,visits-service,10.42.1.122:8080,"{'__name__': 'jdbc_connections_min', 'instance': '10.42.1.122:8080', 'job': 'spring-petclinic', 'name': 'dataSource'}",10,same_network,3,300
2026-07-24T22:02:37.828546+00:00,2026-07-24T22:02:38.130000+00:00,jdbc_connections_min,vets-service,10.42.1.123:8080,"{'__name__': 'jdbc_connections_min', 'instance': '10.42.1.123:8080', 'job': 'spring-petclinic', 'name': 'dataSource'}",10,same_network,3,300
2026-07-24T22:02:37.828546+00:00,2026-07-24T22:02:38.130000+00:00,jdbc_connections_min,vets-service,10.42.1.124:8080,"{'__name__': 'jdbc_connections_min', 'instance': '10.42.1.124:8080', 'job': 'spring-petclinic', 'name': 'dataSource'}",10,same_network,3,300
2026-07-24T22:02:37.828546+00:00,2026-07-24T22:02:38.130000+00:00,jdbc_connections_min,visits-service,10.42.1.125:8080,"{'__name__': 'jdbc_connections_min', 'instance': '10.42.1.125:8080', 'job': 'spring-petclinic', 'name': 'dataSource'}",10,same_network,3,300
2026-07-24T22:02:37.828546+00:00,2026-07-24T22:02:38.130000+00:00,jdbc_connections_min,customers-service,10.42.1.126:8080,"{'__name__': 'jdbc_connections_min', 'instance': '10.42.1.126:8080', 'job': 'spring-petclinic', 'name': 'dataSource'}",10,same_network,3,300
2026-07-24T22:02:37.828546+00:00,2026-07-24T22:02:38.135000+00:00,container_network_receive_bytes_total,visits-service,augusto-almondes,"{'__name__': 'container_network_receive_bytes_total', 'beta_kubernetes_io_arch': 'amd64', 'beta_kubernetes_io_instance_type': 'k3s', 'beta_kubernetes_io_os': 'linux', 'id': '/kubepods.slice/kubepods-besteffort.slice/kubepods-besteffort-pod07c98de3_903e_4594_897f_2c8d02326386.slice/cri-containerd-78cb0991f2215bba7766e453130cd6629145f4cb69967ab6841e765a002dd5bd.scope', 'image': 'docker.io/rancher/mirrored-pause:3.6', 'instance': 'augusto-almondes', 'interface': 'eth0', 'job': 'kubernetes-cadvisor', 'kubernetes_io_arch': 'amd64', 'kubernetes_io_hostname': 'augusto-almondes', 'kubernetes_io_os': 'linux', 'name': '78cb0991f2215bba7766e453130cd6629145f4cb69967ab6841e765a002dd5bd', 'namespace': 'spring-petclinic', 'node_kubernetes_io_instance_type': 'k3s', 'pod': 'visits-service-859d489b98-v28jh'}",321807284,same_network,3,300
2026-07-24T22:02:37.828546+00:00,2026-07-24T22:02:38.135000+00:00,container_network_receive_bytes_total,vets-service,augusto-almondes,"{'__name__': 'container_network_receive_bytes_total', 'beta_kubernetes_io_arch': 'amd64', 'beta_kubernetes_io_instance_type': 'k3s', 'beta_kubernetes_io_os': 'linux', 'id': '/kubepods.slice/kubepods-besteffort.slice/kubepods-besteffort-pod37c58633_3a89_4b91_8817_d95841fa9c04.slice/cri-containerd-3d072be83235a90f43adf1b2786dedb708b2eadf4ce06678d0446a5c1cf7d1bf.scope', 'image': 'docker.io/rancher/mirrored-pause:3.6', 'instance': 'augusto-almondes', 'interface': 'eth0', 'job': 'kubernetes-cadvisor', 'kubernetes_io_arch': 'amd64', 'kubernetes_io_hostname': 'augusto-almondes', 'kubernetes_io_os': 'linux', 'name': '3d072be83235a90f43adf1b2786dedb708b2eadf4ce06678d0446a5c1cf7d1bf', 'namespace': 'spring-petclinic', 'node_kubernetes_io_instance_type': 'k3s', 'pod': 'vets-service-68cc5897b6-gr89c'}",1272852062,same_network,3,300
2026-07-24T22:02:37.828546+00:00,2026-07-24T22:02:38.135000+00:00,container_network_receive_bytes_total,customers-service,notebook-vivy,"{'__name__': 'container_network_receive_bytes_total', 'beta_kubernetes_io_arch': 'amd64', 'beta_kubernetes_io_instance_type': 'k3s', 'beta_kubernetes_io_os': 'linux', 'id': '/kubepods.slice/kubepods-besteffort.slice/kubepods-besteffort-pod461d7b21_3e4e_4af8_ae9e_5c2edf453cf6.slice/cri-containerd-fd1e043bde697e972772a0aa9fe92c09dc38468de0e796b4fcc7ccb62c2cc331.scope', 'image': 'docker.io/rancher/mirrored-pause:3.6', 'instance': 'notebook-vivy', 'interface': 'eth0', 'job': 'kubernetes-cadvisor', 'kubernetes_io_arch': 'amd64', 'kubernetes_io_hostname': 'notebook-vivy', 'kubernetes_io_os': 'linux', 'name': 'fd1e043bde697e972772a0aa9fe92c09dc38468de0e796b4fcc7ccb62c2cc331', 'namespace': 'spring-petclinic', 'node_kubernetes_io_instance_type': 'k3s', 'node_role_kubernetes_io_control_plane': 'true', 'pod': 'customers-service-754bdcc448-g5gns'}",3858773384,same_network,3,300
2026-07-24T22:02:37.828546+00:00,2026-07-24T22:02:38.135000+00:00,container_network_receive_bytes_total,,notebook-vivy,"{'__name__': 'container_network_receive_bytes_total', 'beta_kubernetes_io_arch': 'amd64', 'beta_kubernetes_io_instance_type': 'k3s', 'beta_kubernetes_io_os': 'linux', 'id': '/kubepods.slice/kubepods-besteffort.slice/kubepods-besteffort-pod61c59b0e_baf9_48d9_ae8a_9a9a72cf52af.slice/cri-containerd-1adc220d89ff318103e137809efebdbdb53d40bfc366b15aebb7dda0164e3c84.scope', 'image': 'docker.io/rancher/mirrored-pause:3.6', 'instance': 'notebook-vivy', 'interface': 'eth0', 'job': 'kubernetes-cadvisor', 'kubernetes_io_arch': 'amd64', 'kubernetes_io_hostname': 'notebook-vivy', 'kubernetes_io_os': 'linux', 'name': '1adc220d89ff318103e137809efebdbdb53d40bfc366b15aebb7dda0164e3c84', 'namespace': 'spring-petclinic', 'node_kubernetes_io_instance_type': 'k3s', 'node_role_kubernetes_io_control_plane': 'true', 'pod': 'prometheus-6d9b5b9b7c-c9njq'}",964685461,same_network,3,300
2026-07-24T22:02:37.828546+00:00,2026-07-24T22:02:38.135000+00:00,container_network_receive_bytes_total,visits-service,augusto-almondes,"{'__name__': 'container_network_receive_bytes_total', 'beta_kubernetes_io_arch': 'amd64', 'beta_kubernetes_io_instance_type': 'k3s', 'beta_kubernetes_io_os': 'linux', 'id': '/kubepods.slice/kubepods-besteffort.slice/kubepods-besteffort-pod6e6c7e0b_abf8_47e8_9b7f_73fed236fe33.slice/cri-containerd-36634f28d8d5262f3c40800bd8233f19285c32bdf1c30883fc9d08ad552c5fcc.scope', 'image': 'docker.io/rancher/mirrored-pause:3.6', 'instance': 'augusto-almondes', 'interface': 'eth0', 'job': 'kubernetes-cadvisor', 'kubernetes_io_arch': 'amd64', 'kubernetes_io_hostname': 'augusto-almondes', 'kubernetes_io_os': 'linux', 'name': '36634f28d8d5262f3c40800bd8233f19285c32bdf1c30883fc9d08ad552c5fcc', 'namespace': 'spring-petclinic', 'node_kubernetes_io_instance_type': 'k3s', 'pod': 'visits-service-859d489b98-qpm6m'}",316793467,same_network,3,300
2026-07-24T22:02:37.828546+00:00,2026-07-24T22:02:38.135000+00:00,container_network_receive_bytes_total,,notebook-vivy,"{'__name__': 'container_network_receive_bytes_total', 'beta_kubernetes_io_arch': 'amd64', 'beta_kubernetes_io_instance_type': 'k3s', 'beta_kubernetes_io_os': 'linux', 'id': '/kubepods.slice/kubepods-besteffort.slice/kubepods-besteffort-pod818aa63c_0637_4d0f_bd16_9785508f386f.slice/cri-containerd-257fc1a313926de0c88bf51147ec32916a10686b887e16d8bb4ca05843baf589.scope', 'image': 'docker.io/rancher/mirrored-pause:3.6', 'instance': 'notebook-vivy', 'interface': 'eth0', 'job': 'kubernetes-cadvisor', 'kubernetes_io_arch': 'amd64', 'kubernetes_io_hostname': 'notebook-vivy', 'kubernetes_io_os': 'linux', 'name': '257fc1a313926de0c88bf51147ec32916a10686b887e16d8bb4ca05843baf589', 'namespace': 'spring-petclinic', 'node_kubernetes_io_instance_type': 'k3s', 'node_role_kubernetes_io_control_plane': 'true', 'pod': 'config-server-799b6bb84c-g2tr5'}",6936,same_network,3,300
2026-07-24T22:02:37.828546+00:00,2026-07-24T22:02:38.135000+00:00,container_network_receive_bytes_total,,macbookair-vivy,"{'__name__': 'container_network_receive_bytes_total', 'beta_kubernetes_io_arch': 'amd64', 'beta_kubernetes_io_instance_type': 'k3s', 'beta_kubernetes_io_os': 'linux', 'id': '/kubepods.slice/kubepods-besteffort.slice/kubepods-besteffort-podbb8e7e86_67b2_4503_b6ea_265ba0e9fc0c.slice/cri-containerd-41001c13718012a62944ab802abddb11401442e875bc7d1cf10aa9c870850224.scope', 'image': 'docker.io/rancher/mirrored-pause:3.6', 'instance': 'macbookair-vivy', 'interface': 'eth0', 'job': 'kubernetes-cadvisor', 'kubernetes_io_arch': 'amd64', 'kubernetes_io_hostname': 'macbookair-vivy', 'kubernetes_io_os': 'linux', 'name': '41001c13718012a62944ab802abddb11401442e875bc7d1cf10aa9c870850224', 'namespace': 'spring-petclinic', 'node_kubernetes_io_instance_type': 'k3s', 'pod': 'mysql-7dcf5984bc-22j65', 'role': 'database'}",8701439403,same_network,3,300
2026-07-24T22:02:37.828546+00:00,2026-07-24T22:02:38.135000+00:00,container_network_receive_bytes_total,,notebook-vivy,"{'__name__': 'container_network_receive_bytes_total', 'beta_kubernetes_io_arch': 'amd64', 'beta_kubernetes_io_instance_type': 'k3s', 'beta_kubernetes_io_os': 'linux', 'id': '/kubepods.slice/kubepods-besteffort.slice/kubepods-besteffort-podceb031e9_6468_4f4b_80a0_24260acd6e8a.slice/cri-containerd-40053313449c00a55736ce939108bea56e6a102b12b42e1a31bd001b2cb943bb.scope', 'image': 'docker.io/rancher/mirrored-pause:3.6', 'instance': 'notebook-vivy', 'interface': 'eth0', 'job': 'kubernetes-cadvisor', 'kubernetes_io_arch': 'amd64', 'kubernetes_io_hostname': 'notebook-vivy', 'kubernetes_io_os': 'linux', 'name': '40053313449c00a55736ce939108bea56e6a102b12b42e1a31bd001b2cb943bb', 'namespace': 'spring-petclinic', 'node_kubernetes_io_instance_type': 'k3s', 'node_role_kubernetes_io_control_plane': 'true', 'pod': 'discovery-server-6694f65985-cr2kx'}",6978,same_network,3,300
2026-07-24T22:02:37.828546+00:00,2026-07-24T22:02:38.135000+00:00,container_network_receive_bytes_total,customers-service,augusto-almondes,"{'__name__': 'container_network_receive_bytes_total', 'beta_kubernetes_io_arch': 'amd64', 'beta_kubernetes_io_instance_type': 'k3s', 'beta_kubernetes_io_os': 'linux', 'id': '/kubepods.slice/kubepods-besteffort.slice/kubepods-besteffort-pode37399aa_5830_4643_8b7d_68f55d86f0b1.slice/cri-containerd-e7e17f8994d91ad485dcadb505533c11157a9c4ea3fe4f1d557d045c51189815.scope', 'image': 'docker.io/rancher/mirrored-pause:3.6', 'instance': 'augusto-almondes', 'interface': 'eth0', 'job': 'kubernetes-cadvisor', 'kubernetes_io_arch': 'amd64', 'kubernetes_io_hostname': 'augusto-almondes', 'kubernetes_io_os': 'linux', 'name': 'e7e17f8994d91ad485dcadb505533c11157a9c4ea3fe4f1d557d045c51189815', 'namespace': 'spring-petclinic', 'node_kubernetes_io_instance_type': 'k3s', 'pod': 'customers-service-754bdcc448-vqzd7'}",3739283033,same_network,3,300
2026-07-24T22:02:37.828546+00:00,2026-07-24T22:02:38.135000+00:00,container_network_receive_bytes_total,vets-service,augusto-almondes,"{'__name__': 'container_network_receive_bytes_total', 'beta_kubernetes_io_arch': 'amd64', 'beta_kubernetes_io_instance_type': 'k3s', 'beta_kubernetes_io_os': 'linux', 'id': '/kubepods.slice/kubepods-besteffort.slice/kubepods-besteffort-pode8be662b_d64d_4461_b18e_e524621757f2.slice/cri-containerd-1858b7a840027f969d237d1c10d7ecc22ef5e38a29d202d5760513652eb60797.scope', 'image': 'docker.io/rancher/mirrored-pause:3.6', 'instance': 'augusto-almondes', 'interface': 'eth0', 'job': 'kubernetes-cadvisor', 'kubernetes_io_arch': 'amd64', 'kubernetes_io_hostname': 'augusto-almondes', 'kubernetes_io_os': 'linux', 'name': '1858b7a840027f969d237d1c10d7ecc22ef5e38a29d202d5760513652eb60797', 'namespace': 'spring-petclinic', 'node_kubernetes_io_instance_type': 'k3s', 'pod': 'vets-service-68cc5897b6-cj224'}",1299348447,same_network,3,300
2026-07-24T22:02:37.828546+00:00,2026-07-24T22:02:38.135000+00:00,container_network_receive_bytes_total,api-gateway,notebook-vivy,"{'__name__': 'container_network_receive_bytes_total', 'beta_kubernetes_io_arch': 'amd64', 'beta_kubernetes_io_instance_type': 'k3s', 'beta_kubernetes_io_os': 'linux', 'id': '/kubepods.slice/kubepods-burstable.slice/kubepods-burstable-pod0938bf77_f775_4395_8d68_3f3e730442fa.slice/cri-containerd-a6fd5250d3bfc2badbe10894f62c473ef988a39eb319025e754de23b80c1ab4c.scope', 'image': 'docker.io/rancher/mirrored-pause:3.6', 'instance': 'notebook-vivy', 'interface': 'eth0', 'job': 'kubernetes-cadvisor', 'kubernetes_io_arch': 'amd64', 'kubernetes_io_hostname': 'notebook-vivy', 'kubernetes_io_os': 'linux', 'name': 'a6fd5250d3bfc2badbe10894f62c473ef988a39eb319025e754de23b80c1ab4c', 'namespace': 'spring-petclinic', 'node_kubernetes_io_instance_type': 'k3s', 'node_role_kubernetes_io_control_plane': 'true', 'pod': 'api-gateway-78f775b647-m4zpr'}",3515712928,same_network,3,300
2026-07-24T22:02:37.828546+00:00,2026-07-24T22:02:38.135000+00:00,container_network_receive_bytes_total,,notebook-vivy,"{'__name__': 'container_network_receive_bytes_total', 'beta_kubernetes_io_arch': 'amd64', 'beta_kubernetes_io_instance_type': 'k3s', 'beta_kubernetes_io_os': 'linux', 'id': '/kubepods.slice/kubepods-burstable.slice/kubepods-burstable-pod09c597ef_7768_4ae9_a0f5_1a6a4d12429f.slice/cri-containerd-71a203b5d7433062735bda847d7d37feb6bf4a60472b7731f6d1b0fe96211934.scope', 'image': 'docker.io/rancher/mirrored-pause:3.6', 'instance': 'notebook-vivy', 'interface': 'eth0', 'job': 'kubernetes-cadvisor', 'kubernetes_io_arch': 'amd64', 'kubernetes_io_hostname': 'notebook-vivy', 'kubernetes_io_os': 'linux', 'name': '71a203b5d7433062735bda847d7d37feb6bf4a60472b7731f6d1b0fe96211934', 'namespace': 'spring-petclinic', 'node_kubernetes_io_instance_type': 'k3s', 'node_role_kubernetes_io_control_plane': 'true', 'pod': 'zipkin-76d97d46df-4kcr9'}",4683765540,same_network,3,300
2026-07-24T22:02:37.828546+00:00,2026-07-24T22:02:38.135000+00:00,container_network_receive_bytes_total,,augusto-almondes,"{'__name__': 'container_network_receive_bytes_total', 'beta_kubernetes_io_arch': 'amd64', 'beta_kubernetes_io_instance_type': 'k3s', 'beta_kubernetes_io_os': 'linux', 'id': '/kubepods.slice/kubepods-burstable.slice/kubepods-burstable-pod1f46dbde_909b_4d3f_b97d_2a39953c86a7.slice/cri-containerd-ba8d023b76c7725ee06abbed55f557de3ff14db60b35b51171c3b1a89ccf72e2.scope', 'image': 'docker.io/rancher/mirrored-pause:3.6', 'instance': 'augusto-almondes', 'interface': 'eth0', 'job': 'kubernetes-cadvisor', 'kubernetes_io_arch': 'amd64', 'kubernetes_io_hostname': 'augusto-almondes', 'kubernetes_io_os': 'linux', 'name': 'ba8d023b76c7725ee06abbed55f557de3ff14db60b35b51171c3b1a89ccf72e2', 'namespace': 'spring-petclinic', 'node_kubernetes_io_instance_type': 'k3s', 'pod': 'promtail-f6prj'}",6915768,same_network,3,300
2026-07-24T22:02:37.828546+00:00,2026-07-24T22:02:38.135000+00:00,container_network_receive_bytes_total,,notebook-vivy,"{'__name__': 'container_network_receive_bytes_total', 'beta_kubernetes_io_arch': 'amd64', 'beta_kubernetes_io_instance_type': 'k3s', 'beta_kubernetes_io_os': 'linux', 'id': '/kubepods.slice/kubepods-burstable.slice/kubepods-burstable-pod4150c254_a41f_4f8b_8f98_d26a0c6ac7e0.slice/cri-containerd-5a7cfa41636ef4b9b6979fd30de1bffc1033fc4d1a59062a0d942b86307ef87a.scope', 'image': 'docker.io/rancher/mirrored-pause:3.6', 'instance': 'notebook-vivy', 'interface': 'eth0', 'job': 'kubernetes-cadvisor', 'kubernetes_io_arch': 'amd64', 'kubernetes_io_hostname': 'notebook-vivy', 'kubernetes_io_os': 'linux', 'name': '5a7cfa41636ef4b9b6979fd30de1bffc1033fc4d1a59062a0d942b86307ef87a', 'namespace': 'spring-petclinic', 'node_kubernetes_io_instance_type': 'k3s', 'node_role_kubernetes_io_control_plane': 'true', 'pod': 'loki-84cd674d9f-5jbmr'}",950820753,same_network,3,300
2026-07-24T22:02:37.828546+00:00,2026-07-24T22:02:38.135000+00:00,container_network_receive_bytes_total,api-gateway,augusto-almondes,"{'__name__': 'container_network_receive_bytes_total', 'beta_kubernetes_io_arch': 'amd64', 'beta_kubernetes_io_instance_type': 'k3s', 'beta_kubernetes_io_os': 'linux', 'id': '/kubepods.slice/kubepods-burstable.slice/kubepods-burstable-pod8329aa55_845e_49e6_bc48_19166a540b8f.slice/cri-containerd-faae04884b29c370b3bb7fec91e75dac682e34a15f8a391ce4220d76bdf21c1c.scope', 'image': 'docker.io/rancher/mirrored-pause:3.6', 'instance': 'augusto-almondes', 'interface': 'eth0', 'job': 'kubernetes-cadvisor', 'kubernetes_io_arch': 'amd64', 'kubernetes_io_hostname': 'augusto-almondes', 'kubernetes_io_os': 'linux', 'name': 'faae04884b29c370b3bb7fec91e75dac682e34a15f8a391ce4220d76bdf21c1c', 'namespace': 'spring-petclinic', 'node_kubernetes_io_instance_type': 'k3s', 'pod': 'api-gateway-78f775b647-cs4l5'}",5728135,same_network,3,300
2026-07-24T22:02:37.828546+00:00,2026-07-24T22:02:38.135000+00:00,container_network_receive_bytes_total,,macbookair-vivy,"{'__name__': 'container_network_receive_bytes_total', 'beta_kubernetes_io_arch': 'amd64', 'beta_kubernetes_io_instance_type': 'k3s', 'beta_kubernetes_io_os': 'linux', 'id': '/kubepods.slice/kubepods-burstable.slice/kubepods-burstable-pod83bca641_4313_46eb_880d_ed7d9b73c3b4.slice/cri-containerd-fa71dc8ca33ab1aaee8733e1064f6c903582a47168f208c39fa0d84958e0adf6.scope', 'image': 'docker.io/rancher/mirrored-pause:3.6', 'instance': 'macbookair-vivy', 'interface': 'eth0', 'job': 'kubernetes-cadvisor', 'kubernetes_io_arch': 'amd64', 'kubernetes_io_hostname': 'macbookair-vivy', 'kubernetes_io_os': 'linux', 'name': 'fa71dc8ca33ab1aaee8733e1064f6c903582a47168f208c39fa0d84958e0adf6', 'namespace': 'spring-petclinic', 'node_kubernetes_io_instance_type': 'k3s', 'pod': 'promtail-6th4p', 'role': 'database'}",1743313,same_network,3,300
2026-07-24T22:02:37.828546+00:00,2026-07-24T22:02:38.135000+00:00,container_network_receive_bytes_total,,notebook-vivy,"{'__name__': 'container_network_receive_bytes_total', 'beta_kubernetes_io_arch': 'amd64', 'beta_kubernetes_io_instance_type': 'k3s', 'beta_kubernetes_io_os': 'linux', 'id': '/kubepods.slice/kubepods-burstable.slice/kubepods-burstable-podb25714d0_13cb_4579_b8b1_7a8606f015ca.slice/cri-containerd-42cc5d6d1ba003bd2b36c4cfe046d938102ebaf4057c03c2ebe008cb716d2ac8.scope', 'image': 'docker.io/rancher/mirrored-pause:3.6', 'instance': 'notebook-vivy', 'interface': 'eth0', 'job': 'kubernetes-cadvisor', 'kubernetes_io_arch': 'amd64', 'kubernetes_io_hostname': 'notebook-vivy', 'kubernetes_io_os': 'linux', 'name': '42cc5d6d1ba003bd2b36c4cfe046d938102ebaf4057c03c2ebe008cb716d2ac8', 'namespace': 'spring-petclinic', 'node_kubernetes_io_instance_type': 'k3s', 'node_role_kubernetes_io_control_plane': 'true', 'pod': 'promtail-rsjq4'}",12091409,same_network,3,300
2026-07-24T22:02:37.828546+00:00,2026-07-24T22:02:38.143000+00:00,container_network_transmit_bytes_total,visits-service,augusto-almondes,"{'__name__': 'container_network_transmit_bytes_total', 'beta_kubernetes_io_arch': 'amd64', 'beta_kubernetes_io_instance_type': 'k3s', 'beta_kubernetes_io_os': 'linux', 'id': '/kubepods.slice/kubepods-besteffort.slice/kubepods-besteffort-pod07c98de3_903e_4594_897f_2c8d02326386.slice/cri-containerd-78cb0991f2215bba7766e453130cd6629145f4cb69967ab6841e765a002dd5bd.scope', 'image': 'docker.io/rancher/mirrored-pause:3.6', 'instance': 'augusto-almondes', 'interface': 'eth0', 'job': 'kubernetes-cadvisor', 'kubernetes_io_arch': 'amd64', 'kubernetes_io_hostname': 'augusto-almondes', 'kubernetes_io_os': 'linux', 'name': '78cb0991f2215bba7766e453130cd6629145f4cb69967ab6841e765a002dd5bd', 'namespace': 'spring-petclinic', 'node_kubernetes_io_instance_type': 'k3s', 'pod': 'visits-service-859d489b98-v28jh'}",353333208,same_network,3,300
2026-07-24T22:02:37.828546+00:00,2026-07-24T22:02:38.143000+00:00,container_network_transmit_bytes_total,vets-service,augusto-almondes,"{'__name__': 'container_network_transmit_bytes_total', 'beta_kubernetes_io_arch': 'amd64', 'beta_kubernetes_io_instance_type': 'k3s', 'beta_kubernetes_io_os': 'linux', 'id': '/kubepods.slice/kubepods-besteffort.slice/kubepods-besteffort-pod37c58633_3a89_4b91_8817_d95841fa9c04.slice/cri-containerd-3d072be83235a90f43adf1b2786dedb708b2eadf4ce06678d0446a5c1cf7d1bf.scope', 'image': 'docker.io/rancher/mirrored-pause:3.6', 'instance': 'augusto-almondes', 'interface': 'eth0', 'job': 'kubernetes-cadvisor', 'kubernetes_io_arch': 'amd64', 'kubernetes_io_hostname': 'augusto-almondes', 'kubernetes_io_os': 'linux', 'name': '3d072be83235a90f43adf1b2786dedb708b2eadf4ce06678d0446a5c1cf7d1bf', 'namespace': 'spring-petclinic', 'node_kubernetes_io_instance_type': 'k3s', 'pod': 'vets-service-68cc5897b6-gr89c'}",1580735313,same_network,3,300
2026-07-24T22:02:37.828546+00:00,2026-07-24T22:02:38.143000+00:00,container_network_transmit_bytes_total,customers-service,notebook-vivy,"{'__name__': 'container_network_transmit_bytes_total', 'beta_kubernetes_io_arch': 'amd64', 'beta_kubernetes_io_instance_type': 'k3s', 'beta_kubernetes_io_os': 'linux', 'id': '/kubepods.slice/kubepods-besteffort.slice/kubepods-besteffort-pod461d7b21_3e4e_4af8_ae9e_5c2edf453cf6.slice/cri-containerd-fd1e043bde697e972772a0aa9fe92c09dc38468de0e796b4fcc7ccb62c2cc331.scope', 'image': 'docker.io/rancher/mirrored-pause:3.6', 'instance': 'notebook-vivy', 'interface': 'eth0', 'job': 'kubernetes-cadvisor', 'kubernetes_io_arch': 'amd64', 'kubernetes_io_hostname': 'notebook-vivy', 'kubernetes_io_os': 'linux', 'name': 'fd1e043bde697e972772a0aa9fe92c09dc38468de0e796b4fcc7ccb62c2cc331', 'namespace': 'spring-petclinic', 'node_kubernetes_io_instance_type': 'k3s', 'node_role_kubernetes_io_control_plane': 'true', 'pod': 'customers-service-754bdcc448-g5gns'}",3838690365,same_network,3,300
2026-07-24T22:02:37.828546+00:00,2026-07-24T22:02:38.143000+00:00,container_network_transmit_bytes_total,,notebook-vivy,"{'__name__': 'container_network_transmit_bytes_total', 'beta_kubernetes_io_arch': 'amd64', 'beta_kubernetes_io_instance_type': 'k3s', 'beta_kubernetes_io_os': 'linux', 'id': '/kubepods.slice/kubepods-besteffort.slice/kubepods-besteffort-pod61c59b0e_baf9_48d9_ae8a_9a9a72cf52af.slice/cri-containerd-1adc220d89ff318103e137809efebdbdb53d40bfc366b15aebb7dda0164e3c84.scope', 'image': 'docker.io/rancher/mirrored-pause:3.6', 'instance': 'notebook-vivy', 'interface': 'eth0', 'job': 'kubernetes-cadvisor', 'kubernetes_io_arch': 'amd64', 'kubernetes_io_hostname': 'notebook-vivy', 'kubernetes_io_os': 'linux', 'name': '1adc220d89ff318103e137809efebdbdb53d40bfc366b15aebb7dda0164e3c84', 'namespace': 'spring-petclinic', 'node_kubernetes_io_instance_type': 'k3s', 'node_role_kubernetes_io_control_plane': 'true', 'pod': 'prometheus-6d9b5b9b7c-c9njq'}",109289774,same_network,3,300
2026-07-24T22:02:37.828546+00:00,2026-07-24T22:02:38.143000+00:00,container_network_transmit_bytes_total,visits-service,augusto-almondes,"{'__name__': 'container_network_transmit_bytes_total', 'beta_kubernetes_io_arch': 'amd64', 'beta_kubernetes_io_instance_type': 'k3s', 'beta_kubernetes_io_os': 'linux', 'id': '/kubepods.slice/kubepods-besteffort.slice/kubepods-besteffort-pod6e6c7e0b_abf8_47e8_9b7f_73fed236fe33.slice/cri-containerd-36634f28d8d5262f3c40800bd8233f19285c32bdf1c30883fc9d08ad552c5fcc.scope', 'image': 'docker.io/rancher/mirrored-pause:3.6', 'instance': 'augusto-almondes', 'interface': 'eth0', 'job': 'kubernetes-cadvisor', 'kubernetes_io_arch': 'amd64', 'kubernetes_io_hostname': 'augusto-almondes', 'kubernetes_io_os': 'linux', 'name': '36634f28d8d5262f3c40800bd8233f19285c32bdf1c30883fc9d08ad552c5fcc', 'namespace': 'spring-petclinic', 'node_kubernetes_io_instance_type': 'k3s', 'pod': 'visits-service-859d489b98-qpm6m'}",347911174,same_network,3,300
2026-07-24T22:02:37.828546+00:00,2026-07-24T22:02:38.143000+00:00,container_network_transmit_bytes_total,,notebook-vivy,"{'__name__': 'container_network_transmit_bytes_total', 'beta_kubernetes_io_arch': 'amd64', 'beta_kubernetes_io_instance_type': 'k3s', 'beta_kubernetes_io_os': 'linux', 'id': '/kubepods.slice/kubepods-besteffort.slice/kubepods-besteffort-pod818aa63c_0637_4d0f_bd16_9785508f386f.slice/cri-containerd-257fc1a313926de0c88bf51147ec32916a10686b887e16d8bb4ca05843baf589.scope', 'image': 'docker.io/rancher/mirrored-pause:3.6', 'instance': 'notebook-vivy', 'interface': 'eth0', 'job': 'kubernetes-cadvisor', 'kubernetes_io_arch': 'amd64', 'kubernetes_io_hostname': 'notebook-vivy', 'kubernetes_io_os': 'linux', 'name': '257fc1a313926de0c88bf51147ec32916a10686b887e16d8bb4ca05843baf589', 'namespace': 'spring-petclinic', 'node_kubernetes_io_instance_type': 'k3s', 'node_role_kubernetes_io_control_plane': 'true', 'pod': 'config-server-799b6bb84c-g2tr5'}",42,same_network,3,300
2026-07-24T22:02:37.828546+00:00,2026-07-24T22:02:38.143000+00:00,container_network_transmit_bytes_total,,macbookair-vivy,"{'__name__': 'container_network_transmit_bytes_total', 'beta_kubernetes_io_arch': 'amd64', 'beta_kubernetes_io_instance_type': 'k3s', 'beta_kubernetes_io_os': 'linux', 'id': '/kubepods.slice/kubepods-besteffort.slice/kubepods-besteffort-podbb8e7e86_67b2_4503_b6ea_265ba0e9fc0c.slice/cri-containerd-41001c13718012a62944ab802abddb11401442e875bc7d1cf10aa9c870850224.scope', 'image': 'docker.io/rancher/mirrored-pause:3.6', 'instance': 'macbookair-vivy', 'interface': 'eth0', 'job': 'kubernetes-cadvisor', 'kubernetes_io_arch': 'amd64', 'kubernetes_io_hostname': 'macbookair-vivy', 'kubernetes_io_os': 'linux', 'name': '41001c13718012a62944ab802abddb11401442e875bc7d1cf10aa9c870850224', 'namespace': 'spring-petclinic', 'node_kubernetes_io_instance_type': 'k3s', 'pod': 'mysql-7dcf5984bc-22j65', 'role': 'database'}",12084112057,same_network,3,300
2026-07-24T22:02:37.828546+00:00,2026-07-24T22:02:38.143000+00:00,container_network_transmit_bytes_total,,notebook-vivy,"{'__name__': 'container_network_transmit_bytes_total', 'beta_kubernetes_io_arch': 'amd64', 'beta_kubernetes_io_instance_type': 'k3s', 'beta_kubernetes_io_os': 'linux', 'id': '/kubepods.slice/kubepods-besteffort.slice/kubepods-besteffort-podceb031e9_6468_4f4b_80a0_24260acd6e8a.slice/cri-containerd-40053313449c00a55736ce939108bea56e6a102b12b42e1a31bd001b2cb943bb.scope', 'image': 'docker.io/rancher/mirrored-pause:3.6', 'instance': 'notebook-vivy', 'interface': 'eth0', 'job': 'kubernetes-cadvisor', 'kubernetes_io_arch': 'amd64', 'kubernetes_io_hostname': 'notebook-vivy', 'kubernetes_io_os': 'linux', 'name': '40053313449c00a55736ce939108bea56e6a102b12b42e1a31bd001b2cb943bb', 'namespace': 'spring-petclinic', 'node_kubernetes_io_instance_type': 'k3s', 'node_role_kubernetes_io_control_plane': 'true', 'pod': 'discovery-server-6694f65985-cr2kx'}",42,same_network,3,300
2026-07-24T22:02:37.828546+00:00,2026-07-24T22:02:38.143000+00:00,container_network_transmit_bytes_total,customers-service,augusto-almondes,"{'__name__': 'container_network_transmit_bytes_total', 'beta_kubernetes_io_arch': 'amd64', 'beta_kubernetes_io_instance_type': 'k3s', 'beta_kubernetes_io_os': 'linux', 'id': '/kubepods.slice/kubepods-besteffort.slice/kubepods-besteffort-pode37399aa_5830_4643_8b7d_68f55d86f0b1.slice/cri-containerd-e7e17f8994d91ad485dcadb505533c11157a9c4ea3fe4f1d557d045c51189815.scope', 'image': 'docker.io/rancher/mirrored-pause:3.6', 'instance': 'augusto-almondes', 'interface': 'eth0', 'job': 'kubernetes-cadvisor', 'kubernetes_io_arch': 'amd64', 'kubernetes_io_hostname': 'augusto-almondes', 'kubernetes_io_os': 'linux', 'name': 'e7e17f8994d91ad485dcadb505533c11157a9c4ea3fe4f1d557d045c51189815', 'namespace': 'spring-petclinic', 'node_kubernetes_io_instance_type': 'k3s', 'pod': 'customers-service-754bdcc448-vqzd7'}",3715008383,same_network,3,300
2026-07-24T22:02:37.828546+00:00,2026-07-24T22:02:38.143000+00:00,container_network_transmit_bytes_total,vets-service,augusto-almondes,"{'__name__': 'container_network_transmit_bytes_total', 'beta_kubernetes_io_arch': 'amd64', 'beta_kubernetes_io_instance_type': 'k3s', 'beta_kubernetes_io_os': 'linux', 'id': '/kubepods.slice/kubepods-besteffort.slice/kubepods-besteffort-pode8be662b_d64d_4461_b18e_e524621757f2.slice/cri-containerd-1858b7a840027f969d237d1c10d7ecc22ef5e38a29d202d5760513652eb60797.scope', 'image': 'docker.io/rancher/mirrored-pause:3.6', 'instance': 'augusto-almondes', 'interface': 'eth0', 'job': 'kubernetes-cadvisor', 'kubernetes_io_arch': 'amd64', 'kubernetes_io_hostname': 'augusto-almondes', 'kubernetes_io_os': 'linux', 'name': '1858b7a840027f969d237d1c10d7ecc22ef5e38a29d202d5760513652eb60797', 'namespace': 'spring-petclinic', 'node_kubernetes_io_instance_type': 'k3s', 'pod': 'vets-service-68cc5897b6-cj224'}",1612752722,same_network,3,300
2026-07-24T22:02:37.828546+00:00,2026-07-24T22:02:38.143000+00:00,container_network_transmit_bytes_total,api-gateway,notebook-vivy,"{'__name__': 'container_network_transmit_bytes_total', 'beta_kubernetes_io_arch': 'amd64', 'beta_kubernetes_io_instance_type': 'k3s', 'beta_kubernetes_io_os': 'linux', 'id': '/kubepods.slice/kubepods-burstable.slice/kubepods-burstable-pod0938bf77_f775_4395_8d68_3f3e730442fa.slice/cri-containerd-a6fd5250d3bfc2badbe10894f62c473ef988a39eb319025e754de23b80c1ab4c.scope', 'image': 'docker.io/rancher/mirrored-pause:3.6', 'instance': 'notebook-vivy', 'interface': 'eth0', 'job': 'kubernetes-cadvisor', 'kubernetes_io_arch': 'amd64', 'kubernetes_io_hostname': 'notebook-vivy', 'kubernetes_io_os': 'linux', 'name': 'a6fd5250d3bfc2badbe10894f62c473ef988a39eb319025e754de23b80c1ab4c', 'namespace': 'spring-petclinic', 'node_kubernetes_io_instance_type': 'k3s', 'node_role_kubernetes_io_control_plane': 'true', 'pod': 'api-gateway-78f775b647-m4zpr'}",6233206742,same_network,3,300
2026-07-24T22:02:37.828546+00:00,2026-07-24T22:02:38.143000+00:00,container_network_transmit_bytes_total,,notebook-vivy,"{'__name__': 'container_network_transmit_bytes_total', 'beta_kubernetes_io_arch': 'amd64', 'beta_kubernetes_io_instance_type': 'k3s', 'beta_kubernetes_io_os': 'linux', 'id': '/kubepods.slice/kubepods-burstable.slice/kubepods-burstable-pod09c597ef_7768_4ae9_a0f5_1a6a4d12429f.slice/cri-containerd-71a203b5d7433062735bda847d7d37feb6bf4a60472b7731f6d1b0fe96211934.scope', 'image': 'docker.io/rancher/mirrored-pause:3.6', 'instance': 'notebook-vivy', 'interface': 'eth0', 'job': 'kubernetes-cadvisor', 'kubernetes_io_arch': 'amd64', 'kubernetes_io_hostname': 'notebook-vivy', 'kubernetes_io_os': 'linux', 'name': '71a203b5d7433062735bda847d7d37feb6bf4a60472b7731f6d1b0fe96211934', 'namespace': 'spring-petclinic', 'node_kubernetes_io_instance_type': 'k3s', 'node_role_kubernetes_io_control_plane': 'true', 'pod': 'zipkin-76d97d46df-4kcr9'}",663926523,same_network,3,300
2026-07-24T22:02:37.828546+00:00,2026-07-24T22:02:38.143000+00:00,container_network_transmit_bytes_total,,augusto-almondes,"{'__name__': 'container_network_transmit_bytes_total', 'beta_kubernetes_io_arch': 'amd64', 'beta_kubernetes_io_instance_type': 'k3s', 'beta_kubernetes_io_os': 'linux', 'id': '/kubepods.slice/kubepods-burstable.slice/kubepods-burstable-pod1f46dbde_909b_4d3f_b97d_2a39953c86a7.slice/cri-containerd-ba8d023b76c7725ee06abbed55f557de3ff14db60b35b51171c3b1a89ccf72e2.scope', 'image': 'docker.io/rancher/mirrored-pause:3.6', 'instance': 'augusto-almondes', 'interface': 'eth0', 'job': 'kubernetes-cadvisor', 'kubernetes_io_arch': 'amd64', 'kubernetes_io_hostname': 'augusto-almondes', 'kubernetes_io_os': 'linux', 'name': 'ba8d023b76c7725ee06abbed55f557de3ff14db60b35b51171c3b1a89ccf72e2', 'namespace': 'spring-petclinic', 'node_kubernetes_io_instance_type': 'k3s', 'pod': 'promtail-f6prj'}",297943702,same_network,3,300
2026-07-24T22:02:37.828546+00:00,2026-07-24T22:02:38.143000+00:00,container_network_transmit_bytes_total,,notebook-vivy,"{'__name__': 'container_network_transmit_bytes_total', 'beta_kubernetes_io_arch': 'amd64', 'beta_kubernetes_io_instance_type': 'k3s', 'beta_kubernetes_io_os': 'linux', 'id': '/kubepods.slice/kubepods-burstable.slice/kubepods-burstable-pod4150c254_a41f_4f8b_8f98_d26a0c6ac7e0.slice/cri-containerd-5a7cfa41636ef4b9b6979fd30de1bffc1033fc4d1a59062a0d942b86307ef87a.scope', 'image': 'docker.io/rancher/mirrored-pause:3.6', 'instance': 'notebook-vivy', 'interface': 'eth0', 'job': 'kubernetes-cadvisor', 'kubernetes_io_arch': 'amd64', 'kubernetes_io_hostname': 'notebook-vivy', 'kubernetes_io_os': 'linux', 'name': '5a7cfa41636ef4b9b6979fd30de1bffc1033fc4d1a59062a0d942b86307ef87a', 'namespace': 'spring-petclinic', 'node_kubernetes_io_instance_type': 'k3s', 'node_role_kubernetes_io_control_plane': 'true', 'pod': 'loki-84cd674d9f-5jbmr'}",338897073,same_network,3,300
2026-07-24T22:02:37.828546+00:00,2026-07-24T22:02:38.143000+00:00,container_network_transmit_bytes_total,api-gateway,augusto-almondes,"{'__name__': 'container_network_transmit_bytes_total', 'beta_kubernetes_io_arch': 'amd64', 'beta_kubernetes_io_instance_type': 'k3s', 'beta_kubernetes_io_os': 'linux', 'id': '/kubepods.slice/kubepods-burstable.slice/kubepods-burstable-pod8329aa55_845e_49e6_bc48_19166a540b8f.slice/cri-containerd-faae04884b29c370b3bb7fec91e75dac682e34a15f8a391ce4220d76bdf21c1c.scope', 'image': 'docker.io/rancher/mirrored-pause:3.6', 'instance': 'augusto-almondes', 'interface': 'eth0', 'job': 'kubernetes-cadvisor', 'kubernetes_io_arch': 'amd64', 'kubernetes_io_hostname': 'augusto-almondes', 'kubernetes_io_os': 'linux', 'name': 'faae04884b29c370b3bb7fec91e75dac682e34a15f8a391ce4220d76bdf21c1c', 'namespace': 'spring-petclinic', 'node_kubernetes_io_instance_type': 'k3s', 'pod': 'api-gateway-78f775b647-cs4l5'}",10000615,same_network,3,300
2026-07-24T22:02:37.828546+00:00,2026-07-24T22:02:38.143000+00:00,container_network_transmit_bytes_total,,macbookair-vivy,"{'__name__': 'container_network_transmit_bytes_total', 'beta_kubernetes_io_arch': 'amd64', 'beta_kubernetes_io_instance_type': 'k3s', 'beta_kubernetes_io_os': 'linux', 'id': '/kubepods.slice/kubepods-burstable.slice/kubepods-burstable-pod83bca641_4313_46eb_880d_ed7d9b73c3b4.slice/cri-containerd-fa71dc8ca33ab1aaee8733e1064f6c903582a47168f208c39fa0d84958e0adf6.scope', 'image': 'docker.io/rancher/mirrored-pause:3.6', 'instance': 'macbookair-vivy', 'interface': 'eth0', 'job': 'kubernetes-cadvisor', 'kubernetes_io_arch': 'amd64', 'kubernetes_io_hostname': 'macbookair-vivy', 'kubernetes_io_os': 'linux', 'name': 'fa71dc8ca33ab1aaee8733e1064f6c903582a47168f208c39fa0d84958e0adf6', 'namespace': 'spring-petclinic', 'node_kubernetes_io_instance_type': 'k3s', 'pod': 'promtail-6th4p', 'role': 'database'}",561617,same_network,3,300
2026-07-24T22:02:37.828546+00:00,2026-07-24T22:02:38.143000+00:00,container_network_transmit_bytes_total,,notebook-vivy,"{'__name__': 'container_network_transmit_bytes_total', 'beta_kubernetes_io_arch': 'amd64', 'beta_kubernetes_io_instance_type': 'k3s', 'beta_kubernetes_io_os': 'linux', 'id': '/kubepods.slice/kubepods-burstable.slice/kubepods-burstable-podb25714d0_13cb_4579_b8b1_7a8606f015ca.slice/cri-containerd-42cc5d6d1ba003bd2b36c4cfe046d938102ebaf4057c03c2ebe008cb716d2ac8.scope', 'image': 'docker.io/rancher/mirrored-pause:3.6', 'instance': 'notebook-vivy', 'interface': 'eth0', 'job': 'kubernetes-cadvisor', 'kubernetes_io_arch': 'amd64', 'kubernetes_io_hostname': 'notebook-vivy', 'kubernetes_io_os': 'linux', 'name': '42cc5d6d1ba003bd2b36c4cfe046d938102ebaf4057c03c2ebe008cb716d2ac8', 'namespace': 'spring-petclinic', 'node_kubernetes_io_instance_type': 'k3s', 'node_role_kubernetes_io_control_plane': 'true', 'pod': 'promtail-rsjq4'}",301094424,same_network,3,300
2026-07-24T22:02:37.828546+00:00,2026-07-24T22:02:38.151000+00:00,executor_active_threads,customers-service,10.42.0.186:8080,"{'__name__': 'executor_active_threads', 'instance': '10.42.0.186:8080', 'job': 'spring-petclinic', 'name': 'applicationTaskExecutor'}",0,same_network,3,300
2026-07-24T22:02:37.828546+00:00,2026-07-24T22:02:38.151000+00:00,executor_active_threads,api-gateway,10.42.0.187:8080,"{'__name__': 'executor_active_threads', 'instance': '10.42.0.187:8080', 'job': 'spring-petclinic', 'name': 'applicationTaskExecutor'}",0,same_network,3,300
2026-07-24T22:02:37.828546+00:00,2026-07-24T22:02:38.151000+00:00,executor_active_threads,visits-service,10.42.1.122:8080,"{'__name__': 'executor_active_threads', 'instance': '10.42.1.122:8080', 'job': 'spring-petclinic', 'name': 'applicationTaskExecutor'}",0,same_network,3,300
2026-07-24T22:02:37.828546+00:00,2026-07-24T22:02:38.151000+00:00,executor_active_threads,vets-service,10.42.1.123:8080,"{'__name__': 'executor_active_threads', 'instance': '10.42.1.123:8080', 'job': 'spring-petclinic', 'name': 'applicationTaskExecutor'}",0,same_network,3,300
2026-07-24T22:02:37.828546+00:00,2026-07-24T22:02:38.151000+00:00,executor_active_threads,vets-service,10.42.1.124:8080,"{'__name__': 'executor_active_threads', 'instance': '10.42.1.124:8080', 'job': 'spring-petclinic', 'name': 'applicationTaskExecutor'}",0,same_network,3,300
2026-07-24T22:02:37.828546+00:00,2026-07-24T22:02:38.151000+00:00,executor_active_threads,visits-service,10.42.1.125:8080,"{'__name__': 'executor_active_threads', 'instance': '10.42.1.125:8080', 'job': 'spring-petclinic', 'name': 'applicationTaskExecutor'}",0,same_network,3,300
2026-07-24T22:02:37.828546+00:00,2026-07-24T22:02:38.151000+00:00,executor_active_threads,customers-service,10.42.1.126:8080,"{'__name__': 'executor_active_threads', 'instance': '10.42.1.126:8080', 'job': 'spring-petclinic', 'name': 'applicationTaskExecutor'}",0,same_network,3,300
2026-07-24T22:02:37.828546+00:00,2026-07-24T22:02:38.151000+00:00,executor_active_threads,api-gateway,10.42.1.129:8080,"{'__name__': 'executor_active_threads', 'instance': '10.42.1.129:8080', 'job': 'spring-petclinic', 'name': 'applicationTaskExecutor'}",0,same_network,3,300
2026-07-24T22:02:37.828546+00:00,2026-07-24T22:02:38.155000+00:00,executor_completed_tasks_total,customers-service,10.42.0.186:8080,"{'__name__': 'executor_completed_tasks_total', 'instance': '10.42.0.186:8080', 'job': 'spring-petclinic', 'name': 'applicationTaskExecutor'}",0,same_network,3,300
2026-07-24T22:02:37.828546+00:00,2026-07-24T22:02:38.155000+00:00,executor_completed_tasks_total,api-gateway,10.42.0.187:8080,"{'__name__': 'executor_completed_tasks_total', 'instance': '10.42.0.187:8080', 'job': 'spring-petclinic', 'name': 'applicationTaskExecutor'}",0,same_network,3,300
2026-07-24T22:02:37.828546+00:00,2026-07-24T22:02:38.155000+00:00,executor_completed_tasks_total,visits-service,10.42.1.122:8080,"{'__name__': 'executor_completed_tasks_total', 'instance': '10.42.1.122:8080', 'job': 'spring-petclinic', 'name': 'applicationTaskExecutor'}",0,same_network,3,300
2026-07-24T22:02:37.828546+00:00,2026-07-24T22:02:38.155000+00:00,executor_completed_tasks_total,vets-service,10.42.1.123:8080,"{'__name__': 'executor_completed_tasks_total', 'instance': '10.42.1.123:8080', 'job': 'spring-petclinic', 'name': 'applicationTaskExecutor'}",0,same_network,3,300
2026-07-24T22:02:37.828546+00:00,2026-07-24T22:02:38.155000+00:00,executor_completed_tasks_total,vets-service,10.42.1.124:8080,"{'__name__': 'executor_completed_tasks_total', 'instance': '10.42.1.124:8080', 'job': 'spring-petclinic', 'name': 'applicationTaskExecutor'}",0,same_network,3,300
2026-07-24T22:02:37.828546+00:00,2026-07-24T22:02:38.155000+00:00,executor_completed_tasks_total,visits-service,10.42.1.125:8080,"{'__name__': 'executor_completed_tasks_total', 'instance': '10.42.1.125:8080', 'job': 'spring-petclinic', 'name': 'applicationTaskExecutor'}",0,same_network,3,300
2026-07-24T22:02:37.828546+00:00,2026-07-24T22:02:38.155000+00:00,executor_completed_tasks_total,customers-service,10.42.1.126:8080,"{'__name__': 'executor_completed_tasks_total', 'instance': '10.42.1.126:8080', 'job': 'spring-petclinic', 'name': 'applicationTaskExecutor'}",0,same_network,3,300
2026-07-24T22:02:37.828546+00:00,2026-07-24T22:02:38.155000+00:00,executor_completed_tasks_total,api-gateway,10.42.1.129:8080,"{'__name__': 'executor_completed_tasks_total', 'instance': '10.42.1.129:8080', 'job': 'spring-petclinic', 'name': 'applicationTaskExecutor'}",0,same_network,3,300
2026-07-24T22:02:37.828546+00:00,2026-07-24T22:02:38.160000+00:00,executor_pool_core_threads,customers-service,10.42.0.186:8080,"{'__name__': 'executor_pool_core_threads', 'instance': '10.42.0.186:8080', 'job': 'spring-petclinic', 'name': 'applicationTaskExecutor'}",8,same_network,3,300
2026-07-24T22:02:37.828546+00:00,2026-07-24T22:02:38.160000+00:00,executor_pool_core_threads,api-gateway,10.42.0.187:8080,"{'__name__': 'executor_pool_core_threads', 'instance': '10.42.0.187:8080', 'job': 'spring-petclinic', 'name': 'applicationTaskExecutor'}",8,same_network,3,300
2026-07-24T22:02:37.828546+00:00,2026-07-24T22:02:38.160000+00:00,executor_pool_core_threads,visits-service,10.42.1.122:8080,"{'__name__': 'executor_pool_core_threads', 'instance': '10.42.1.122:8080', 'job': 'spring-petclinic', 'name': 'applicationTaskExecutor'}",8,same_network,3,300
2026-07-24T22:02:37.828546+00:00,2026-07-24T22:02:38.160000+00:00,executor_pool_core_threads,vets-service,10.42.1.123:8080,"{'__name__': 'executor_pool_core_threads', 'instance': '10.42.1.123:8080', 'job': 'spring-petclinic', 'name': 'applicationTaskExecutor'}",8,same_network,3,300
2026-07-24T22:02:37.828546+00:00,2026-07-24T22:02:38.160000+00:00,executor_pool_core_threads,vets-service,10.42.1.124:8080,"{'__name__': 'executor_pool_core_threads', 'instance': '10.42.1.124:8080', 'job': 'spring-petclinic', 'name': 'applicationTaskExecutor'}",8,same_network,3,300
2026-07-24T22:02:37.828546+00:00,2026-07-24T22:02:38.160000+00:00,executor_pool_core_threads,visits-service,10.42.1.125:8080,"{'__name__': 'executor_pool_core_threads', 'instance': '10.42.1.125:8080', 'job': 'spring-petclinic', 'name': 'applicationTaskExecutor'}",8,same_network,3,300
2026-07-24T22:02:37.828546+00:00,2026-07-24T22:02:38.160000+00:00,executor_pool_core_threads,customers-service,10.42.1.126:8080,"{'__name__': 'executor_pool_core_threads', 'instance': '10.42.1.126:8080', 'job': 'spring-petclinic', 'name': 'applicationTaskExecutor'}",8,same_network,3,300
2026-07-24T22:02:37.828546+00:00,2026-07-24T22:02:38.160000+00:00,executor_pool_core_threads,api-gateway,10.42.1.129:8080,"{'__name__': 'executor_pool_core_threads', 'instance': '10.42.1.129:8080', 'job': 'spring-petclinic', 'name': 'applicationTaskExecutor'}",8,same_network,3,300
2026-07-24T22:02:37.828546+00:00,2026-07-24T22:02:38.166000+00:00,executor_pool_max_threads,customers-service,10.42.0.186:8080,"{'__name__': 'executor_pool_max_threads', 'instance': '10.42.0.186:8080', 'job': 'spring-petclinic', 'name': 'applicationTaskExecutor'}",2147483647,same_network,3,300
2026-07-24T22:02:37.828546+00:00,2026-07-24T22:02:38.166000+00:00,executor_pool_max_threads,api-gateway,10.42.0.187:8080,"{'__name__': 'executor_pool_max_threads', 'instance': '10.42.0.187:8080', 'job': 'spring-petclinic', 'name': 'applicationTaskExecutor'}",2147483647,same_network,3,300
2026-07-24T22:02:37.828546+00:00,2026-07-24T22:02:38.166000+00:00,executor_pool_max_threads,visits-service,10.42.1.122:8080,"{'__name__': 'executor_pool_max_threads', 'instance': '10.42.1.122:8080', 'job': 'spring-petclinic', 'name': 'applicationTaskExecutor'}",2147483647,same_network,3,300
2026-07-24T22:02:37.828546+00:00,2026-07-24T22:02:38.166000+00:00,executor_pool_max_threads,vets-service,10.42.1.123:8080,"{'__name__': 'executor_pool_max_threads', 'instance': '10.42.1.123:8080', 'job': 'spring-petclinic', 'name': 'applicationTaskExecutor'}",2147483647,same_network,3,300
2026-07-24T22:02:37.828546+00:00,2026-07-24T22:02:38.166000+00:00,executor_pool_max_threads,vets-service,10.42.1.124:8080,"{'__name__': 'executor_pool_max_threads', 'instance': '10.42.1.124:8080', 'job': 'spring-petclinic', 'name': 'applicationTaskExecutor'}",2147483647,same_network,3,300
2026-07-24T22:02:37.828546+00:00,2026-07-24T22:02:38.166000+00:00,executor_pool_max_threads,visits-service,10.42.1.125:8080,"{'__name__': 'executor_pool_max_threads', 'instance': '10.42.1.125:8080', 'job': 'spring-petclinic', 'name': 'applicationTaskExecutor'}",2147483647,same_network,3,300
2026-07-24T22:02:37.828546+00:00,2026-07-24T22:02:38.166000+00:00,executor_pool_max_threads,customers-service,10.42.1.126:8080,"{'__name__': 'executor_pool_max_threads', 'instance': '10.42.1.126:8080', 'job': 'spring-petclinic', 'name': 'applicationTaskExecutor'}",2147483647,same_network,3,300
2026-07-24T22:02:37.828546+00:00,2026-07-24T22:02:38.166000+00:00,executor_pool_max_threads,api-gateway,10.42.1.129:8080,"{'__name__': 'executor_pool_max_threads', 'instance': '10.42.1.129:8080', 'job': 'spring-petclinic', 'name': 'applicationTaskExecutor'}",2147483647,same_network,3,300
2026-07-24T22:02:37.828546+00:00,2026-07-24T22:02:38.171000+00:00,executor_pool_size_threads,customers-service,10.42.0.186:8080,"{'__name__': 'executor_pool_size_threads', 'instance': '10.42.0.186:8080', 'job': 'spring-petclinic', 'name': 'applicationTaskExecutor'}",0,same_network,3,300
2026-07-24T22:02:37.828546+00:00,2026-07-24T22:02:38.171000+00:00,executor_pool_size_threads,api-gateway,10.42.0.187:8080,"{'__name__': 'executor_pool_size_threads', 'instance': '10.42.0.187:8080', 'job': 'spring-petclinic', 'name': 'applicationTaskExecutor'}",0,same_network,3,300
2026-07-24T22:02:37.828546+00:00,2026-07-24T22:02:38.171000+00:00,executor_pool_size_threads,visits-service,10.42.1.122:8080,"{'__name__': 'executor_pool_size_threads', 'instance': '10.42.1.122:8080', 'job': 'spring-petclinic', 'name': 'applicationTaskExecutor'}",0,same_network,3,300
2026-07-24T22:02:37.828546+00:00,2026-07-24T22:02:38.171000+00:00,executor_pool_size_threads,vets-service,10.42.1.123:8080,"{'__name__': 'executor_pool_size_threads', 'instance': '10.42.1.123:8080', 'job': 'spring-petclinic', 'name': 'applicationTaskExecutor'}",0,same_network,3,300
2026-07-24T22:02:37.828546+00:00,2026-07-24T22:02:38.171000+00:00,executor_pool_size_threads,vets-service,10.42.1.124:8080,"{'__name__': 'executor_pool_size_threads', 'instance': '10.42.1.124:8080', 'job': 'spring-petclinic', 'name': 'applicationTaskExecutor'}",0,same_network,3,300
2026-07-24T22:02:37.828546+00:00,2026-07-24T22:02:38.171000+00:00,executor_pool_size_threads,visits-service,10.42.1.125:8080,"{'__name__': 'executor_pool_size_threads', 'instance': '10.42.1.125:8080', 'job': 'spring-petclinic', 'name': 'applicationTaskExecutor'}",0,same_network,3,300
2026-07-24T22:02:37.828546+00:00,2026-07-24T22:02:38.171000+00:00,executor_pool_size_threads,customers-service,10.42.1.126:8080,"{'__name__': 'executor_pool_size_threads', 'instance': '10.42.1.126:8080', 'job': 'spring-petclinic', 'name': 'applicationTaskExecutor'}",0,same_network,3,300
2026-07-24T22:02:37.828546+00:00,2026-07-24T22:02:38.171000+00:00,executor_pool_size_threads,api-gateway,10.42.1.129:8080,"{'__name__': 'executor_pool_size_threads', 'instance': '10.42.1.129:8080', 'job': 'spring-petclinic', 'name': 'applicationTaskExecutor'}",0,same_network,3,300
2026-07-24T22:02:37.828546+00:00,2026-07-24T22:02:38.175000+00:00,executor_queue_remaining_tasks,customers-service,10.42.0.186:8080,"{'__name__': 'executor_queue_remaining_tasks', 'instance': '10.42.0.186:8080', 'job': 'spring-petclinic', 'name': 'applicationTaskExecutor'}",2147483647,same_network,3,300
2026-07-24T22:02:37.828546+00:00,2026-07-24T22:02:38.175000+00:00,executor_queue_remaining_tasks,api-gateway,10.42.0.187:8080,"{'__name__': 'executor_queue_remaining_tasks', 'instance': '10.42.0.187:8080', 'job': 'spring-petclinic', 'name': 'applicationTaskExecutor'}",2147483647,same_network,3,300
2026-07-24T22:02:37.828546+00:00,2026-07-24T22:02:38.175000+00:00,executor_queue_remaining_tasks,visits-service,10.42.1.122:8080,"{'__name__': 'executor_queue_remaining_tasks', 'instance': '10.42.1.122:8080', 'job': 'spring-petclinic', 'name': 'applicationTaskExecutor'}",2147483647,same_network,3,300
2026-07-24T22:02:37.828546+00:00,2026-07-24T22:02:38.175000+00:00,executor_queue_remaining_tasks,vets-service,10.42.1.123:8080,"{'__name__': 'executor_queue_remaining_tasks', 'instance': '10.42.1.123:8080', 'job': 'spring-petclinic', 'name': 'applicationTaskExecutor'}",2147483647,same_network,3,300
2026-07-24T22:02:37.828546+00:00,2026-07-24T22:02:38.175000+00:00,executor_queue_remaining_tasks,vets-service,10.42.1.124:8080,"{'__name__': 'executor_queue_remaining_tasks', 'instance': '10.42.1.124:8080', 'job': 'spring-petclinic', 'name': 'applicationTaskExecutor'}",2147483647,same_network,3,300
2026-07-24T22:02:37.828546+00:00,2026-07-24T22:02:38.175000+00:00,executor_queue_remaining_tasks,visits-service,10.42.1.125:8080,"{'__name__': 'executor_queue_remaining_tasks', 'instance': '10.42.1.125:8080', 'job': 'spring-petclinic', 'name': 'applicationTaskExecutor'}",2147483647,same_network,3,300
2026-07-24T22:02:37.828546+00:00,2026-07-24T22:02:38.175000+00:00,executor_queue_remaining_tasks,customers-service,10.42.1.126:8080,"{'__name__': 'executor_queue_remaining_tasks', 'instance': '10.42.1.126:8080', 'job': 'spring-petclinic', 'name': 'applicationTaskExecutor'}",2147483647,same_network,3,300
2026-07-24T22:02:37.828546+00:00,2026-07-24T22:02:38.175000+00:00,executor_queue_remaining_tasks,api-gateway,10.42.1.129:8080,"{'__name__': 'executor_queue_remaining_tasks', 'instance': '10.42.1.129:8080', 'job': 'spring-petclinic', 'name': 'applicationTaskExecutor'}",2147483647,same_network,3,300
2026-07-24T22:02:37.828546+00:00,2026-07-24T22:02:38.180000+00:00,executor_queued_tasks,customers-service,10.42.0.186:8080,"{'__name__': 'executor_queued_tasks', 'instance': '10.42.0.186:8080', 'job': 'spring-petclinic', 'name': 'applicationTaskExecutor'}",0,same_network,3,300
2026-07-24T22:02:37.828546+00:00,2026-07-24T22:02:38.180000+00:00,executor_queued_tasks,api-gateway,10.42.0.187:8080,"{'__name__': 'executor_queued_tasks', 'instance': '10.42.0.187:8080', 'job': 'spring-petclinic', 'name': 'applicationTaskExecutor'}",0,same_network,3,300
2026-07-24T22:02:37.828546+00:00,2026-07-24T22:02:38.180000+00:00,executor_queued_tasks,visits-service,10.42.1.122:8080,"{'__name__': 'executor_queued_tasks', 'instance': '10.42.1.122:8080', 'job': 'spring-petclinic', 'name': 'applicationTaskExecutor'}",0,same_network,3,300
2026-07-24T22:02:37.828546+00:00,2026-07-24T22:02:38.180000+00:00,executor_queued_tasks,vets-service,10.42.1.123:8080,"{'__name__': 'executor_queued_tasks', 'instance': '10.42.1.123:8080', 'job': 'spring-petclinic', 'name': 'applicationTaskExecutor'}",0,same_network,3,300
2026-07-24T22:02:37.828546+00:00,2026-07-24T22:02:38.180000+00:00,executor_queued_tasks,vets-service,10.42.1.124:8080,"{'__name__': 'executor_queued_tasks', 'instance': '10.42.1.124:8080', 'job': 'spring-petclinic', 'name': 'applicationTaskExecutor'}",0,same_network,3,300
2026-07-24T22:02:37.828546+00:00,2026-07-24T22:02:38.180000+00:00,executor_queued_tasks,visits-service,10.42.1.125:8080,"{'__name__': 'executor_queued_tasks', 'instance': '10.42.1.125:8080', 'job': 'spring-petclinic', 'name': 'applicationTaskExecutor'}",0,same_network,3,300
2026-07-24T22:02:37.828546+00:00,2026-07-24T22:02:38.180000+00:00,executor_queued_tasks,customers-service,10.42.1.126:8080,"{'__name__': 'executor_queued_tasks', 'instance': '10.42.1.126:8080', 'job': 'spring-petclinic', 'name': 'applicationTaskExecutor'}",0,same_network,3,300
2026-07-24T22:02:37.828546+00:00,2026-07-24T22:02:38.180000+00:00,executor_queued_tasks,api-gateway,10.42.1.129:8080,"{'__name__': 'executor_queued_tasks', 'instance': '10.42.1.129:8080', 'job': 'spring-petclinic', 'name': 'applicationTaskExecutor'}",0,same_network,3,300
2026-07-24T22:02:37.828546+00:00,2026-07-24T22:02:38.184000+00:00,jvm_threads_daemon_threads,customers-service,10.42.0.186:8080,"{'__name__': 'jvm_threads_daemon_threads', 'instance': '10.42.0.186:8080', 'job': 'spring-petclinic'}",215,same_network,3,300
2026-07-24T22:02:37.828546+00:00,2026-07-24T22:02:38.184000+00:00,jvm_threads_daemon_threads,api-gateway,10.42.0.187:8080,"{'__name__': 'jvm_threads_daemon_threads', 'instance': '10.42.0.187:8080', 'job': 'spring-petclinic'}",31,same_network,3,300
2026-07-24T22:02:37.828546+00:00,2026-07-24T22:02:38.184000+00:00,jvm_threads_daemon_threads,visits-service,10.42.1.122:8080,"{'__name__': 'jvm_threads_daemon_threads', 'instance': '10.42.1.122:8080', 'job': 'spring-petclinic'}",36,same_network,3,300
2026-07-24T22:02:37.828546+00:00,2026-07-24T22:02:38.184000+00:00,jvm_threads_daemon_threads,vets-service,10.42.1.123:8080,"{'__name__': 'jvm_threads_daemon_threads', 'instance': '10.42.1.123:8080', 'job': 'spring-petclinic'}",115,same_network,3,300
2026-07-24T22:02:37.828546+00:00,2026-07-24T22:02:38.184000+00:00,jvm_threads_daemon_threads,vets-service,10.42.1.124:8080,"{'__name__': 'jvm_threads_daemon_threads', 'instance': '10.42.1.124:8080', 'job': 'spring-petclinic'}",95,same_network,3,300
2026-07-24T22:02:37.828546+00:00,2026-07-24T22:02:38.184000+00:00,jvm_threads_daemon_threads,visits-service,10.42.1.125:8080,"{'__name__': 'jvm_threads_daemon_threads', 'instance': '10.42.1.125:8080', 'job': 'spring-petclinic'}",39,same_network,3,300
2026-07-24T22:02:37.828546+00:00,2026-07-24T22:02:38.184000+00:00,jvm_threads_daemon_threads,customers-service,10.42.1.126:8080,"{'__name__': 'jvm_threads_daemon_threads', 'instance': '10.42.1.126:8080', 'job': 'spring-petclinic'}",217,same_network,3,300
2026-07-24T22:02:37.828546+00:00,2026-07-24T22:02:38.184000+00:00,jvm_threads_daemon_threads,api-gateway,10.42.1.129:8080,"{'__name__': 'jvm_threads_daemon_threads', 'instance': '10.42.1.129:8080', 'job': 'spring-petclinic'}",30,same_network,3,300
2026-07-24T22:02:37.828546+00:00,2026-07-24T22:02:38.188000+00:00,jvm_threads_live_threads,customers-service,10.42.0.186:8080,"{'__name__': 'jvm_threads_live_threads', 'instance': '10.42.0.186:8080', 'job': 'spring-petclinic'}",224,same_network,3,300
2026-07-24T22:02:37.828546+00:00,2026-07-24T22:02:38.188000+00:00,jvm_threads_live_threads,api-gateway,10.42.0.187:8080,"{'__name__': 'jvm_threads_live_threads', 'instance': '10.42.0.187:8080', 'job': 'spring-petclinic'}",38,same_network,3,300
2026-07-24T22:02:37.828546+00:00,2026-07-24T22:02:38.188000+00:00,jvm_threads_live_threads,visits-service,10.42.1.122:8080,"{'__name__': 'jvm_threads_live_threads', 'instance': '10.42.1.122:8080', 'job': 'spring-petclinic'}",45,same_network,3,300
2026-07-24T22:02:37.828546+00:00,2026-07-24T22:02:38.188000+00:00,jvm_threads_live_threads,vets-service,10.42.1.123:8080,"{'__name__': 'jvm_threads_live_threads', 'instance': '10.42.1.123:8080', 'job': 'spring-petclinic'}",124,same_network,3,300
2026-07-24T22:02:37.828546+00:00,2026-07-24T22:02:38.188000+00:00,jvm_threads_live_threads,vets-service,10.42.1.124:8080,"{'__name__': 'jvm_threads_live_threads', 'instance': '10.42.1.124:8080', 'job': 'spring-petclinic'}",104,same_network,3,300
2026-07-24T22:02:37.828546+00:00,2026-07-24T22:02:38.188000+00:00,jvm_threads_live_threads,visits-service,10.42.1.125:8080,"{'__name__': 'jvm_threads_live_threads', 'instance': '10.42.1.125:8080', 'job': 'spring-petclinic'}",48,same_network,3,300
2026-07-24T22:02:37.828546+00:00,2026-07-24T22:02:38.188000+00:00,jvm_threads_live_threads,customers-service,10.42.1.126:8080,"{'__name__': 'jvm_threads_live_threads', 'instance': '10.42.1.126:8080', 'job': 'spring-petclinic'}",226,same_network,3,300
2026-07-24T22:02:37.828546+00:00,2026-07-24T22:02:38.188000+00:00,jvm_threads_live_threads,api-gateway,10.42.1.129:8080,"{'__name__': 'jvm_threads_live_threads', 'instance': '10.42.1.129:8080', 'job': 'spring-petclinic'}",39,same_network,3,300
2026-07-24T22:02:37.828546+00:00,2026-07-24T22:02:38.193000+00:00,jvm_threads_peak_threads,customers-service,10.42.0.186:8080,"{'__name__': 'jvm_threads_peak_threads', 'instance': '10.42.0.186:8080', 'job': 'spring-petclinic'}",232,same_network,3,300
2026-07-24T22:02:37.828546+00:00,2026-07-24T22:02:38.193000+00:00,jvm_threads_peak_threads,api-gateway,10.42.0.187:8080,"{'__name__': 'jvm_threads_peak_threads', 'instance': '10.42.0.187:8080', 'job': 'spring-petclinic'}",61,same_network,3,300
2026-07-24T22:02:37.828546+00:00,2026-07-24T22:02:38.193000+00:00,jvm_threads_peak_threads,visits-service,10.42.1.122:8080,"{'__name__': 'jvm_threads_peak_threads', 'instance': '10.42.1.122:8080', 'job': 'spring-petclinic'}",133,same_network,3,300
2026-07-24T22:02:37.828546+00:00,2026-07-24T22:02:38.193000+00:00,jvm_threads_peak_threads,vets-service,10.42.1.123:8080,"{'__name__': 'jvm_threads_peak_threads', 'instance': '10.42.1.123:8080', 'job': 'spring-petclinic'}",223,same_network,3,300
2026-07-24T22:02:37.828546+00:00,2026-07-24T22:02:38.193000+00:00,jvm_threads_peak_threads,vets-service,10.42.1.124:8080,"{'__name__': 'jvm_threads_peak_threads', 'instance': '10.42.1.124:8080', 'job': 'spring-petclinic'}",219,same_network,3,300
2026-07-24T22:02:37.828546+00:00,2026-07-24T22:02:38.193000+00:00,jvm_threads_peak_threads,visits-service,10.42.1.125:8080,"{'__name__': 'jvm_threads_peak_threads', 'instance': '10.42.1.125:8080', 'job': 'spring-petclinic'}",113,same_network,3,300
2026-07-24T22:02:37.828546+00:00,2026-07-24T22:02:38.193000+00:00,jvm_threads_peak_threads,customers-service,10.42.1.126:8080,"{'__name__': 'jvm_threads_peak_threads', 'instance': '10.42.1.126:8080', 'job': 'spring-petclinic'}",235,same_network,3,300
2026-07-24T22:02:37.828546+00:00,2026-07-24T22:02:38.193000+00:00,jvm_threads_peak_threads,api-gateway,10.42.1.129:8080,"{'__name__': 'jvm_threads_peak_threads', 'instance': '10.42.1.129:8080', 'job': 'spring-petclinic'}",39,same_network,3,300
2026-07-24T22:02:37.828546+00:00,2026-07-24T22:02:38.197000+00:00,jvm_threads_states_threads,customers-service,10.42.0.186:8080,"{'__name__': 'jvm_threads_states_threads', 'instance': '10.42.0.186:8080', 'job': 'spring-petclinic', 'state': 'blocked'}",0,same_network,3,300
2026-07-24T22:02:37.828546+00:00,2026-07-24T22:02:38.197000+00:00,jvm_threads_states_threads,customers-service,10.42.0.186:8080,"{'__name__': 'jvm_threads_states_threads', 'instance': '10.42.0.186:8080', 'job': 'spring-petclinic', 'state': 'new'}",0,same_network,3,300
2026-07-24T22:02:37.828546+00:00,2026-07-24T22:02:38.197000+00:00,jvm_threads_states_threads,customers-service,10.42.0.186:8080,"{'__name__': 'jvm_threads_states_threads', 'instance': '10.42.0.186:8080', 'job': 'spring-petclinic', 'state': 'runnable'}",15,same_network,3,300
2026-07-24T22:02:37.828546+00:00,2026-07-24T22:02:38.197000+00:00,jvm_threads_states_threads,customers-service,10.42.0.186:8080,"{'__name__': 'jvm_threads_states_threads', 'instance': '10.42.0.186:8080', 'job': 'spring-petclinic', 'state': 'terminated'}",0,same_network,3,300
2026-07-24T22:02:37.828546+00:00,2026-07-24T22:02:38.197000+00:00,jvm_threads_states_threads,customers-service,10.42.0.186:8080,"{'__name__': 'jvm_threads_states_threads', 'instance': '10.42.0.186:8080', 'job': 'spring-petclinic', 'state': 'timed-waiting'}",194,same_network,3,300
2026-07-24T22:02:37.828546+00:00,2026-07-24T22:02:38.197000+00:00,jvm_threads_states_threads,customers-service,10.42.0.186:8080,"{'__name__': 'jvm_threads_states_threads', 'instance': '10.42.0.186:8080', 'job': 'spring-petclinic', 'state': 'waiting'}",14,same_network,3,300
2026-07-24T22:02:37.828546+00:00,2026-07-24T22:02:38.197000+00:00,jvm_threads_states_threads,api-gateway,10.42.0.187:8080,"{'__name__': 'jvm_threads_states_threads', 'instance': '10.42.0.187:8080', 'job': 'spring-petclinic', 'state': 'blocked'}",0,same_network,3,300
2026-07-24T22:02:37.828546+00:00,2026-07-24T22:02:38.197000+00:00,jvm_threads_states_threads,api-gateway,10.42.0.187:8080,"{'__name__': 'jvm_threads_states_threads', 'instance': '10.42.0.187:8080', 'job': 'spring-petclinic', 'state': 'new'}",0,same_network,3,300
2026-07-24T22:02:37.828546+00:00,2026-07-24T22:02:38.197000+00:00,jvm_threads_states_threads,api-gateway,10.42.0.187:8080,"{'__name__': 'jvm_threads_states_threads', 'instance': '10.42.0.187:8080', 'job': 'spring-petclinic', 'state': 'runnable'}",14,same_network,3,300
2026-07-24T22:02:37.828546+00:00,2026-07-24T22:02:38.197000+00:00,jvm_threads_states_threads,api-gateway,10.42.0.187:8080,"{'__name__': 'jvm_threads_states_threads', 'instance': '10.42.0.187:8080', 'job': 'spring-petclinic', 'state': 'terminated'}",0,same_network,3,300
2026-07-24T22:02:37.828546+00:00,2026-07-24T22:02:38.197000+00:00,jvm_threads_states_threads,api-gateway,10.42.0.187:8080,"{'__name__': 'jvm_threads_states_threads', 'instance': '10.42.0.187:8080', 'job': 'spring-petclinic', 'state': 'timed-waiting'}",6,same_network,3,300
2026-07-24T22:02:37.828546+00:00,2026-07-24T22:02:38.197000+00:00,jvm_threads_states_threads,api-gateway,10.42.0.187:8080,"{'__name__': 'jvm_threads_states_threads', 'instance': '10.42.0.187:8080', 'job': 'spring-petclinic', 'state': 'waiting'}",18,same_network,3,300
2026-07-24T22:02:37.828546+00:00,2026-07-24T22:02:38.197000+00:00,jvm_threads_states_threads,visits-service,10.42.1.122:8080,"{'__name__': 'jvm_threads_states_threads', 'instance': '10.42.1.122:8080', 'job': 'spring-petclinic', 'state': 'blocked'}",0,same_network,3,300
2026-07-24T22:02:37.828546+00:00,2026-07-24T22:02:38.197000+00:00,jvm_threads_states_threads,visits-service,10.42.1.122:8080,"{'__name__': 'jvm_threads_states_threads', 'instance': '10.42.1.122:8080', 'job': 'spring-petclinic', 'state': 'new'}",0,same_network,3,300
2026-07-24T22:02:37.828546+00:00,2026-07-24T22:02:38.197000+00:00,jvm_threads_states_threads,visits-service,10.42.1.122:8080,"{'__name__': 'jvm_threads_states_threads', 'instance': '10.42.1.122:8080', 'job': 'spring-petclinic', 'state': 'runnable'}",8,same_network,3,300
2026-07-24T22:02:37.828546+00:00,2026-07-24T22:02:38.197000+00:00,jvm_threads_states_threads,visits-service,10.42.1.122:8080,"{'__name__': 'jvm_threads_states_threads', 'instance': '10.42.1.122:8080', 'job': 'spring-petclinic', 'state': 'terminated'}",0,same_network,3,300
2026-07-24T22:02:37.828546+00:00,2026-07-24T22:02:38.197000+00:00,jvm_threads_states_threads,visits-service,10.42.1.122:8080,"{'__name__': 'jvm_threads_states_threads', 'instance': '10.42.1.122:8080', 'job': 'spring-petclinic', 'state': 'timed-waiting'}",23,same_network,3,300
2026-07-24T22:02:37.828546+00:00,2026-07-24T22:02:38.197000+00:00,jvm_threads_states_threads,visits-service,10.42.1.122:8080,"{'__name__': 'jvm_threads_states_threads', 'instance': '10.42.1.122:8080', 'job': 'spring-petclinic', 'state': 'waiting'}",14,same_network,3,300
2026-07-24T22:02:37.828546+00:00,2026-07-24T22:02:38.197000+00:00,jvm_threads_states_threads,vets-service,10.42.1.123:8080,"{'__name__': 'jvm_threads_states_threads', 'instance': '10.42.1.123:8080', 'job': 'spring-petclinic', 'state': 'blocked'}",0,same_network,3,300
2026-07-24T22:02:37.828546+00:00,2026-07-24T22:02:38.197000+00:00,jvm_threads_states_threads,vets-service,10.42.1.123:8080,"{'__name__': 'jvm_threads_states_threads', 'instance': '10.42.1.123:8080', 'job': 'spring-petclinic', 'state': 'new'}",0,same_network,3,300
2026-07-24T22:02:37.828546+00:00,2026-07-24T22:02:38.197000+00:00,jvm_threads_states_threads,vets-service,10.42.1.123:8080,"{'__name__': 'jvm_threads_states_threads', 'instance': '10.42.1.123:8080', 'job': 'spring-petclinic', 'state': 'runnable'}",14,same_network,3,300
2026-07-24T22:02:37.828546+00:00,2026-07-24T22:02:38.197000+00:00,jvm_threads_states_threads,vets-service,10.42.1.123:8080,"{'__name__': 'jvm_threads_states_threads', 'instance': '10.42.1.123:8080', 'job': 'spring-petclinic', 'state': 'terminated'}",0,same_network,3,300
2026-07-24T22:02:37.828546+00:00,2026-07-24T22:02:38.197000+00:00,jvm_threads_states_threads,vets-service,10.42.1.123:8080,"{'__name__': 'jvm_threads_states_threads', 'instance': '10.42.1.123:8080', 'job': 'spring-petclinic', 'state': 'timed-waiting'}",96,same_network,3,300
2026-07-24T22:02:37.828546+00:00,2026-07-24T22:02:38.197000+00:00,jvm_threads_states_threads,vets-service,10.42.1.123:8080,"{'__name__': 'jvm_threads_states_threads', 'instance': '10.42.1.123:8080', 'job': 'spring-petclinic', 'state': 'waiting'}",14,same_network,3,300
2026-07-24T22:02:37.828546+00:00,2026-07-24T22:02:38.197000+00:00,jvm_threads_states_threads,vets-service,10.42.1.124:8080,"{'__name__': 'jvm_threads_states_threads', 'instance': '10.42.1.124:8080', 'job': 'spring-petclinic', 'state': 'blocked'}",0,same_network,3,300
2026-07-24T22:02:37.828546+00:00,2026-07-24T22:02:38.197000+00:00,jvm_threads_states_threads,vets-service,10.42.1.124:8080,"{'__name__': 'jvm_threads_states_threads', 'instance': '10.42.1.124:8080', 'job': 'spring-petclinic', 'state': 'new'}",0,same_network,3,300
2026-07-24T22:02:37.828546+00:00,2026-07-24T22:02:38.197000+00:00,jvm_threads_states_threads,vets-service,10.42.1.124:8080,"{'__name__': 'jvm_threads_states_threads', 'instance': '10.42.1.124:8080', 'job': 'spring-petclinic', 'state': 'runnable'}",10,same_network,3,300
2026-07-24T22:02:37.828546+00:00,2026-07-24T22:02:38.197000+00:00,jvm_threads_states_threads,vets-service,10.42.1.124:8080,"{'__name__': 'jvm_threads_states_threads', 'instance': '10.42.1.124:8080', 'job': 'spring-petclinic', 'state': 'terminated'}",0,same_network,3,300
2026-07-24T22:02:37.828546+00:00,2026-07-24T22:02:38.197000+00:00,jvm_threads_states_threads,vets-service,10.42.1.124:8080,"{'__name__': 'jvm_threads_states_threads', 'instance': '10.42.1.124:8080', 'job': 'spring-petclinic', 'state': 'timed-waiting'}",80,same_network,3,300
2026-07-24T22:02:37.828546+00:00,2026-07-24T22:02:38.197000+00:00,jvm_threads_states_threads,vets-service,10.42.1.124:8080,"{'__name__': 'jvm_threads_states_threads', 'instance': '10.42.1.124:8080', 'job': 'spring-petclinic', 'state': 'waiting'}",14,same_network,3,300
2026-07-24T22:02:37.828546+00:00,2026-07-24T22:02:38.197000+00:00,jvm_threads_states_threads,visits-service,10.42.1.125:8080,"{'__name__': 'jvm_threads_states_threads', 'instance': '10.42.1.125:8080', 'job': 'spring-petclinic', 'state': 'blocked'}",0,same_network,3,300
2026-07-24T22:02:37.828546+00:00,2026-07-24T22:02:38.197000+00:00,jvm_threads_states_threads,visits-service,10.42.1.125:8080,"{'__name__': 'jvm_threads_states_threads', 'instance': '10.42.1.125:8080', 'job': 'spring-petclinic', 'state': 'new'}",0,same_network,3,300
2026-07-24T22:02:37.828546+00:00,2026-07-24T22:02:38.197000+00:00,jvm_threads_states_threads,visits-service,10.42.1.125:8080,"{'__name__': 'jvm_threads_states_threads', 'instance': '10.42.1.125:8080', 'job': 'spring-petclinic', 'state': 'runnable'}",8,same_network,3,300
2026-07-24T22:02:37.828546+00:00,2026-07-24T22:02:38.197000+00:00,jvm_threads_states_threads,visits-service,10.42.1.125:8080,"{'__name__': 'jvm_threads_states_threads', 'instance': '10.42.1.125:8080', 'job': 'spring-petclinic', 'state': 'terminated'}",0,same_network,3,300
2026-07-24T22:02:37.828546+00:00,2026-07-24T22:02:38.197000+00:00,jvm_threads_states_threads,visits-service,10.42.1.125:8080,"{'__name__': 'jvm_threads_states_threads', 'instance': '10.42.1.125:8080', 'job': 'spring-petclinic', 'state': 'timed-waiting'}",26,same_network,3,300
2026-07-24T22:02:37.828546+00:00,2026-07-24T22:02:38.197000+00:00,jvm_threads_states_threads,visits-service,10.42.1.125:8080,"{'__name__': 'jvm_threads_states_threads', 'instance': '10.42.1.125:8080', 'job': 'spring-petclinic', 'state': 'waiting'}",14,same_network,3,300
2026-07-24T22:02:37.828546+00:00,2026-07-24T22:02:38.197000+00:00,jvm_threads_states_threads,customers-service,10.42.1.126:8080,"{'__name__': 'jvm_threads_states_threads', 'instance': '10.42.1.126:8080', 'job': 'spring-petclinic', 'state': 'blocked'}",0,same_network,3,300
2026-07-24T22:02:37.828546+00:00,2026-07-24T22:02:38.197000+00:00,jvm_threads_states_threads,customers-service,10.42.1.126:8080,"{'__name__': 'jvm_threads_states_threads', 'instance': '10.42.1.126:8080', 'job': 'spring-petclinic', 'state': 'new'}",0,same_network,3,300
2026-07-24T22:02:37.828546+00:00,2026-07-24T22:02:38.197000+00:00,jvm_threads_states_threads,customers-service,10.42.1.126:8080,"{'__name__': 'jvm_threads_states_threads', 'instance': '10.42.1.126:8080', 'job': 'spring-petclinic', 'state': 'runnable'}",18,same_network,3,300
2026-07-24T22:02:37.828546+00:00,2026-07-24T22:02:38.197000+00:00,jvm_threads_states_threads,customers-service,10.42.1.126:8080,"{'__name__': 'jvm_threads_states_threads', 'instance': '10.42.1.126:8080', 'job': 'spring-petclinic', 'state': 'terminated'}",0,same_network,3,300
2026-07-24T22:02:37.828546+00:00,2026-07-24T22:02:38.197000+00:00,jvm_threads_states_threads,customers-service,10.42.1.126:8080,"{'__name__': 'jvm_threads_states_threads', 'instance': '10.42.1.126:8080', 'job': 'spring-petclinic', 'state': 'timed-waiting'}",194,same_network,3,300
2026-07-24T22:02:37.828546+00:00,2026-07-24T22:02:38.197000+00:00,jvm_threads_states_threads,customers-service,10.42.1.126:8080,"{'__name__': 'jvm_threads_states_threads', 'instance': '10.42.1.126:8080', 'job': 'spring-petclinic', 'state': 'waiting'}",14,same_network,3,300
2026-07-24T22:02:37.828546+00:00,2026-07-24T22:02:38.197000+00:00,jvm_threads_states_threads,api-gateway,10.42.1.129:8080,"{'__name__': 'jvm_threads_states_threads', 'instance': '10.42.1.129:8080', 'job': 'spring-petclinic', 'state': 'blocked'}",0,same_network,3,300
2026-07-24T22:02:37.828546+00:00,2026-07-24T22:02:38.197000+00:00,jvm_threads_states_threads,api-gateway,10.42.1.129:8080,"{'__name__': 'jvm_threads_states_threads', 'instance': '10.42.1.129:8080', 'job': 'spring-petclinic', 'state': 'new'}",0,same_network,3,300
2026-07-24T22:02:37.828546+00:00,2026-07-24T22:02:38.197000+00:00,jvm_threads_states_threads,api-gateway,10.42.1.129:8080,"{'__name__': 'jvm_threads_states_threads', 'instance': '10.42.1.129:8080', 'job': 'spring-petclinic', 'state': 'runnable'}",15,same_network,3,300
2026-07-24T22:02:37.828546+00:00,2026-07-24T22:02:38.197000+00:00,jvm_threads_states_threads,api-gateway,10.42.1.129:8080,"{'__name__': 'jvm_threads_states_threads', 'instance': '10.42.1.129:8080', 'job': 'spring-petclinic', 'state': 'terminated'}",0,same_network,3,300
2026-07-24T22:02:37.828546+00:00,2026-07-24T22:02:38.197000+00:00,jvm_threads_states_threads,api-gateway,10.42.1.129:8080,"{'__name__': 'jvm_threads_states_threads', 'instance': '10.42.1.129:8080', 'job': 'spring-petclinic', 'state': 'timed-waiting'}",8,same_network,3,300
2026-07-24T22:02:37.828546+00:00,2026-07-24T22:02:38.197000+00:00,jvm_threads_states_threads,api-gateway,10.42.1.129:8080,"{'__name__': 'jvm_threads_states_threads', 'instance': '10.42.1.129:8080', 'job': 'spring-petclinic', 'state': 'waiting'}",16,same_network,3,300
2026-07-24T22:02:37.828546+00:00,2026-07-24T22:02:38.205000+00:00,logback_events_total,customers-service,10.42.0.186:8080,"{'__name__': 'logback_events_total', 'instance': '10.42.0.186:8080', 'job': 'spring-petclinic', 'level': 'debug'}",1204173,same_network,3,300
2026-07-24T22:02:37.828546+00:00,2026-07-24T22:02:38.205000+00:00,logback_events_total,customers-service,10.42.0.186:8080,"{'__name__': 'logback_events_total', 'instance': '10.42.0.186:8080', 'job': 'spring-petclinic', 'level': 'error'}",27,same_network,3,300
2026-07-24T22:02:37.828546+00:00,2026-07-24T22:02:38.205000+00:00,logback_events_total,customers-service,10.42.0.186:8080,"{'__name__': 'logback_events_total', 'instance': '10.42.0.186:8080', 'job': 'spring-petclinic', 'level': 'info'}",39,same_network,3,300
2026-07-24T22:02:37.828546+00:00,2026-07-24T22:02:38.205000+00:00,logback_events_total,customers-service,10.42.0.186:8080,"{'__name__': 'logback_events_total', 'instance': '10.42.0.186:8080', 'job': 'spring-petclinic', 'level': 'trace'}",0,same_network,3,300
2026-07-24T22:02:37.828546+00:00,2026-07-24T22:02:38.205000+00:00,logback_events_total,customers-service,10.42.0.186:8080,"{'__name__': 'logback_events_total', 'instance': '10.42.0.186:8080', 'job': 'spring-petclinic', 'level': 'warn'}",29,same_network,3,300
2026-07-24T22:02:37.828546+00:00,2026-07-24T22:02:38.205000+00:00,logback_events_total,api-gateway,10.42.0.187:8080,"{'__name__': 'logback_events_total', 'instance': '10.42.0.187:8080', 'job': 'spring-petclinic', 'level': 'debug'}",0,same_network,3,300
2026-07-24T22:02:37.828546+00:00,2026-07-24T22:02:38.205000+00:00,logback_events_total,api-gateway,10.42.0.187:8080,"{'__name__': 'logback_events_total', 'instance': '10.42.0.187:8080', 'job': 'spring-petclinic', 'level': 'error'}",51,same_network,3,300
2026-07-24T22:02:37.828546+00:00,2026-07-24T22:02:38.205000+00:00,logback_events_total,api-gateway,10.42.0.187:8080,"{'__name__': 'logback_events_total', 'instance': '10.42.0.187:8080', 'job': 'spring-petclinic', 'level': 'info'}",32,same_network,3,300
2026-07-24T22:02:37.828546+00:00,2026-07-24T22:02:38.205000+00:00,logback_events_total,api-gateway,10.42.0.187:8080,"{'__name__': 'logback_events_total', 'instance': '10.42.0.187:8080', 'job': 'spring-petclinic', 'level': 'trace'}",0,same_network,3,300
2026-07-24T22:02:37.828546+00:00,2026-07-24T22:02:38.205000+00:00,logback_events_total,api-gateway,10.42.0.187:8080,"{'__name__': 'logback_events_total', 'instance': '10.42.0.187:8080', 'job': 'spring-petclinic', 'level': 'warn'}",9,same_network,3,300
2026-07-24T22:02:37.828546+00:00,2026-07-24T22:02:38.205000+00:00,logback_events_total,visits-service,10.42.1.122:8080,"{'__name__': 'logback_events_total', 'instance': '10.42.1.122:8080', 'job': 'spring-petclinic', 'level': 'debug'}",594635,same_network,3,300
2026-07-24T22:02:37.828546+00:00,2026-07-24T22:02:38.205000+00:00,logback_events_total,visits-service,10.42.1.122:8080,"{'__name__': 'logback_events_total', 'instance': '10.42.1.122:8080', 'job': 'spring-petclinic', 'level': 'error'}",317,same_network,3,300
2026-07-24T22:02:37.828546+00:00,2026-07-24T22:02:38.205000+00:00,logback_events_total,visits-service,10.42.1.122:8080,"{'__name__': 'logback_events_total', 'instance': '10.42.1.122:8080', 'job': 'spring-petclinic', 'level': 'info'}",367,same_network,3,300
2026-07-24T22:02:37.828546+00:00,2026-07-24T22:02:38.205000+00:00,logback_events_total,visits-service,10.42.1.122:8080,"{'__name__': 'logback_events_total', 'instance': '10.42.1.122:8080', 'job': 'spring-petclinic', 'level': 'trace'}",0,same_network,3,300
2026-07-24T22:02:37.828546+00:00,2026-07-24T22:02:38.205000+00:00,logback_events_total,visits-service,10.42.1.122:8080,"{'__name__': 'logback_events_total', 'instance': '10.42.1.122:8080', 'job': 'spring-petclinic', 'level': 'warn'}",16,same_network,3,300
2026-07-24T22:02:37.828546+00:00,2026-07-24T22:02:38.205000+00:00,logback_events_total,vets-service,10.42.1.123:8080,"{'__name__': 'logback_events_total', 'instance': '10.42.1.123:8080', 'job': 'spring-petclinic', 'level': 'debug'}",582635,same_network,3,300
2026-07-24T22:02:37.828546+00:00,2026-07-24T22:02:38.205000+00:00,logback_events_total,vets-service,10.42.1.123:8080,"{'__name__': 'logback_events_total', 'instance': '10.42.1.123:8080', 'job': 'spring-petclinic', 'level': 'error'}",317,same_network,3,300
2026-07-24T22:02:37.828546+00:00,2026-07-24T22:02:38.205000+00:00,logback_events_total,vets-service,10.42.1.123:8080,"{'__name__': 'logback_events_total', 'instance': '10.42.1.123:8080', 'job': 'spring-petclinic', 'level': 'info'}",367,same_network,3,300
2026-07-24T22:02:37.828546+00:00,2026-07-24T22:02:38.205000+00:00,logback_events_total,vets-service,10.42.1.123:8080,"{'__name__': 'logback_events_total', 'instance': '10.42.1.123:8080', 'job': 'spring-petclinic', 'level': 'trace'}",0,same_network,3,300
2026-07-24T22:02:37.828546+00:00,2026-07-24T22:02:38.205000+00:00,logback_events_total,vets-service,10.42.1.123:8080,"{'__name__': 'logback_events_total', 'instance': '10.42.1.123:8080', 'job': 'spring-petclinic', 'level': 'warn'}",15,same_network,3,300
2026-07-24T22:02:37.828546+00:00,2026-07-24T22:02:38.205000+00:00,logback_events_total,vets-service,10.42.1.124:8080,"{'__name__': 'logback_events_total', 'instance': '10.42.1.124:8080', 'job': 'spring-petclinic', 'level': 'debug'}",594267,same_network,3,300
2026-07-24T22:02:37.828546+00:00,2026-07-24T22:02:38.205000+00:00,logback_events_total,vets-service,10.42.1.124:8080,"{'__name__': 'logback_events_total', 'instance': '10.42.1.124:8080', 'job': 'spring-petclinic', 'level': 'error'}",316,same_network,3,300
2026-07-24T22:02:37.828546+00:00,2026-07-24T22:02:38.205000+00:00,logback_events_total,vets-service,10.42.1.124:8080,"{'__name__': 'logback_events_total', 'instance': '10.42.1.124:8080', 'job': 'spring-petclinic', 'level': 'info'}",366,same_network,3,300
2026-07-24T22:02:37.828546+00:00,2026-07-24T22:02:38.205000+00:00,logback_events_total,vets-service,10.42.1.124:8080,"{'__name__': 'logback_events_total', 'instance': '10.42.1.124:8080', 'job': 'spring-petclinic', 'level': 'trace'}",0,same_network,3,300
2026-07-24T22:02:37.828546+00:00,2026-07-24T22:02:38.205000+00:00,logback_events_total,vets-service,10.42.1.124:8080,"{'__name__': 'logback_events_total', 'instance': '10.42.1.124:8080', 'job': 'spring-petclinic', 'level': 'warn'}",15,same_network,3,300
2026-07-24T22:02:37.828546+00:00,2026-07-24T22:02:38.205000+00:00,logback_events_total,visits-service,10.42.1.125:8080,"{'__name__': 'logback_events_total', 'instance': '10.42.1.125:8080', 'job': 'spring-petclinic', 'level': 'debug'}",584217,same_network,3,300
2026-07-24T22:02:37.828546+00:00,2026-07-24T22:02:38.205000+00:00,logback_events_total,visits-service,10.42.1.125:8080,"{'__name__': 'logback_events_total', 'instance': '10.42.1.125:8080', 'job': 'spring-petclinic', 'level': 'error'}",315,same_network,3,300
2026-07-24T22:02:37.828546+00:00,2026-07-24T22:02:38.205000+00:00,logback_events_total,visits-service,10.42.1.125:8080,"{'__name__': 'logback_events_total', 'instance': '10.42.1.125:8080', 'job': 'spring-petclinic', 'level': 'info'}",365,same_network,3,300
2026-07-24T22:02:37.828546+00:00,2026-07-24T22:02:38.205000+00:00,logback_events_total,visits-service,10.42.1.125:8080,"{'__name__': 'logback_events_total', 'instance': '10.42.1.125:8080', 'job': 'spring-petclinic', 'level': 'trace'}",0,same_network,3,300
2026-07-24T22:02:37.828546+00:00,2026-07-24T22:02:38.205000+00:00,logback_events_total,visits-service,10.42.1.125:8080,"{'__name__': 'logback_events_total', 'instance': '10.42.1.125:8080', 'job': 'spring-petclinic', 'level': 'warn'}",15,same_network,3,300
2026-07-24T22:02:37.828546+00:00,2026-07-24T22:02:38.205000+00:00,logback_events_total,customers-service,10.42.1.126:8080,"{'__name__': 'logback_events_total', 'instance': '10.42.1.126:8080', 'job': 'spring-petclinic', 'level': 'debug'}",1158094,same_network,3,300
2026-07-24T22:02:37.828546+00:00,2026-07-24T22:02:38.205000+00:00,logback_events_total,customers-service,10.42.1.126:8080,"{'__name__': 'logback_events_total', 'instance': '10.42.1.126:8080', 'job': 'spring-petclinic', 'level': 'error'}",316,same_network,3,300
2026-07-24T22:02:37.828546+00:00,2026-07-24T22:02:38.205000+00:00,logback_events_total,customers-service,10.42.1.126:8080,"{'__name__': 'logback_events_total', 'instance': '10.42.1.126:8080', 'job': 'spring-petclinic', 'level': 'info'}",366,same_network,3,300
2026-07-24T22:02:37.828546+00:00,2026-07-24T22:02:38.205000+00:00,logback_events_total,customers-service,10.42.1.126:8080,"{'__name__': 'logback_events_total', 'instance': '10.42.1.126:8080', 'job': 'spring-petclinic', 'level': 'trace'}",0,same_network,3,300
2026-07-24T22:02:37.828546+00:00,2026-07-24T22:02:38.205000+00:00,logback_events_total,customers-service,10.42.1.126:8080,"{'__name__': 'logback_events_total', 'instance': '10.42.1.126:8080', 'job': 'spring-petclinic', 'level': 'warn'}",15,same_network,3,300
2026-07-24T22:02:37.828546+00:00,2026-07-24T22:02:38.205000+00:00,logback_events_total,api-gateway,10.42.1.129:8080,"{'__name__': 'logback_events_total', 'instance': '10.42.1.129:8080', 'job': 'spring-petclinic', 'level': 'debug'}",0,same_network,3,300
2026-07-24T22:02:37.828546+00:00,2026-07-24T22:02:38.205000+00:00,logback_events_total,api-gateway,10.42.1.129:8080,"{'__name__': 'logback_events_total', 'instance': '10.42.1.129:8080', 'job': 'spring-petclinic', 'level': 'error'}",0,same_network,3,300
2026-07-24T22:02:37.828546+00:00,2026-07-24T22:02:38.205000+00:00,logback_events_total,api-gateway,10.42.1.129:8080,"{'__name__': 'logback_events_total', 'instance': '10.42.1.129:8080', 'job': 'spring-petclinic', 'level': 'info'}",32,same_network,3,300
2026-07-24T22:02:37.828546+00:00,2026-07-24T22:02:38.205000+00:00,logback_events_total,api-gateway,10.42.1.129:8080,"{'__name__': 'logback_events_total', 'instance': '10.42.1.129:8080', 'job': 'spring-petclinic', 'level': 'trace'}",0,same_network,3,300
2026-07-24T22:02:37.828546+00:00,2026-07-24T22:02:38.205000+00:00,logback_events_total,api-gateway,10.42.1.129:8080,"{'__name__': 'logback_events_total', 'instance': '10.42.1.129:8080', 'job': 'spring-petclinic', 'level': 'warn'}",6,same_network,3,300
2026-07-24T22:02:37.828546+00:00,2026-07-24T22:02:38.211000+00:00,process_files_open_files,customers-service,10.42.0.186:8080,"{'__name__': 'process_files_open_files', 'instance': '10.42.0.186:8080', 'job': 'spring-petclinic'}",222,same_network,3,300
2026-07-24T22:02:37.828546+00:00,2026-07-24T22:02:38.211000+00:00,process_files_open_files,api-gateway,10.42.0.187:8080,"{'__name__': 'process_files_open_files', 'instance': '10.42.0.187:8080', 'job': 'spring-petclinic'}",768,same_network,3,300
2026-07-24T22:02:37.828546+00:00,2026-07-24T22:02:38.211000+00:00,process_files_open_files,visits-service,10.42.1.122:8080,"{'__name__': 'process_files_open_files', 'instance': '10.42.1.122:8080', 'job': 'spring-petclinic'}",40,same_network,3,300
2026-07-24T22:02:37.828546+00:00,2026-07-24T22:02:38.211000+00:00,process_files_open_files,vets-service,10.42.1.123:8080,"{'__name__': 'process_files_open_files', 'instance': '10.42.1.123:8080', 'job': 'spring-petclinic'}",119,same_network,3,300
2026-07-24T22:02:37.828546+00:00,2026-07-24T22:02:38.211000+00:00,process_files_open_files,vets-service,10.42.1.124:8080,"{'__name__': 'process_files_open_files', 'instance': '10.42.1.124:8080', 'job': 'spring-petclinic'}",101,same_network,3,300
2026-07-24T22:02:37.828546+00:00,2026-07-24T22:02:38.211000+00:00,process_files_open_files,visits-service,10.42.1.125:8080,"{'__name__': 'process_files_open_files', 'instance': '10.42.1.125:8080', 'job': 'spring-petclinic'}",41,same_network,3,300
2026-07-24T22:02:37.828546+00:00,2026-07-24T22:02:38.211000+00:00,process_files_open_files,customers-service,10.42.1.126:8080,"{'__name__': 'process_files_open_files', 'instance': '10.42.1.126:8080', 'job': 'spring-petclinic'}",218,same_network,3,300
2026-07-24T22:02:37.828546+00:00,2026-07-24T22:02:38.211000+00:00,process_files_open_files,api-gateway,10.42.1.129:8080,"{'__name__': 'process_files_open_files', 'instance': '10.42.1.129:8080', 'job': 'spring-petclinic'}",486,same_network,3,300
2026-07-24T22:02:37.828546+00:00,2026-07-24T22:02:38.216000+00:00,up,customers-service,10.42.0.186:8080,"{'__name__': 'up', 'instance': '10.42.0.186:8080', 'job': 'spring-petclinic'}",1,same_network,3,300
2026-07-24T22:02:37.828546+00:00,2026-07-24T22:02:38.216000+00:00,up,api-gateway,10.42.0.187:8080,"{'__name__': 'up', 'instance': '10.42.0.187:8080', 'job': 'spring-petclinic'}",1,same_network,3,300
2026-07-24T22:02:37.828546+00:00,2026-07-24T22:02:38.216000+00:00,up,visits-service,10.42.1.122:8080,"{'__name__': 'up', 'instance': '10.42.1.122:8080', 'job': 'spring-petclinic'}",1,same_network,3,300
2026-07-24T22:02:37.828546+00:00,2026-07-24T22:02:38.216000+00:00,up,vets-service,10.42.1.123:8080,"{'__name__': 'up', 'instance': '10.42.1.123:8080', 'job': 'spring-petclinic'}",1,same_network,3,300
2026-07-24T22:02:37.828546+00:00,2026-07-24T22:02:38.216000+00:00,up,vets-service,10.42.1.124:8080,"{'__name__': 'up', 'instance': '10.42.1.124:8080', 'job': 'spring-petclinic'}",1,same_network,3,300
2026-07-24T22:02:37.828546+00:00,2026-07-24T22:02:38.216000+00:00,up,visits-service,10.42.1.125:8080,"{'__name__': 'up', 'instance': '10.42.1.125:8080', 'job': 'spring-petclinic'}",1,same_network,3,300
2026-07-24T22:02:37.828546+00:00,2026-07-24T22:02:38.216000+00:00,up,customers-service,10.42.1.126:8080,"{'__name__': 'up', 'instance': '10.42.1.126:8080', 'job': 'spring-petclinic'}",1,same_network,3,300
2026-07-24T22:02:37.828546+00:00,2026-07-24T22:02:38.216000+00:00,up,api-gateway,10.42.1.129:8080,"{'__name__': 'up', 'instance': '10.42.1.129:8080', 'job': 'spring-petclinic'}",1,same_network,3,300
2026-07-24T22:02:37.828546+00:00,2026-07-24T22:02:38.220000+00:00,zipkin_reporter_messages_bytes_total,customers-service,10.42.0.186:8080,"{'__name__': 'zipkin_reporter_messages_bytes_total', 'instance': '10.42.0.186:8080', 'job': 'spring-petclinic'}",602446999,same_network,3,300
2026-07-24T22:02:37.828546+00:00,2026-07-24T22:02:38.220000+00:00,zipkin_reporter_messages_bytes_total,api-gateway,10.42.0.187:8080,"{'__name__': 'zipkin_reporter_messages_bytes_total', 'instance': '10.42.0.187:8080', 'job': 'spring-petclinic'}",1366563312,same_network,3,300
2026-07-24T22:02:37.828546+00:00,2026-07-24T22:02:38.220000+00:00,zipkin_reporter_messages_bytes_total,visits-service,10.42.1.122:8080,"{'__name__': 'zipkin_reporter_messages_bytes_total', 'instance': '10.42.1.122:8080', 'job': 'spring-petclinic'}",136480304,same_network,3,300
2026-07-24T22:02:37.828546+00:00,2026-07-24T22:02:38.220000+00:00,zipkin_reporter_messages_bytes_total,vets-service,10.42.1.123:8080,"{'__name__': 'zipkin_reporter_messages_bytes_total', 'instance': '10.42.1.123:8080', 'job': 'spring-petclinic'}",286743295,same_network,3,300
2026-07-24T22:02:37.828546+00:00,2026-07-24T22:02:38.220000+00:00,zipkin_reporter_messages_bytes_total,vets-service,10.42.1.124:8080,"{'__name__': 'zipkin_reporter_messages_bytes_total', 'instance': '10.42.1.124:8080', 'job': 'spring-petclinic'}",292578077,same_network,3,300
2026-07-24T22:02:37.828546+00:00,2026-07-24T22:02:38.220000+00:00,zipkin_reporter_messages_bytes_total,visits-service,10.42.1.125:8080,"{'__name__': 'zipkin_reporter_messages_bytes_total', 'instance': '10.42.1.125:8080', 'job': 'spring-petclinic'}",134076841,same_network,3,300
2026-07-24T22:02:37.828546+00:00,2026-07-24T22:02:38.220000+00:00,zipkin_reporter_messages_bytes_total,customers-service,10.42.1.126:8080,"{'__name__': 'zipkin_reporter_messages_bytes_total', 'instance': '10.42.1.126:8080', 'job': 'spring-petclinic'}",578885769,same_network,3,300
2026-07-24T22:02:37.828546+00:00,2026-07-24T22:02:38.220000+00:00,zipkin_reporter_messages_bytes_total,api-gateway,10.42.1.129:8080,"{'__name__': 'zipkin_reporter_messages_bytes_total', 'instance': '10.42.1.129:8080', 'job': 'spring-petclinic'}",2068244,same_network,3,300
2026-07-24T22:02:37.828546+00:00,2026-07-24T22:02:38.224000+00:00,zipkin_reporter_messages_dropped_total,customers-service,10.42.0.186:8080,"{'__name__': 'zipkin_reporter_messages_dropped_total', 'cause': 'ResourceAccessException', 'instance': '10.42.0.186:8080', 'job': 'spring-petclinic'}",81,same_network,3,300
2026-07-24T22:02:37.828546+00:00,2026-07-24T22:02:38.224000+00:00,zipkin_reporter_messages_dropped_total,api-gateway,10.42.0.187:8080,"{'__name__': 'zipkin_reporter_messages_dropped_total', 'cause': 'ResourceAccessException', 'instance': '10.42.0.187:8080', 'job': 'spring-petclinic'}",96,same_network,3,300
2026-07-24T22:02:37.828546+00:00,2026-07-24T22:02:38.224000+00:00,zipkin_reporter_messages_dropped_total,visits-service,10.42.1.122:8080,"{'__name__': 'zipkin_reporter_messages_dropped_total', 'cause': 'ResourceAccessException', 'instance': '10.42.1.122:8080', 'job': 'spring-petclinic'}",95,same_network,3,300
2026-07-24T22:02:37.828546+00:00,2026-07-24T22:02:38.224000+00:00,zipkin_reporter_messages_dropped_total,vets-service,10.42.1.123:8080,"{'__name__': 'zipkin_reporter_messages_dropped_total', 'cause': 'ResourceAccessException', 'instance': '10.42.1.123:8080', 'job': 'spring-petclinic'}",94,same_network,3,300
2026-07-24T22:02:37.828546+00:00,2026-07-24T22:02:38.224000+00:00,zipkin_reporter_messages_dropped_total,vets-service,10.42.1.124:8080,"{'__name__': 'zipkin_reporter_messages_dropped_total', 'cause': 'ResourceAccessException', 'instance': '10.42.1.124:8080', 'job': 'spring-petclinic'}",88,same_network,3,300
2026-07-24T22:02:37.828546+00:00,2026-07-24T22:02:38.224000+00:00,zipkin_reporter_messages_dropped_total,visits-service,10.42.1.125:8080,"{'__name__': 'zipkin_reporter_messages_dropped_total', 'cause': 'ResourceAccessException', 'instance': '10.42.1.125:8080', 'job': 'spring-petclinic'}",91,same_network,3,300
2026-07-24T22:02:37.828546+00:00,2026-07-24T22:02:38.224000+00:00,zipkin_reporter_messages_dropped_total,customers-service,10.42.1.126:8080,"{'__name__': 'zipkin_reporter_messages_dropped_total', 'cause': 'ResourceAccessException', 'instance': '10.42.1.126:8080', 'job': 'spring-petclinic'}",97,same_network,3,300
2026-07-24T22:02:37.828546+00:00,2026-07-24T22:02:38.230000+00:00,zipkin_reporter_messages_total,customers-service,10.42.0.186:8080,"{'__name__': 'zipkin_reporter_messages_total', 'instance': '10.42.0.186:8080', 'job': 'spring-petclinic'}",9588,same_network,3,300
2026-07-24T22:02:37.828546+00:00,2026-07-24T22:02:38.230000+00:00,zipkin_reporter_messages_total,api-gateway,10.42.0.187:8080,"{'__name__': 'zipkin_reporter_messages_total', 'instance': '10.42.0.187:8080', 'job': 'spring-petclinic'}",9581,same_network,3,300
2026-07-24T22:02:37.828546+00:00,2026-07-24T22:02:38.230000+00:00,zipkin_reporter_messages_total,visits-service,10.42.1.122:8080,"{'__name__': 'zipkin_reporter_messages_total', 'instance': '10.42.1.122:8080', 'job': 'spring-petclinic'}",9761,same_network,3,300
2026-07-24T22:02:37.828546+00:00,2026-07-24T22:02:38.230000+00:00,zipkin_reporter_messages_total,vets-service,10.42.1.123:8080,"{'__name__': 'zipkin_reporter_messages_total', 'instance': '10.42.1.123:8080', 'job': 'spring-petclinic'}",9797,same_network,3,300
2026-07-24T22:02:37.828546+00:00,2026-07-24T22:02:38.230000+00:00,zipkin_reporter_messages_total,vets-service,10.42.1.124:8080,"{'__name__': 'zipkin_reporter_messages_total', 'instance': '10.42.1.124:8080', 'job': 'spring-petclinic'}",9794,same_network,3,300
2026-07-24T22:02:37.828546+00:00,2026-07-24T22:02:38.230000+00:00,zipkin_reporter_messages_total,visits-service,10.42.1.125:8080,"{'__name__': 'zipkin_reporter_messages_total', 'instance': '10.42.1.125:8080', 'job': 'spring-petclinic'}",9617,same_network,3,300
2026-07-24T22:02:37.828546+00:00,2026-07-24T22:02:38.230000+00:00,zipkin_reporter_messages_total,customers-service,10.42.1.126:8080,"{'__name__': 'zipkin_reporter_messages_total', 'instance': '10.42.1.126:8080', 'job': 'spring-petclinic'}",9720,same_network,3,300
2026-07-24T22:02:37.828546+00:00,2026-07-24T22:02:38.230000+00:00,zipkin_reporter_messages_total,api-gateway,10.42.1.129:8080,"{'__name__': 'zipkin_reporter_messages_total', 'instance': '10.42.1.129:8080', 'job': 'spring-petclinic'}",32,same_network,3,300
2026-07-24T22:02:37.828546+00:00,2026-07-24T22:02:38.235000+00:00,zipkin_reporter_queue_bytes,customers-service,10.42.0.186:8080,"{'__name__': 'zipkin_reporter_queue_bytes', 'instance': '10.42.0.186:8080', 'job': 'spring-petclinic'}",0,same_network,3,300
2026-07-24T22:02:37.828546+00:00,2026-07-24T22:02:38.235000+00:00,zipkin_reporter_queue_bytes,api-gateway,10.42.0.187:8080,"{'__name__': 'zipkin_reporter_queue_bytes', 'instance': '10.42.0.187:8080', 'job': 'spring-petclinic'}",0,same_network,3,300
2026-07-24T22:02:37.828546+00:00,2026-07-24T22:02:38.235000+00:00,zipkin_reporter_queue_bytes,visits-service,10.42.1.122:8080,"{'__name__': 'zipkin_reporter_queue_bytes', 'instance': '10.42.1.122:8080', 'job': 'spring-petclinic'}",0,same_network,3,300
2026-07-24T22:02:37.828546+00:00,2026-07-24T22:02:38.235000+00:00,zipkin_reporter_queue_bytes,vets-service,10.42.1.123:8080,"{'__name__': 'zipkin_reporter_queue_bytes', 'instance': '10.42.1.123:8080', 'job': 'spring-petclinic'}",0,same_network,3,300
2026-07-24T22:02:37.828546+00:00,2026-07-24T22:02:38.235000+00:00,zipkin_reporter_queue_bytes,vets-service,10.42.1.124:8080,"{'__name__': 'zipkin_reporter_queue_bytes', 'instance': '10.42.1.124:8080', 'job': 'spring-petclinic'}",0,same_network,3,300
2026-07-24T22:02:37.828546+00:00,2026-07-24T22:02:38.235000+00:00,zipkin_reporter_queue_bytes,visits-service,10.42.1.125:8080,"{'__name__': 'zipkin_reporter_queue_bytes', 'instance': '10.42.1.125:8080', 'job': 'spring-petclinic'}",0,same_network,3,300
2026-07-24T22:02:37.828546+00:00,2026-07-24T22:02:38.235000+00:00,zipkin_reporter_queue_bytes,customers-service,10.42.1.126:8080,"{'__name__': 'zipkin_reporter_queue_bytes', 'instance': '10.42.1.126:8080', 'job': 'spring-petclinic'}",0,same_network,3,300
2026-07-24T22:02:37.828546+00:00,2026-07-24T22:02:38.235000+00:00,zipkin_reporter_queue_bytes,api-gateway,10.42.1.129:8080,"{'__name__': 'zipkin_reporter_queue_bytes', 'instance': '10.42.1.129:8080', 'job': 'spring-petclinic'}",0,same_network,3,300
2026-07-24T22:02:37.828546+00:00,2026-07-24T22:02:38.241000+00:00,zipkin_reporter_queue_spans,customers-service,10.42.0.186:8080,"{'__name__': 'zipkin_reporter_queue_spans', 'instance': '10.42.0.186:8080', 'job': 'spring-petclinic'}",0,same_network,3,300
2026-07-24T22:02:37.828546+00:00,2026-07-24T22:02:38.241000+00:00,zipkin_reporter_queue_spans,api-gateway,10.42.0.187:8080,"{'__name__': 'zipkin_reporter_queue_spans', 'instance': '10.42.0.187:8080', 'job': 'spring-petclinic'}",0,same_network,3,300
2026-07-24T22:02:37.828546+00:00,2026-07-24T22:02:38.241000+00:00,zipkin_reporter_queue_spans,visits-service,10.42.1.122:8080,"{'__name__': 'zipkin_reporter_queue_spans', 'instance': '10.42.1.122:8080', 'job': 'spring-petclinic'}",0,same_network,3,300
2026-07-24T22:02:37.828546+00:00,2026-07-24T22:02:38.241000+00:00,zipkin_reporter_queue_spans,vets-service,10.42.1.123:8080,"{'__name__': 'zipkin_reporter_queue_spans', 'instance': '10.42.1.123:8080', 'job': 'spring-petclinic'}",0,same_network,3,300
2026-07-24T22:02:37.828546+00:00,2026-07-24T22:02:38.241000+00:00,zipkin_reporter_queue_spans,vets-service,10.42.1.124:8080,"{'__name__': 'zipkin_reporter_queue_spans', 'instance': '10.42.1.124:8080', 'job': 'spring-petclinic'}",0,same_network,3,300
2026-07-24T22:02:37.828546+00:00,2026-07-24T22:02:38.241000+00:00,zipkin_reporter_queue_spans,visits-service,10.42.1.125:8080,"{'__name__': 'zipkin_reporter_queue_spans', 'instance': '10.42.1.125:8080', 'job': 'spring-petclinic'}",0,same_network,3,300
2026-07-24T22:02:37.828546+00:00,2026-07-24T22:02:38.241000+00:00,zipkin_reporter_queue_spans,customers-service,10.42.1.126:8080,"{'__name__': 'zipkin_reporter_queue_spans', 'instance': '10.42.1.126:8080', 'job': 'spring-petclinic'}",0,same_network,3,300
2026-07-24T22:02:37.828546+00:00,2026-07-24T22:02:38.241000+00:00,zipkin_reporter_queue_spans,api-gateway,10.42.1.129:8080,"{'__name__': 'zipkin_reporter_queue_spans', 'instance': '10.42.1.129:8080', 'job': 'spring-petclinic'}",0,same_network,3,300
2026-07-24T22:02:37.828546+00:00,2026-07-24T22:02:38.247000+00:00,zipkin_reporter_spans_bytes_total,customers-service,10.42.0.186:8080,"{'__name__': 'zipkin_reporter_spans_bytes_total', 'instance': '10.42.0.186:8080', 'job': 'spring-petclinic'}",601300185,same_network,3,300
2026-07-24T22:02:37.828546+00:00,2026-07-24T22:02:38.247000+00:00,zipkin_reporter_spans_bytes_total,api-gateway,10.42.0.187:8080,"{'__name__': 'zipkin_reporter_spans_bytes_total', 'instance': '10.42.0.187:8080', 'job': 'spring-petclinic'}",1364235797,same_network,3,300
2026-07-24T22:02:37.828546+00:00,2026-07-24T22:02:38.247000+00:00,zipkin_reporter_spans_bytes_total,visits-service,10.42.1.122:8080,"{'__name__': 'zipkin_reporter_spans_bytes_total', 'instance': '10.42.1.122:8080', 'job': 'spring-petclinic'}",136182551,same_network,3,300
2026-07-24T22:02:37.828546+00:00,2026-07-24T22:02:38.247000+00:00,zipkin_reporter_spans_bytes_total,vets-service,10.42.1.123:8080,"{'__name__': 'zipkin_reporter_spans_bytes_total', 'instance': '10.42.1.123:8080', 'job': 'spring-petclinic'}",286186386,same_network,3,300
2026-07-24T22:02:37.828546+00:00,2026-07-24T22:02:38.247000+00:00,zipkin_reporter_spans_bytes_total,vets-service,10.42.1.124:8080,"{'__name__': 'zipkin_reporter_spans_bytes_total', 'instance': '10.42.1.124:8080', 'job': 'spring-petclinic'}",291981625,same_network,3,300
2026-07-24T22:02:37.828546+00:00,2026-07-24T22:02:38.247000+00:00,zipkin_reporter_spans_bytes_total,visits-service,10.42.1.125:8080,"{'__name__': 'zipkin_reporter_spans_bytes_total', 'instance': '10.42.1.125:8080', 'job': 'spring-petclinic'}",133791838,same_network,3,300
2026-07-24T22:02:37.828546+00:00,2026-07-24T22:02:38.247000+00:00,zipkin_reporter_spans_bytes_total,customers-service,10.42.1.126:8080,"{'__name__': 'zipkin_reporter_spans_bytes_total', 'instance': '10.42.1.126:8080', 'job': 'spring-petclinic'}",577765734,same_network,3,300
2026-07-24T22:02:37.828546+00:00,2026-07-24T22:02:38.247000+00:00,zipkin_reporter_spans_bytes_total,api-gateway,10.42.1.129:8080,"{'__name__': 'zipkin_reporter_spans_bytes_total', 'instance': '10.42.1.129:8080', 'job': 'spring-petclinic'}",2109560,same_network,3,300
2026-07-24T22:02:37.828546+00:00,2026-07-24T22:02:38.251000+00:00,zipkin_reporter_spans_dropped_total,customers-service,10.42.0.186:8080,"{'__name__': 'zipkin_reporter_spans_dropped_total', 'instance': '10.42.0.186:8080', 'job': 'spring-petclinic'}",12777,same_network,3,300
2026-07-24T22:02:37.828546+00:00,2026-07-24T22:02:38.251000+00:00,zipkin_reporter_spans_dropped_total,api-gateway,10.42.0.187:8080,"{'__name__': 'zipkin_reporter_spans_dropped_total', 'instance': '10.42.0.187:8080', 'job': 'spring-petclinic'}",64134,same_network,3,300
2026-07-24T22:02:37.828546+00:00,2026-07-24T22:02:38.251000+00:00,zipkin_reporter_spans_dropped_total,visits-service,10.42.1.122:8080,"{'__name__': 'zipkin_reporter_spans_dropped_total', 'instance': '10.42.1.122:8080', 'job': 'spring-petclinic'}",3374,same_network,3,300
2026-07-24T22:02:37.828546+00:00,2026-07-24T22:02:38.251000+00:00,zipkin_reporter_spans_dropped_total,vets-service,10.42.1.123:8080,"{'__name__': 'zipkin_reporter_spans_dropped_total', 'instance': '10.42.1.123:8080', 'job': 'spring-petclinic'}",6497,same_network,3,300
2026-07-24T22:02:37.828546+00:00,2026-07-24T22:02:38.251000+00:00,zipkin_reporter_spans_dropped_total,vets-service,10.42.1.124:8080,"{'__name__': 'zipkin_reporter_spans_dropped_total', 'instance': '10.42.1.124:8080', 'job': 'spring-petclinic'}",6570,same_network,3,300
2026-07-24T22:02:37.828546+00:00,2026-07-24T22:02:38.251000+00:00,zipkin_reporter_spans_dropped_total,visits-service,10.42.1.125:8080,"{'__name__': 'zipkin_reporter_spans_dropped_total', 'instance': '10.42.1.125:8080', 'job': 'spring-petclinic'}",3453,same_network,3,300
2026-07-24T22:02:37.828546+00:00,2026-07-24T22:02:38.251000+00:00,zipkin_reporter_spans_dropped_total,customers-service,10.42.1.126:8080,"{'__name__': 'zipkin_reporter_spans_dropped_total', 'instance': '10.42.1.126:8080', 'job': 'spring-petclinic'}",14592,same_network,3,300
2026-07-24T22:02:37.828546+00:00,2026-07-24T22:02:38.251000+00:00,zipkin_reporter_spans_dropped_total,api-gateway,10.42.1.129:8080,"{'__name__': 'zipkin_reporter_spans_dropped_total', 'instance': '10.42.1.129:8080', 'job': 'spring-petclinic'}",0,same_network,3,300
2026-07-24T22:02:37.828546+00:00,2026-07-24T22:02:38.257000+00:00,zipkin_reporter_spans_total,customers-service,10.42.0.186:8080,"{'__name__': 'zipkin_reporter_spans_total', 'instance': '10.42.0.186:8080', 'job': 'spring-petclinic'}",1199440,same_network,3,300
2026-07-24T22:02:37.828546+00:00,2026-07-24T22:02:38.257000+00:00,zipkin_reporter_spans_total,api-gateway,10.42.0.187:8080,"{'__name__': 'zipkin_reporter_spans_total', 'instance': '10.42.0.187:8080', 'job': 'spring-petclinic'}",4587411,same_network,3,300
2026-07-24T22:02:37.828546+00:00,2026-07-24T22:02:38.257000+00:00,zipkin_reporter_spans_total,visits-service,10.42.1.122:8080,"{'__name__': 'zipkin_reporter_spans_total', 'instance': '10.42.1.122:8080', 'job': 'spring-petclinic'}",294485,same_network,3,300
2026-07-24T22:02:37.828546+00:00,2026-07-24T22:02:38.257000+00:00,zipkin_reporter_spans_total,vets-service,10.42.1.123:8080,"{'__name__': 'zipkin_reporter_spans_total', 'instance': '10.42.1.123:8080', 'job': 'spring-petclinic'}",576962,same_network,3,300
2026-07-24T22:02:37.828546+00:00,2026-07-24T22:02:38.257000+00:00,zipkin_reporter_spans_total,vets-service,10.42.1.124:8080,"{'__name__': 'zipkin_reporter_spans_total', 'instance': '10.42.1.124:8080', 'job': 'spring-petclinic'}",588646,same_network,3,300
2026-07-24T22:02:37.828546+00:00,2026-07-24T22:02:38.257000+00:00,zipkin_reporter_spans_total,visits-service,10.42.1.125:8080,"{'__name__': 'zipkin_reporter_spans_total', 'instance': '10.42.1.125:8080', 'job': 'spring-petclinic'}",289300,same_network,3,300
2026-07-24T22:02:37.828546+00:00,2026-07-24T22:02:38.257000+00:00,zipkin_reporter_spans_total,customers-service,10.42.1.126:8080,"{'__name__': 'zipkin_reporter_spans_total', 'instance': '10.42.1.126:8080', 'job': 'spring-petclinic'}",1152494,same_network,3,300
2026-07-24T22:02:37.828546+00:00,2026-07-24T22:02:38.257000+00:00,zipkin_reporter_spans_total,api-gateway,10.42.1.129:8080,"{'__name__': 'zipkin_reporter_spans_total', 'instance': '10.42.1.129:8080', 'job': 'spring-petclinic'}",7081,same_network,3,300
2026-07-24T22:03:36.216559+00:00,2026-07-24T22:03:36.223000+00:00,process_cpu_usage,customers-service,10.42.0.186:8080,"{'__name__': 'process_cpu_usage', 'instance': '10.42.0.186:8080', 'job': 'spring-petclinic'}",0.06403605748788162,same_network,3,300
2026-07-24T22:03:36.216559+00:00,2026-07-24T22:03:36.223000+00:00,process_cpu_usage,api-gateway,10.42.0.187:8080,"{'__name__': 'process_cpu_usage', 'instance': '10.42.0.187:8080', 'job': 'spring-petclinic'}",0.08617761929020207,same_network,3,300
2026-07-24T22:03:36.216559+00:00,2026-07-24T22:03:36.223000+00:00,process_cpu_usage,visits-service,10.42.1.122:8080,"{'__name__': 'process_cpu_usage', 'instance': '10.42.1.122:8080', 'job': 'spring-petclinic'}",0.009077155824508321,same_network,3,300
2026-07-24T22:03:36.216559+00:00,2026-07-24T22:03:36.223000+00:00,process_cpu_usage,vets-service,10.42.1.123:8080,"{'__name__': 'process_cpu_usage', 'instance': '10.42.1.123:8080', 'job': 'spring-petclinic'}",0.021856192587899906,same_network,3,300
2026-07-24T22:03:36.216559+00:00,2026-07-24T22:03:36.223000+00:00,process_cpu_usage,vets-service,10.42.1.124:8080,"{'__name__': 'process_cpu_usage', 'instance': '10.42.1.124:8080', 'job': 'spring-petclinic'}",0.018308282699072594,same_network,3,300
2026-07-24T22:03:36.216559+00:00,2026-07-24T22:03:36.223000+00:00,process_cpu_usage,visits-service,10.42.1.125:8080,"{'__name__': 'process_cpu_usage', 'instance': '10.42.1.125:8080', 'job': 'spring-petclinic'}",0.010434224255558231,same_network,3,300
2026-07-24T22:03:36.216559+00:00,2026-07-24T22:03:36.223000+00:00,process_cpu_usage,customers-service,10.42.1.126:8080,"{'__name__': 'process_cpu_usage', 'instance': '10.42.1.126:8080', 'job': 'spring-petclinic'}",0.043753505889895024,same_network,3,300
2026-07-24T22:03:36.216559+00:00,2026-07-24T22:03:36.223000+00:00,process_cpu_usage,api-gateway,10.42.1.129:8080,"{'__name__': 'process_cpu_usage', 'instance': '10.42.1.129:8080', 'job': 'spring-petclinic'}",0.052077518143392613,same_network,3,300
2026-07-24T22:03:36.216559+00:00,2026-07-24T22:03:36.227000+00:00,system_cpu_usage,customers-service,10.42.0.186:8080,"{'__name__': 'system_cpu_usage', 'instance': '10.42.0.186:8080', 'job': 'spring-petclinic'}",0.06398085196837004,same_network,3,300
2026-07-24T22:03:36.216559+00:00,2026-07-24T22:03:36.227000+00:00,system_cpu_usage,api-gateway,10.42.0.187:8080,"{'__name__': 'system_cpu_usage', 'instance': '10.42.0.187:8080', 'job': 'spring-petclinic'}",0.08618882567716736,same_network,3,300
2026-07-24T22:03:36.216559+00:00,2026-07-24T22:03:36.227000+00:00,system_cpu_usage,visits-service,10.42.1.122:8080,"{'__name__': 'system_cpu_usage', 'instance': '10.42.1.122:8080', 'job': 'spring-petclinic'}",0.009163703320328051,same_network,3,300
2026-07-24T22:03:36.216559+00:00,2026-07-24T22:03:36.227000+00:00,system_cpu_usage,vets-service,10.42.1.123:8080,"{'__name__': 'system_cpu_usage', 'instance': '10.42.1.123:8080', 'job': 'spring-petclinic'}",0.02180351837187203,same_network,3,300
2026-07-24T22:03:36.216559+00:00,2026-07-24T22:03:36.227000+00:00,system_cpu_usage,vets-service,10.42.1.124:8080,"{'__name__': 'system_cpu_usage', 'instance': '10.42.1.124:8080', 'job': 'spring-petclinic'}",0.01833821074512312,same_network,3,300
2026-07-24T22:03:36.216559+00:00,2026-07-24T22:03:36.227000+00:00,system_cpu_usage,visits-service,10.42.1.125:8080,"{'__name__': 'system_cpu_usage', 'instance': '10.42.1.125:8080', 'job': 'spring-petclinic'}",0.01038792583079146,same_network,3,300
2026-07-24T22:03:36.216559+00:00,2026-07-24T22:03:36.227000+00:00,system_cpu_usage,customers-service,10.42.1.126:8080,"{'__name__': 'system_cpu_usage', 'instance': '10.42.1.126:8080', 'job': 'spring-petclinic'}",0.04369512781472874,same_network,3,300
2026-07-24T22:03:36.216559+00:00,2026-07-24T22:03:36.227000+00:00,system_cpu_usage,api-gateway,10.42.1.129:8080,"{'__name__': 'system_cpu_usage', 'instance': '10.42.1.129:8080', 'job': 'spring-petclinic'}",0.05210689105120434,same_network,3,300
2026-07-24T22:03:36.216559+00:00,2026-07-24T22:03:36.234000+00:00,process_uptime_seconds,customers-service,10.42.0.186:8080,"{'__name__': 'process_uptime_seconds', 'instance': '10.42.0.186:8080', 'job': 'spring-petclinic'}",13003.166,same_network,3,300
2026-07-24T22:03:36.216559+00:00,2026-07-24T22:03:36.234000+00:00,process_uptime_seconds,api-gateway,10.42.0.187:8080,"{'__name__': 'process_uptime_seconds', 'instance': '10.42.0.187:8080', 'job': 'spring-petclinic'}",12999.05,same_network,3,300
2026-07-24T22:03:36.216559+00:00,2026-07-24T22:03:36.234000+00:00,process_uptime_seconds,visits-service,10.42.1.122:8080,"{'__name__': 'process_uptime_seconds', 'instance': '10.42.1.122:8080', 'job': 'spring-petclinic'}",17173.203,same_network,3,300
2026-07-24T22:03:36.216559+00:00,2026-07-24T22:03:36.234000+00:00,process_uptime_seconds,vets-service,10.42.1.123:8080,"{'__name__': 'process_uptime_seconds', 'instance': '10.42.1.123:8080', 'job': 'spring-petclinic'}",17174.5,same_network,3,300
2026-07-24T22:03:36.216559+00:00,2026-07-24T22:03:36.234000+00:00,process_uptime_seconds,vets-service,10.42.1.124:8080,"{'__name__': 'process_uptime_seconds', 'instance': '10.42.1.124:8080', 'job': 'spring-petclinic'}",17041.955,same_network,3,300
2026-07-24T22:03:36.216559+00:00,2026-07-24T22:03:36.234000+00:00,process_uptime_seconds,visits-service,10.42.1.125:8080,"{'__name__': 'process_uptime_seconds', 'instance': '10.42.1.125:8080', 'job': 'spring-petclinic'}",17032.598,same_network,3,300
2026-07-24T22:03:36.216559+00:00,2026-07-24T22:03:36.234000+00:00,process_uptime_seconds,customers-service,10.42.1.126:8080,"{'__name__': 'process_uptime_seconds', 'instance': '10.42.1.126:8080', 'job': 'spring-petclinic'}",16975.93,same_network,3,300
2026-07-24T22:03:36.216559+00:00,2026-07-24T22:03:36.234000+00:00,process_uptime_seconds,api-gateway,10.42.1.129:8080,"{'__name__': 'process_uptime_seconds', 'instance': '10.42.1.129:8080', 'job': 'spring-petclinic'}",273.824,same_network,3,300
2026-07-24T22:03:36.216559+00:00,2026-07-24T22:03:36.241000+00:00,system_load_average_1m,customers-service,10.42.0.186:8080,"{'__name__': 'system_load_average_1m', 'instance': '10.42.0.186:8080', 'job': 'spring-petclinic'}",3.15771484375,same_network,3,300
2026-07-24T22:03:36.216559+00:00,2026-07-24T22:03:36.241000+00:00,system_load_average_1m,api-gateway,10.42.0.187:8080,"{'__name__': 'system_load_average_1m', 'instance': '10.42.0.187:8080', 'job': 'spring-petclinic'}",3.15771484375,same_network,3,300
2026-07-24T22:03:36.216559+00:00,2026-07-24T22:03:36.241000+00:00,system_load_average_1m,visits-service,10.42.1.122:8080,"{'__name__': 'system_load_average_1m', 'instance': '10.42.1.122:8080', 'job': 'spring-petclinic'}",3.13623046875,same_network,3,300
2026-07-24T22:03:36.216559+00:00,2026-07-24T22:03:36.241000+00:00,system_load_average_1m,vets-service,10.42.1.123:8080,"{'__name__': 'system_load_average_1m', 'instance': '10.42.1.123:8080', 'job': 'spring-petclinic'}",3.13623046875,same_network,3,300
2026-07-24T22:03:36.216559+00:00,2026-07-24T22:03:36.241000+00:00,system_load_average_1m,vets-service,10.42.1.124:8080,"{'__name__': 'system_load_average_1m', 'instance': '10.42.1.124:8080', 'job': 'spring-petclinic'}",3.40966796875,same_network,3,300
2026-07-24T22:03:36.216559+00:00,2026-07-24T22:03:36.241000+00:00,system_load_average_1m,visits-service,10.42.1.125:8080,"{'__name__': 'system_load_average_1m', 'instance': '10.42.1.125:8080', 'job': 'spring-petclinic'}",3.40966796875,same_network,3,300
2026-07-24T22:03:36.216559+00:00,2026-07-24T22:03:36.241000+00:00,system_load_average_1m,customers-service,10.42.1.126:8080,"{'__name__': 'system_load_average_1m', 'instance': '10.42.1.126:8080', 'job': 'spring-petclinic'}",3.40966796875,same_network,3,300
2026-07-24T22:03:36.216559+00:00,2026-07-24T22:03:36.241000+00:00,system_load_average_1m,api-gateway,10.42.1.129:8080,"{'__name__': 'system_load_average_1m', 'instance': '10.42.1.129:8080', 'job': 'spring-petclinic'}",3.40966796875,same_network,3,300
2026-07-24T22:03:36.216559+00:00,2026-07-24T22:03:36.246000+00:00,jvm_memory_used_bytes,api-gateway,10.42.0.187:8080,"{'__name__': 'jvm_memory_used_bytes', 'area': 'heap', 'id': 'Eden Space', 'instance': '10.42.0.187:8080', 'job': 'spring-petclinic'}",13515008,same_network,3,300
2026-07-24T22:03:36.216559+00:00,2026-07-24T22:03:36.246000+00:00,jvm_memory_used_bytes,api-gateway,10.42.1.129:8080,"{'__name__': 'jvm_memory_used_bytes', 'area': 'heap', 'id': 'Eden Space', 'instance': '10.42.1.129:8080', 'job': 'spring-petclinic'}",4659840,same_network,3,300
2026-07-24T22:03:36.216559+00:00,2026-07-24T22:03:36.246000+00:00,jvm_memory_used_bytes,customers-service,10.42.0.186:8080,"{'__name__': 'jvm_memory_used_bytes', 'area': 'heap', 'id': 'G1 Eden Space', 'instance': '10.42.0.186:8080', 'job': 'spring-petclinic'}",4194304,same_network,3,300
2026-07-24T22:03:36.216559+00:00,2026-07-24T22:03:36.246000+00:00,jvm_memory_used_bytes,visits-service,10.42.1.122:8080,"{'__name__': 'jvm_memory_used_bytes', 'area': 'heap', 'id': 'G1 Eden Space', 'instance': '10.42.1.122:8080', 'job': 'spring-petclinic'}",100663296,same_network,3,300
2026-07-24T22:03:36.216559+00:00,2026-07-24T22:03:36.246000+00:00,jvm_memory_used_bytes,vets-service,10.42.1.123:8080,"{'__name__': 'jvm_memory_used_bytes', 'area': 'heap', 'id': 'G1 Eden Space', 'instance': '10.42.1.123:8080', 'job': 'spring-petclinic'}",167772160,same_network,3,300
2026-07-24T22:03:36.216559+00:00,2026-07-24T22:03:36.246000+00:00,jvm_memory_used_bytes,vets-service,10.42.1.124:8080,"{'__name__': 'jvm_memory_used_bytes', 'area': 'heap', 'id': 'G1 Eden Space', 'instance': '10.42.1.124:8080', 'job': 'spring-petclinic'}",0,same_network,3,300
2026-07-24T22:03:36.216559+00:00,2026-07-24T22:03:36.246000+00:00,jvm_memory_used_bytes,visits-service,10.42.1.125:8080,"{'__name__': 'jvm_memory_used_bytes', 'area': 'heap', 'id': 'G1 Eden Space', 'instance': '10.42.1.125:8080', 'job': 'spring-petclinic'}",109051904,same_network,3,300
2026-07-24T22:03:36.216559+00:00,2026-07-24T22:03:36.246000+00:00,jvm_memory_used_bytes,customers-service,10.42.1.126:8080,"{'__name__': 'jvm_memory_used_bytes', 'area': 'heap', 'id': 'G1 Eden Space', 'instance': '10.42.1.126:8080', 'job': 'spring-petclinic'}",96468992,same_network,3,300
2026-07-24T22:03:36.216559+00:00,2026-07-24T22:03:36.246000+00:00,jvm_memory_used_bytes,customers-service,10.42.0.186:8080,"{'__name__': 'jvm_memory_used_bytes', 'area': 'heap', 'id': 'G1 Old Gen', 'instance': '10.42.0.186:8080', 'job': 'spring-petclinic'}",166774784,same_network,3,300
2026-07-24T22:03:36.216559+00:00,2026-07-24T22:03:36.246000+00:00,jvm_memory_used_bytes,visits-service,10.42.1.122:8080,"{'__name__': 'jvm_memory_used_bytes', 'area': 'heap', 'id': 'G1 Old Gen', 'instance': '10.42.1.122:8080', 'job': 'spring-petclinic'}",70229504,same_network,3,300
2026-07-24T22:03:36.216559+00:00,2026-07-24T22:03:36.246000+00:00,jvm_memory_used_bytes,vets-service,10.42.1.123:8080,"{'__name__': 'jvm_memory_used_bytes', 'area': 'heap', 'id': 'G1 Old Gen', 'instance': '10.42.1.123:8080', 'job': 'spring-petclinic'}",95382528,same_network,3,300
2026-07-24T22:03:36.216559+00:00,2026-07-24T22:03:36.246000+00:00,jvm_memory_used_bytes,vets-service,10.42.1.124:8080,"{'__name__': 'jvm_memory_used_bytes', 'area': 'heap', 'id': 'G1 Old Gen', 'instance': '10.42.1.124:8080', 'job': 'spring-petclinic'}",115870208,same_network,3,300
2026-07-24T22:03:36.216559+00:00,2026-07-24T22:03:36.246000+00:00,jvm_memory_used_bytes,visits-service,10.42.1.125:8080,"{'__name__': 'jvm_memory_used_bytes', 'area': 'heap', 'id': 'G1 Old Gen', 'instance': '10.42.1.125:8080', 'job': 'spring-petclinic'}",86829568,same_network,3,300
2026-07-24T22:03:36.216559+00:00,2026-07-24T22:03:36.246000+00:00,jvm_memory_used_bytes,customers-service,10.42.1.126:8080,"{'__name__': 'jvm_memory_used_bytes', 'area': 'heap', 'id': 'G1 Old Gen', 'instance': '10.42.1.126:8080', 'job': 'spring-petclinic'}",115324928,same_network,3,300
2026-07-24T22:03:36.216559+00:00,2026-07-24T22:03:36.246000+00:00,jvm_memory_used_bytes,customers-service,10.42.0.186:8080,"{'__name__': 'jvm_memory_used_bytes', 'area': 'heap', 'id': 'G1 Survivor Space', 'instance': '10.42.0.186:8080', 'job': 'spring-petclinic'}",11600960,same_network,3,300
2026-07-24T22:03:36.216559+00:00,2026-07-24T22:03:36.246000+00:00,jvm_memory_used_bytes,visits-service,10.42.1.122:8080,"{'__name__': 'jvm_memory_used_bytes', 'area': 'heap', 'id': 'G1 Survivor Space', 'instance': '10.42.1.122:8080', 'job': 'spring-petclinic'}",14167312,same_network,3,300
2026-07-24T22:03:36.216559+00:00,2026-07-24T22:03:36.246000+00:00,jvm_memory_used_bytes,vets-service,10.42.1.123:8080,"{'__name__': 'jvm_memory_used_bytes', 'area': 'heap', 'id': 'G1 Survivor Space', 'instance': '10.42.1.123:8080', 'job': 'spring-petclinic'}",9459248,same_network,3,300
2026-07-24T22:03:36.216559+00:00,2026-07-24T22:03:36.246000+00:00,jvm_memory_used_bytes,vets-service,10.42.1.124:8080,"{'__name__': 'jvm_memory_used_bytes', 'area': 'heap', 'id': 'G1 Survivor Space', 'instance': '10.42.1.124:8080', 'job': 'spring-petclinic'}",8388608,same_network,3,300
2026-07-24T22:03:36.216559+00:00,2026-07-24T22:03:36.246000+00:00,jvm_memory_used_bytes,visits-service,10.42.1.125:8080,"{'__name__': 'jvm_memory_used_bytes', 'area': 'heap', 'id': 'G1 Survivor Space', 'instance': '10.42.1.125:8080', 'job': 'spring-petclinic'}",8318864,same_network,3,300
2026-07-24T22:03:36.216559+00:00,2026-07-24T22:03:36.246000+00:00,jvm_memory_used_bytes,customers-service,10.42.1.126:8080,"{'__name__': 'jvm_memory_used_bytes', 'area': 'heap', 'id': 'G1 Survivor Space', 'instance': '10.42.1.126:8080', 'job': 'spring-petclinic'}",11991688,same_network,3,300
2026-07-24T22:03:36.216559+00:00,2026-07-24T22:03:36.246000+00:00,jvm_memory_used_bytes,api-gateway,10.42.0.187:8080,"{'__name__': 'jvm_memory_used_bytes', 'area': 'heap', 'id': 'Survivor Space', 'instance': '10.42.0.187:8080', 'job': 'spring-petclinic'}",4672688,same_network,3,300
2026-07-24T22:03:36.216559+00:00,2026-07-24T22:03:36.246000+00:00,jvm_memory_used_bytes,api-gateway,10.42.1.129:8080,"{'__name__': 'jvm_memory_used_bytes', 'area': 'heap', 'id': 'Survivor Space', 'instance': '10.42.1.129:8080', 'job': 'spring-petclinic'}",2140424,same_network,3,300
2026-07-24T22:03:36.216559+00:00,2026-07-24T22:03:36.246000+00:00,jvm_memory_used_bytes,api-gateway,10.42.0.187:8080,"{'__name__': 'jvm_memory_used_bytes', 'area': 'heap', 'id': 'Tenured Gen', 'instance': '10.42.0.187:8080', 'job': 'spring-petclinic'}",56783840,same_network,3,300
2026-07-24T22:03:36.216559+00:00,2026-07-24T22:03:36.246000+00:00,jvm_memory_used_bytes,api-gateway,10.42.1.129:8080,"{'__name__': 'jvm_memory_used_bytes', 'area': 'heap', 'id': 'Tenured Gen', 'instance': '10.42.1.129:8080', 'job': 'spring-petclinic'}",48089504,same_network,3,300
2026-07-24T22:03:36.216559+00:00,2026-07-24T22:03:36.246000+00:00,jvm_memory_used_bytes,customers-service,10.42.0.186:8080,"{'__name__': 'jvm_memory_used_bytes', 'area': 'nonheap', 'id': ""CodeHeap 'non-nmethods'"", 'instance': '10.42.0.186:8080', 'job': 'spring-petclinic'}",1417344,same_network,3,300
2026-07-24T22:03:36.216559+00:00,2026-07-24T22:03:36.246000+00:00,jvm_memory_used_bytes,api-gateway,10.42.0.187:8080,"{'__name__': 'jvm_memory_used_bytes', 'area': 'nonheap', 'id': ""CodeHeap 'non-nmethods'"", 'instance': '10.42.0.187:8080', 'job': 'spring-petclinic'}",1391744,same_network,3,300
2026-07-24T22:03:36.216559+00:00,2026-07-24T22:03:36.246000+00:00,jvm_memory_used_bytes,visits-service,10.42.1.122:8080,"{'__name__': 'jvm_memory_used_bytes', 'area': 'nonheap', 'id': ""CodeHeap 'non-nmethods'"", 'instance': '10.42.1.122:8080', 'job': 'spring-petclinic'}",1408384,same_network,3,300
2026-07-24T22:03:36.216559+00:00,2026-07-24T22:03:36.246000+00:00,jvm_memory_used_bytes,vets-service,10.42.1.123:8080,"{'__name__': 'jvm_memory_used_bytes', 'area': 'nonheap', 'id': ""CodeHeap 'non-nmethods'"", 'instance': '10.42.1.123:8080', 'job': 'spring-petclinic'}",1421312,same_network,3,300
2026-07-24T22:03:36.216559+00:00,2026-07-24T22:03:36.246000+00:00,jvm_memory_used_bytes,vets-service,10.42.1.124:8080,"{'__name__': 'jvm_memory_used_bytes', 'area': 'nonheap', 'id': ""CodeHeap 'non-nmethods'"", 'instance': '10.42.1.124:8080', 'job': 'spring-petclinic'}",1421184,same_network,3,300
2026-07-24T22:03:36.216559+00:00,2026-07-24T22:03:36.246000+00:00,jvm_memory_used_bytes,visits-service,10.42.1.125:8080,"{'__name__': 'jvm_memory_used_bytes', 'area': 'nonheap', 'id': ""CodeHeap 'non-nmethods'"", 'instance': '10.42.1.125:8080', 'job': 'spring-petclinic'}",1406592,same_network,3,300
2026-07-24T22:03:36.216559+00:00,2026-07-24T22:03:36.246000+00:00,jvm_memory_used_bytes,customers-service,10.42.1.126:8080,"{'__name__': 'jvm_memory_used_bytes', 'area': 'nonheap', 'id': ""CodeHeap 'non-nmethods'"", 'instance': '10.42.1.126:8080', 'job': 'spring-petclinic'}",1419136,same_network,3,300
2026-07-24T22:03:36.216559+00:00,2026-07-24T22:03:36.246000+00:00,jvm_memory_used_bytes,api-gateway,10.42.1.129:8080,"{'__name__': 'jvm_memory_used_bytes', 'area': 'nonheap', 'id': ""CodeHeap 'non-nmethods'"", 'instance': '10.42.1.129:8080', 'job': 'spring-petclinic'}",1390464,same_network,3,300
2026-07-24T22:03:36.216559+00:00,2026-07-24T22:03:36.246000+00:00,jvm_memory_used_bytes,customers-service,10.42.0.186:8080,"{'__name__': 'jvm_memory_used_bytes', 'area': 'nonheap', 'id': ""CodeHeap 'non-profiled nmethods'"", 'instance': '10.42.0.186:8080', 'job': 'spring-petclinic'}",20762240,same_network,3,300
2026-07-24T22:03:36.216559+00:00,2026-07-24T22:03:36.246000+00:00,jvm_memory_used_bytes,api-gateway,10.42.0.187:8080,"{'__name__': 'jvm_memory_used_bytes', 'area': 'nonheap', 'id': ""CodeHeap 'non-profiled nmethods'"", 'instance': '10.42.0.187:8080', 'job': 'spring-petclinic'}",18129024,same_network,3,300
2026-07-24T22:03:36.216559+00:00,2026-07-24T22:03:36.246000+00:00,jvm_memory_used_bytes,visits-service,10.42.1.122:8080,"{'__name__': 'jvm_memory_used_bytes', 'area': 'nonheap', 'id': ""CodeHeap 'non-profiled nmethods'"", 'instance': '10.42.1.122:8080', 'job': 'spring-petclinic'}",17477504,same_network,3,300
2026-07-24T22:03:36.216559+00:00,2026-07-24T22:03:36.246000+00:00,jvm_memory_used_bytes,vets-service,10.42.1.123:8080,"{'__name__': 'jvm_memory_used_bytes', 'area': 'nonheap', 'id': ""CodeHeap 'non-profiled nmethods'"", 'instance': '10.42.1.123:8080', 'job': 'spring-petclinic'}",18950784,same_network,3,300
2026-07-24T22:03:36.216559+00:00,2026-07-24T22:03:36.246000+00:00,jvm_memory_used_bytes,vets-service,10.42.1.124:8080,"{'__name__': 'jvm_memory_used_bytes', 'area': 'nonheap', 'id': ""CodeHeap 'non-profiled nmethods'"", 'instance': '10.42.1.124:8080', 'job': 'spring-petclinic'}",19862912,same_network,3,300
2026-07-24T22:03:36.216559+00:00,2026-07-24T22:03:36.246000+00:00,jvm_memory_used_bytes,visits-service,10.42.1.125:8080,"{'__name__': 'jvm_memory_used_bytes', 'area': 'nonheap', 'id': ""CodeHeap 'non-profiled nmethods'"", 'instance': '10.42.1.125:8080', 'job': 'spring-petclinic'}",17034112,same_network,3,300
2026-07-24T22:03:36.216559+00:00,2026-07-24T22:03:36.246000+00:00,jvm_memory_used_bytes,customers-service,10.42.1.126:8080,"{'__name__': 'jvm_memory_used_bytes', 'area': 'nonheap', 'id': ""CodeHeap 'non-profiled nmethods'"", 'instance': '10.42.1.126:8080', 'job': 'spring-petclinic'}",20677248,same_network,3,300
2026-07-24T22:03:36.216559+00:00,2026-07-24T22:03:36.246000+00:00,jvm_memory_used_bytes,api-gateway,10.42.1.129:8080,"{'__name__': 'jvm_memory_used_bytes', 'area': 'nonheap', 'id': ""CodeHeap 'non-profiled nmethods'"", 'instance': '10.42.1.129:8080', 'job': 'spring-petclinic'}",12362880,same_network,3,300
2026-07-24T22:03:36.216559+00:00,2026-07-24T22:03:36.246000+00:00,jvm_memory_used_bytes,customers-service,10.42.0.186:8080,"{'__name__': 'jvm_memory_used_bytes', 'area': 'nonheap', 'id': ""CodeHeap 'profiled nmethods'"", 'instance': '10.42.0.186:8080', 'job': 'spring-petclinic'}",23045376,same_network,3,300
2026-07-24T22:03:36.216559+00:00,2026-07-24T22:03:36.246000+00:00,jvm_memory_used_bytes,api-gateway,10.42.0.187:8080,"{'__name__': 'jvm_memory_used_bytes', 'area': 'nonheap', 'id': ""CodeHeap 'profiled nmethods'"", 'instance': '10.42.0.187:8080', 'job': 'spring-petclinic'}",23370880,same_network,3,300
2026-07-24T22:03:36.216559+00:00,2026-07-24T22:03:36.246000+00:00,jvm_memory_used_bytes,visits-service,10.42.1.122:8080,"{'__name__': 'jvm_memory_used_bytes', 'area': 'nonheap', 'id': ""CodeHeap 'profiled nmethods'"", 'instance': '10.42.1.122:8080', 'job': 'spring-petclinic'}",22336384,same_network,3,300
2026-07-24T22:03:36.216559+00:00,2026-07-24T22:03:36.246000+00:00,jvm_memory_used_bytes,vets-service,10.42.1.123:8080,"{'__name__': 'jvm_memory_used_bytes', 'area': 'nonheap', 'id': ""CodeHeap 'profiled nmethods'"", 'instance': '10.42.1.123:8080', 'job': 'spring-petclinic'}",24183040,same_network,3,300
2026-07-24T22:03:36.216559+00:00,2026-07-24T22:03:36.246000+00:00,jvm_memory_used_bytes,vets-service,10.42.1.124:8080,"{'__name__': 'jvm_memory_used_bytes', 'area': 'nonheap', 'id': ""CodeHeap 'profiled nmethods'"", 'instance': '10.42.1.124:8080', 'job': 'spring-petclinic'}",24022784,same_network,3,300
2026-07-24T22:03:36.216559+00:00,2026-07-24T22:03:36.246000+00:00,jvm_memory_used_bytes,visits-service,10.42.1.125:8080,"{'__name__': 'jvm_memory_used_bytes', 'area': 'nonheap', 'id': ""CodeHeap 'profiled nmethods'"", 'instance': '10.42.1.125:8080', 'job': 'spring-petclinic'}",21801344,same_network,3,300
2026-07-24T22:03:36.216559+00:00,2026-07-24T22:03:36.246000+00:00,jvm_memory_used_bytes,customers-service,10.42.1.126:8080,"{'__name__': 'jvm_memory_used_bytes', 'area': 'nonheap', 'id': ""CodeHeap 'profiled nmethods'"", 'instance': '10.42.1.126:8080', 'job': 'spring-petclinic'}",25359872,same_network,3,300
2026-07-24T22:03:36.216559+00:00,2026-07-24T22:03:36.246000+00:00,jvm_memory_used_bytes,api-gateway,10.42.1.129:8080,"{'__name__': 'jvm_memory_used_bytes', 'area': 'nonheap', 'id': ""CodeHeap 'profiled nmethods'"", 'instance': '10.42.1.129:8080', 'job': 'spring-petclinic'}",19553536,same_network,3,300
2026-07-24T22:03:36.216559+00:00,2026-07-24T22:03:36.246000+00:00,jvm_memory_used_bytes,customers-service,10.42.0.186:8080,"{'__name__': 'jvm_memory_used_bytes', 'area': 'nonheap', 'id': 'Compressed Class Space', 'instance': '10.42.0.186:8080', 'job': 'spring-petclinic'}",11546560,same_network,3,300
2026-07-24T22:03:36.216559+00:00,2026-07-24T22:03:36.246000+00:00,jvm_memory_used_bytes,api-gateway,10.42.0.187:8080,"{'__name__': 'jvm_memory_used_bytes', 'area': 'nonheap', 'id': 'Compressed Class Space', 'instance': '10.42.0.187:8080', 'job': 'spring-petclinic'}",9088144,same_network,3,300
2026-07-24T22:03:36.216559+00:00,2026-07-24T22:03:36.246000+00:00,jvm_memory_used_bytes,visits-service,10.42.1.122:8080,"{'__name__': 'jvm_memory_used_bytes', 'area': 'nonheap', 'id': 'Compressed Class Space', 'instance': '10.42.1.122:8080', 'job': 'spring-petclinic'}",11336592,same_network,3,300
2026-07-24T22:03:36.216559+00:00,2026-07-24T22:03:36.246000+00:00,jvm_memory_used_bytes,vets-service,10.42.1.123:8080,"{'__name__': 'jvm_memory_used_bytes', 'area': 'nonheap', 'id': 'Compressed Class Space', 'instance': '10.42.1.123:8080', 'job': 'spring-petclinic'}",11433560,same_network,3,300
2026-07-24T22:03:36.216559+00:00,2026-07-24T22:03:36.246000+00:00,jvm_memory_used_bytes,vets-service,10.42.1.124:8080,"{'__name__': 'jvm_memory_used_bytes', 'area': 'nonheap', 'id': 'Compressed Class Space', 'instance': '10.42.1.124:8080', 'job': 'spring-petclinic'}",11416720,same_network,3,300
2026-07-24T22:03:36.216559+00:00,2026-07-24T22:03:36.246000+00:00,jvm_memory_used_bytes,visits-service,10.42.1.125:8080,"{'__name__': 'jvm_memory_used_bytes', 'area': 'nonheap', 'id': 'Compressed Class Space', 'instance': '10.42.1.125:8080', 'job': 'spring-petclinic'}",11356112,same_network,3,300
2026-07-24T22:03:36.216559+00:00,2026-07-24T22:03:36.246000+00:00,jvm_memory_used_bytes,customers-service,10.42.1.126:8080,"{'__name__': 'jvm_memory_used_bytes', 'area': 'nonheap', 'id': 'Compressed Class Space', 'instance': '10.42.1.126:8080', 'job': 'spring-petclinic'}",11512648,same_network,3,300
2026-07-24T22:03:36.216559+00:00,2026-07-24T22:03:36.246000+00:00,jvm_memory_used_bytes,api-gateway,10.42.1.129:8080,"{'__name__': 'jvm_memory_used_bytes', 'area': 'nonheap', 'id': 'Compressed Class Space', 'instance': '10.42.1.129:8080', 'job': 'spring-petclinic'}",9069296,same_network,3,300
2026-07-24T22:03:36.216559+00:00,2026-07-24T22:03:36.246000+00:00,jvm_memory_used_bytes,customers-service,10.42.0.186:8080,"{'__name__': 'jvm_memory_used_bytes', 'area': 'nonheap', 'id': 'Metaspace', 'instance': '10.42.0.186:8080', 'job': 'spring-petclinic'}",90995672,same_network,3,300
2026-07-24T22:03:36.216559+00:00,2026-07-24T22:03:36.246000+00:00,jvm_memory_used_bytes,api-gateway,10.42.0.187:8080,"{'__name__': 'jvm_memory_used_bytes', 'area': 'nonheap', 'id': 'Metaspace', 'instance': '10.42.0.187:8080', 'job': 'spring-petclinic'}",73692024,same_network,3,300
2026-07-24T22:03:36.216559+00:00,2026-07-24T22:03:36.246000+00:00,jvm_memory_used_bytes,visits-service,10.42.1.122:8080,"{'__name__': 'jvm_memory_used_bytes', 'area': 'nonheap', 'id': 'Metaspace', 'instance': '10.42.1.122:8080', 'job': 'spring-petclinic'}",89060832,same_network,3,300
2026-07-24T22:03:36.216559+00:00,2026-07-24T22:03:36.246000+00:00,jvm_memory_used_bytes,vets-service,10.42.1.123:8080,"{'__name__': 'jvm_memory_used_bytes', 'area': 'nonheap', 'id': 'Metaspace', 'instance': '10.42.1.123:8080', 'job': 'spring-petclinic'}",90168232,same_network,3,300
2026-07-24T22:03:36.216559+00:00,2026-07-24T22:03:36.246000+00:00,jvm_memory_used_bytes,vets-service,10.42.1.124:8080,"{'__name__': 'jvm_memory_used_bytes', 'area': 'nonheap', 'id': 'Metaspace', 'instance': '10.42.1.124:8080', 'job': 'spring-petclinic'}",90355096,same_network,3,300
2026-07-24T22:03:36.216559+00:00,2026-07-24T22:03:36.246000+00:00,jvm_memory_used_bytes,visits-service,10.42.1.125:8080,"{'__name__': 'jvm_memory_used_bytes', 'area': 'nonheap', 'id': 'Metaspace', 'instance': '10.42.1.125:8080', 'job': 'spring-petclinic'}",89128592,same_network,3,300
2026-07-24T22:03:36.216559+00:00,2026-07-24T22:03:36.246000+00:00,jvm_memory_used_bytes,customers-service,10.42.1.126:8080,"{'__name__': 'jvm_memory_used_bytes', 'area': 'nonheap', 'id': 'Metaspace', 'instance': '10.42.1.126:8080', 'job': 'spring-petclinic'}",90860440,same_network,3,300
2026-07-24T22:03:36.216559+00:00,2026-07-24T22:03:36.246000+00:00,jvm_memory_used_bytes,api-gateway,10.42.1.129:8080,"{'__name__': 'jvm_memory_used_bytes', 'area': 'nonheap', 'id': 'Metaspace', 'instance': '10.42.1.129:8080', 'job': 'spring-petclinic'}",71563232,same_network,3,300
2026-07-24T22:03:36.216559+00:00,2026-07-24T22:03:36.253000+00:00,jvm_memory_committed_bytes,api-gateway,10.42.0.187:8080,"{'__name__': 'jvm_memory_committed_bytes', 'area': 'heap', 'id': 'Eden Space', 'instance': '10.42.0.187:8080', 'job': 'spring-petclinic'}",71630848,same_network,3,300
2026-07-24T22:03:36.216559+00:00,2026-07-24T22:03:36.253000+00:00,jvm_memory_committed_bytes,api-gateway,10.42.1.129:8080,"{'__name__': 'jvm_memory_committed_bytes', 'area': 'heap', 'id': 'Eden Space', 'instance': '10.42.1.129:8080', 'job': 'spring-petclinic'}",35586048,same_network,3,300
2026-07-24T22:03:36.216559+00:00,2026-07-24T22:03:36.253000+00:00,jvm_memory_committed_bytes,customers-service,10.42.0.186:8080,"{'__name__': 'jvm_memory_committed_bytes', 'area': 'heap', 'id': 'G1 Eden Space', 'instance': '10.42.0.186:8080', 'job': 'spring-petclinic'}",226492416,same_network,3,300
2026-07-24T22:03:36.216559+00:00,2026-07-24T22:03:36.253000+00:00,jvm_memory_committed_bytes,visits-service,10.42.1.122:8080,"{'__name__': 'jvm_memory_committed_bytes', 'area': 'heap', 'id': 'G1 Eden Space', 'instance': '10.42.1.122:8080', 'job': 'spring-petclinic'}",230686720,same_network,3,300
2026-07-24T22:03:36.216559+00:00,2026-07-24T22:03:36.253000+00:00,jvm_memory_committed_bytes,vets-service,10.42.1.123:8080,"{'__name__': 'jvm_memory_committed_bytes', 'area': 'heap', 'id': 'G1 Eden Space', 'instance': '10.42.1.123:8080', 'job': 'spring-petclinic'}",289406976,same_network,3,300
2026-07-24T22:03:36.216559+00:00,2026-07-24T22:03:36.253000+00:00,jvm_memory_committed_bytes,vets-service,10.42.1.124:8080,"{'__name__': 'jvm_memory_committed_bytes', 'area': 'heap', 'id': 'G1 Eden Space', 'instance': '10.42.1.124:8080', 'job': 'spring-petclinic'}",134217728,same_network,3,300
2026-07-24T22:03:36.216559+00:00,2026-07-24T22:03:36.253000+00:00,jvm_memory_committed_bytes,visits-service,10.42.1.125:8080,"{'__name__': 'jvm_memory_committed_bytes', 'area': 'heap', 'id': 'G1 Eden Space', 'instance': '10.42.1.125:8080', 'job': 'spring-petclinic'}",121634816,same_network,3,300
2026-07-24T22:03:36.216559+00:00,2026-07-24T22:03:36.253000+00:00,jvm_memory_committed_bytes,customers-service,10.42.1.126:8080,"{'__name__': 'jvm_memory_committed_bytes', 'area': 'heap', 'id': 'G1 Eden Space', 'instance': '10.42.1.126:8080', 'job': 'spring-petclinic'}",373293056,same_network,3,300
2026-07-24T22:03:36.216559+00:00,2026-07-24T22:03:36.253000+00:00,jvm_memory_committed_bytes,customers-service,10.42.0.186:8080,"{'__name__': 'jvm_memory_committed_bytes', 'area': 'heap', 'id': 'G1 Old Gen', 'instance': '10.42.0.186:8080', 'job': 'spring-petclinic'}",218103808,same_network,3,300
2026-07-24T22:03:36.216559+00:00,2026-07-24T22:03:36.253000+00:00,jvm_memory_committed_bytes,visits-service,10.42.1.122:8080,"{'__name__': 'jvm_memory_committed_bytes', 'area': 'heap', 'id': 'G1 Old Gen', 'instance': '10.42.1.122:8080', 'job': 'spring-petclinic'}",146800640,same_network,3,300
2026-07-24T22:03:36.216559+00:00,2026-07-24T22:03:36.253000+00:00,jvm_memory_committed_bytes,vets-service,10.42.1.123:8080,"{'__name__': 'jvm_memory_committed_bytes', 'area': 'heap', 'id': 'G1 Old Gen', 'instance': '10.42.1.123:8080', 'job': 'spring-petclinic'}",176160768,same_network,3,300
2026-07-24T22:03:36.216559+00:00,2026-07-24T22:03:36.253000+00:00,jvm_memory_committed_bytes,vets-service,10.42.1.124:8080,"{'__name__': 'jvm_memory_committed_bytes', 'area': 'heap', 'id': 'G1 Old Gen', 'instance': '10.42.1.124:8080', 'job': 'spring-petclinic'}",159383552,same_network,3,300
2026-07-24T22:03:36.216559+00:00,2026-07-24T22:03:36.253000+00:00,jvm_memory_committed_bytes,visits-service,10.42.1.125:8080,"{'__name__': 'jvm_memory_committed_bytes', 'area': 'heap', 'id': 'G1 Old Gen', 'instance': '10.42.1.125:8080', 'job': 'spring-petclinic'}",121634816,same_network,3,300
2026-07-24T22:03:36.216559+00:00,2026-07-24T22:03:36.253000+00:00,jvm_memory_committed_bytes,customers-service,10.42.1.126:8080,"{'__name__': 'jvm_memory_committed_bytes', 'area': 'heap', 'id': 'G1 Old Gen', 'instance': '10.42.1.126:8080', 'job': 'spring-petclinic'}",222298112,same_network,3,300
2026-07-24T22:03:36.216559+00:00,2026-07-24T22:03:36.253000+00:00,jvm_memory_committed_bytes,customers-service,10.42.0.186:8080,"{'__name__': 'jvm_memory_committed_bytes', 'area': 'heap', 'id': 'G1 Survivor Space', 'instance': '10.42.0.186:8080', 'job': 'spring-petclinic'}",12582912,same_network,3,300
2026-07-24T22:03:36.216559+00:00,2026-07-24T22:03:36.253000+00:00,jvm_memory_committed_bytes,visits-service,10.42.1.122:8080,"{'__name__': 'jvm_memory_committed_bytes', 'area': 'heap', 'id': 'G1 Survivor Space', 'instance': '10.42.1.122:8080', 'job': 'spring-petclinic'}",16777216,same_network,3,300
2026-07-24T22:03:36.216559+00:00,2026-07-24T22:03:36.253000+00:00,jvm_memory_committed_bytes,vets-service,10.42.1.123:8080,"{'__name__': 'jvm_memory_committed_bytes', 'area': 'heap', 'id': 'G1 Survivor Space', 'instance': '10.42.1.123:8080', 'job': 'spring-petclinic'}",12582912,same_network,3,300
2026-07-24T22:03:36.216559+00:00,2026-07-24T22:03:36.253000+00:00,jvm_memory_committed_bytes,vets-service,10.42.1.124:8080,"{'__name__': 'jvm_memory_committed_bytes', 'area': 'heap', 'id': 'G1 Survivor Space', 'instance': '10.42.1.124:8080', 'job': 'spring-petclinic'}",8388608,same_network,3,300
2026-07-24T22:03:36.216559+00:00,2026-07-24T22:03:36.253000+00:00,jvm_memory_committed_bytes,visits-service,10.42.1.125:8080,"{'__name__': 'jvm_memory_committed_bytes', 'area': 'heap', 'id': 'G1 Survivor Space', 'instance': '10.42.1.125:8080', 'job': 'spring-petclinic'}",8388608,same_network,3,300
2026-07-24T22:03:36.216559+00:00,2026-07-24T22:03:36.253000+00:00,jvm_memory_committed_bytes,customers-service,10.42.1.126:8080,"{'__name__': 'jvm_memory_committed_bytes', 'area': 'heap', 'id': 'G1 Survivor Space', 'instance': '10.42.1.126:8080', 'job': 'spring-petclinic'}",12582912,same_network,3,300
2026-07-24T22:03:36.216559+00:00,2026-07-24T22:03:36.253000+00:00,jvm_memory_committed_bytes,api-gateway,10.42.0.187:8080,"{'__name__': 'jvm_memory_committed_bytes', 'area': 'heap', 'id': 'Survivor Space', 'instance': '10.42.0.187:8080', 'job': 'spring-petclinic'}",8912896,same_network,3,300
2026-07-24T22:03:36.216559+00:00,2026-07-24T22:03:36.253000+00:00,jvm_memory_committed_bytes,api-gateway,10.42.1.129:8080,"{'__name__': 'jvm_memory_committed_bytes', 'area': 'heap', 'id': 'Survivor Space', 'instance': '10.42.1.129:8080', 'job': 'spring-petclinic'}",4390912,same_network,3,300
2026-07-24T22:03:36.216559+00:00,2026-07-24T22:03:36.253000+00:00,jvm_memory_committed_bytes,api-gateway,10.42.0.187:8080,"{'__name__': 'jvm_memory_committed_bytes', 'area': 'heap', 'id': 'Tenured Gen', 'instance': '10.42.0.187:8080', 'job': 'spring-petclinic'}",178978816,same_network,3,300
2026-07-24T22:03:36.216559+00:00,2026-07-24T22:03:36.253000+00:00,jvm_memory_committed_bytes,api-gateway,10.42.1.129:8080,"{'__name__': 'jvm_memory_committed_bytes', 'area': 'heap', 'id': 'Tenured Gen', 'instance': '10.42.1.129:8080', 'job': 'spring-petclinic'}",88530944,same_network,3,300
2026-07-24T22:03:36.216559+00:00,2026-07-24T22:03:36.253000+00:00,jvm_memory_committed_bytes,customers-service,10.42.0.186:8080,"{'__name__': 'jvm_memory_committed_bytes', 'area': 'nonheap', 'id': ""CodeHeap 'non-nmethods'"", 'instance': '10.42.0.186:8080', 'job': 'spring-petclinic'}",2555904,same_network,3,300
2026-07-24T22:03:36.216559+00:00,2026-07-24T22:03:36.253000+00:00,jvm_memory_committed_bytes,api-gateway,10.42.0.187:8080,"{'__name__': 'jvm_memory_committed_bytes', 'area': 'nonheap', 'id': ""CodeHeap 'non-nmethods'"", 'instance': '10.42.0.187:8080', 'job': 'spring-petclinic'}",2555904,same_network,3,300
2026-07-24T22:03:36.216559+00:00,2026-07-24T22:03:36.253000+00:00,jvm_memory_committed_bytes,visits-service,10.42.1.122:8080,"{'__name__': 'jvm_memory_committed_bytes', 'area': 'nonheap', 'id': ""CodeHeap 'non-nmethods'"", 'instance': '10.42.1.122:8080', 'job': 'spring-petclinic'}",2555904,same_network,3,300
2026-07-24T22:03:36.216559+00:00,2026-07-24T22:03:36.253000+00:00,jvm_memory_committed_bytes,vets-service,10.42.1.123:8080,"{'__name__': 'jvm_memory_committed_bytes', 'area': 'nonheap', 'id': ""CodeHeap 'non-nmethods'"", 'instance': '10.42.1.123:8080', 'job': 'spring-petclinic'}",2555904,same_network,3,300
2026-07-24T22:03:36.216559+00:00,2026-07-24T22:03:36.253000+00:00,jvm_memory_committed_bytes,vets-service,10.42.1.124:8080,"{'__name__': 'jvm_memory_committed_bytes', 'area': 'nonheap', 'id': ""CodeHeap 'non-nmethods'"", 'instance': '10.42.1.124:8080', 'job': 'spring-petclinic'}",2555904,same_network,3,300
2026-07-24T22:03:36.216559+00:00,2026-07-24T22:03:36.253000+00:00,jvm_memory_committed_bytes,visits-service,10.42.1.125:8080,"{'__name__': 'jvm_memory_committed_bytes', 'area': 'nonheap', 'id': ""CodeHeap 'non-nmethods'"", 'instance': '10.42.1.125:8080', 'job': 'spring-petclinic'}",2555904,same_network,3,300
2026-07-24T22:03:36.216559+00:00,2026-07-24T22:03:36.253000+00:00,jvm_memory_committed_bytes,customers-service,10.42.1.126:8080,"{'__name__': 'jvm_memory_committed_bytes', 'area': 'nonheap', 'id': ""CodeHeap 'non-nmethods'"", 'instance': '10.42.1.126:8080', 'job': 'spring-petclinic'}",2555904,same_network,3,300
2026-07-24T22:03:36.216559+00:00,2026-07-24T22:03:36.253000+00:00,jvm_memory_committed_bytes,api-gateway,10.42.1.129:8080,"{'__name__': 'jvm_memory_committed_bytes', 'area': 'nonheap', 'id': ""CodeHeap 'non-nmethods'"", 'instance': '10.42.1.129:8080', 'job': 'spring-petclinic'}",2555904,same_network,3,300
2026-07-24T22:03:36.216559+00:00,2026-07-24T22:03:36.253000+00:00,jvm_memory_committed_bytes,customers-service,10.42.0.186:8080,"{'__name__': 'jvm_memory_committed_bytes', 'area': 'nonheap', 'id': ""CodeHeap 'non-profiled nmethods'"", 'instance': '10.42.0.186:8080', 'job': 'spring-petclinic'}",21561344,same_network,3,300
2026-07-24T22:03:36.216559+00:00,2026-07-24T22:03:36.253000+00:00,jvm_memory_committed_bytes,api-gateway,10.42.0.187:8080,"{'__name__': 'jvm_memory_committed_bytes', 'area': 'nonheap', 'id': ""CodeHeap 'non-profiled nmethods'"", 'instance': '10.42.0.187:8080', 'job': 'spring-petclinic'}",18808832,same_network,3,300
2026-07-24T22:03:36.216559+00:00,2026-07-24T22:03:36.253000+00:00,jvm_memory_committed_bytes,visits-service,10.42.1.122:8080,"{'__name__': 'jvm_memory_committed_bytes', 'area': 'nonheap', 'id': ""CodeHeap 'non-profiled nmethods'"", 'instance': '10.42.1.122:8080', 'job': 'spring-petclinic'}",17498112,same_network,3,300
2026-07-24T22:03:36.216559+00:00,2026-07-24T22:03:36.253000+00:00,jvm_memory_committed_bytes,vets-service,10.42.1.123:8080,"{'__name__': 'jvm_memory_committed_bytes', 'area': 'nonheap', 'id': ""CodeHeap 'non-profiled nmethods'"", 'instance': '10.42.1.123:8080', 'job': 'spring-petclinic'}",19005440,same_network,3,300
2026-07-24T22:03:36.216559+00:00,2026-07-24T22:03:36.253000+00:00,jvm_memory_committed_bytes,vets-service,10.42.1.124:8080,"{'__name__': 'jvm_memory_committed_bytes', 'area': 'nonheap', 'id': ""CodeHeap 'non-profiled nmethods'"", 'instance': '10.42.1.124:8080', 'job': 'spring-petclinic'}",19922944,same_network,3,300
2026-07-24T22:03:36.216559+00:00,2026-07-24T22:03:36.253000+00:00,jvm_memory_committed_bytes,visits-service,10.42.1.125:8080,"{'__name__': 'jvm_memory_committed_bytes', 'area': 'nonheap', 'id': ""CodeHeap 'non-profiled nmethods'"", 'instance': '10.42.1.125:8080', 'job': 'spring-petclinic'}",17039360,same_network,3,300
2026-07-24T22:03:36.216559+00:00,2026-07-24T22:03:36.253000+00:00,jvm_memory_committed_bytes,customers-service,10.42.1.126:8080,"{'__name__': 'jvm_memory_committed_bytes', 'area': 'nonheap', 'id': ""CodeHeap 'non-profiled nmethods'"", 'instance': '10.42.1.126:8080', 'job': 'spring-petclinic'}",20709376,same_network,3,300
2026-07-24T22:03:36.216559+00:00,2026-07-24T22:03:36.253000+00:00,jvm_memory_committed_bytes,api-gateway,10.42.1.129:8080,"{'__name__': 'jvm_memory_committed_bytes', 'area': 'nonheap', 'id': ""CodeHeap 'non-profiled nmethods'"", 'instance': '10.42.1.129:8080', 'job': 'spring-petclinic'}",12451840,same_network,3,300
2026-07-24T22:03:36.216559+00:00,2026-07-24T22:03:36.253000+00:00,jvm_memory_committed_bytes,customers-service,10.42.0.186:8080,"{'__name__': 'jvm_memory_committed_bytes', 'area': 'nonheap', 'id': ""CodeHeap 'profiled nmethods'"", 'instance': '10.42.0.186:8080', 'job': 'spring-petclinic'}",25493504,same_network,3,300
2026-07-24T22:03:36.216559+00:00,2026-07-24T22:03:36.253000+00:00,jvm_memory_committed_bytes,api-gateway,10.42.0.187:8080,"{'__name__': 'jvm_memory_committed_bytes', 'area': 'nonheap', 'id': ""CodeHeap 'profiled nmethods'"", 'instance': '10.42.0.187:8080', 'job': 'spring-petclinic'}",24313856,same_network,3,300
2026-07-24T22:03:36.216559+00:00,2026-07-24T22:03:36.253000+00:00,jvm_memory_committed_bytes,visits-service,10.42.1.122:8080,"{'__name__': 'jvm_memory_committed_bytes', 'area': 'nonheap', 'id': ""CodeHeap 'profiled nmethods'"", 'instance': '10.42.1.122:8080', 'job': 'spring-petclinic'}",24313856,same_network,3,300
2026-07-24T22:03:36.216559+00:00,2026-07-24T22:03:36.253000+00:00,jvm_memory_committed_bytes,vets-service,10.42.1.123:8080,"{'__name__': 'jvm_memory_committed_bytes', 'area': 'nonheap', 'id': ""CodeHeap 'profiled nmethods'"", 'instance': '10.42.1.123:8080', 'job': 'spring-petclinic'}",26214400,same_network,3,300
2026-07-24T22:03:36.216559+00:00,2026-07-24T22:03:36.253000+00:00,jvm_memory_committed_bytes,vets-service,10.42.1.124:8080,"{'__name__': 'jvm_memory_committed_bytes', 'area': 'nonheap', 'id': ""CodeHeap 'profiled nmethods'"", 'instance': '10.42.1.124:8080', 'job': 'spring-petclinic'}",26542080,same_network,3,300
2026-07-24T22:03:36.216559+00:00,2026-07-24T22:03:36.253000+00:00,jvm_memory_committed_bytes,visits-service,10.42.1.125:8080,"{'__name__': 'jvm_memory_committed_bytes', 'area': 'nonheap', 'id': ""CodeHeap 'profiled nmethods'"", 'instance': '10.42.1.125:8080', 'job': 'spring-petclinic'}",24182784,same_network,3,300
2026-07-24T22:03:36.216559+00:00,2026-07-24T22:03:36.253000+00:00,jvm_memory_committed_bytes,customers-service,10.42.1.126:8080,"{'__name__': 'jvm_memory_committed_bytes', 'area': 'nonheap', 'id': ""CodeHeap 'profiled nmethods'"", 'instance': '10.42.1.126:8080', 'job': 'spring-petclinic'}",26279936,same_network,3,300
2026-07-24T22:03:36.216559+00:00,2026-07-24T22:03:36.253000+00:00,jvm_memory_committed_bytes,api-gateway,10.42.1.129:8080,"{'__name__': 'jvm_memory_committed_bytes', 'area': 'nonheap', 'id': ""CodeHeap 'profiled nmethods'"", 'instance': '10.42.1.129:8080', 'job': 'spring-petclinic'}",23855104,same_network,3,300
2026-07-24T22:03:36.216559+00:00,2026-07-24T22:03:36.253000+00:00,jvm_memory_committed_bytes,customers-service,10.42.0.186:8080,"{'__name__': 'jvm_memory_committed_bytes', 'area': 'nonheap', 'id': 'Compressed Class Space', 'instance': '10.42.0.186:8080', 'job': 'spring-petclinic'}",11796480,same_network,3,300
2026-07-24T22:03:36.216559+00:00,2026-07-24T22:03:36.253000+00:00,jvm_memory_committed_bytes,api-gateway,10.42.0.187:8080,"{'__name__': 'jvm_memory_committed_bytes', 'area': 'nonheap', 'id': 'Compressed Class Space', 'instance': '10.42.0.187:8080', 'job': 'spring-petclinic'}",9306112,same_network,3,300
2026-07-24T22:03:36.216559+00:00,2026-07-24T22:03:36.253000+00:00,jvm_memory_committed_bytes,visits-service,10.42.1.122:8080,"{'__name__': 'jvm_memory_committed_bytes', 'area': 'nonheap', 'id': 'Compressed Class Space', 'instance': '10.42.1.122:8080', 'job': 'spring-petclinic'}",11599872,same_network,3,300
2026-07-24T22:03:36.216559+00:00,2026-07-24T22:03:36.253000+00:00,jvm_memory_committed_bytes,vets-service,10.42.1.123:8080,"{'__name__': 'jvm_memory_committed_bytes', 'area': 'nonheap', 'id': 'Compressed Class Space', 'instance': '10.42.1.123:8080', 'job': 'spring-petclinic'}",11665408,same_network,3,300
2026-07-24T22:03:36.216559+00:00,2026-07-24T22:03:36.253000+00:00,jvm_memory_committed_bytes,vets-service,10.42.1.124:8080,"{'__name__': 'jvm_memory_committed_bytes', 'area': 'nonheap', 'id': 'Compressed Class Space', 'instance': '10.42.1.124:8080', 'job': 'spring-petclinic'}",11665408,same_network,3,300
2026-07-24T22:03:36.216559+00:00,2026-07-24T22:03:36.253000+00:00,jvm_memory_committed_bytes,visits-service,10.42.1.125:8080,"{'__name__': 'jvm_memory_committed_bytes', 'area': 'nonheap', 'id': 'Compressed Class Space', 'instance': '10.42.1.125:8080', 'job': 'spring-petclinic'}",11599872,same_network,3,300
2026-07-24T22:03:36.216559+00:00,2026-07-24T22:03:36.253000+00:00,jvm_memory_committed_bytes,customers-service,10.42.1.126:8080,"{'__name__': 'jvm_memory_committed_bytes', 'area': 'nonheap', 'id': 'Compressed Class Space', 'instance': '10.42.1.126:8080', 'job': 'spring-petclinic'}",11796480,same_network,3,300
2026-07-24T22:03:36.216559+00:00,2026-07-24T22:03:36.253000+00:00,jvm_memory_committed_bytes,api-gateway,10.42.1.129:8080,"{'__name__': 'jvm_memory_committed_bytes', 'area': 'nonheap', 'id': 'Compressed Class Space', 'instance': '10.42.1.129:8080', 'job': 'spring-petclinic'}",9371648,same_network,3,300
2026-07-24T22:03:36.216559+00:00,2026-07-24T22:03:36.253000+00:00,jvm_memory_committed_bytes,customers-service,10.42.0.186:8080,"{'__name__': 'jvm_memory_committed_bytes', 'area': 'nonheap', 'id': 'Metaspace', 'instance': '10.42.0.186:8080', 'job': 'spring-petclinic'}",91488256,same_network,3,300
2026-07-24T22:03:36.216559+00:00,2026-07-24T22:03:36.253000+00:00,jvm_memory_committed_bytes,api-gateway,10.42.0.187:8080,"{'__name__': 'jvm_memory_committed_bytes', 'area': 'nonheap', 'id': 'Metaspace', 'instance': '10.42.0.187:8080', 'job': 'spring-petclinic'}",74121216,same_network,3,300
2026-07-24T22:03:36.216559+00:00,2026-07-24T22:03:36.253000+00:00,jvm_memory_committed_bytes,visits-service,10.42.1.122:8080,"{'__name__': 'jvm_memory_committed_bytes', 'area': 'nonheap', 'id': 'Metaspace', 'instance': '10.42.1.122:8080', 'job': 'spring-petclinic'}",89587712,same_network,3,300
2026-07-24T22:03:36.216559+00:00,2026-07-24T22:03:36.253000+00:00,jvm_memory_committed_bytes,vets-service,10.42.1.123:8080,"{'__name__': 'jvm_memory_committed_bytes', 'area': 'nonheap', 'id': 'Metaspace', 'instance': '10.42.1.123:8080', 'job': 'spring-petclinic'}",90701824,same_network,3,300
2026-07-24T22:03:36.216559+00:00,2026-07-24T22:03:36.253000+00:00,jvm_memory_committed_bytes,vets-service,10.42.1.124:8080,"{'__name__': 'jvm_memory_committed_bytes', 'area': 'nonheap', 'id': 'Metaspace', 'instance': '10.42.1.124:8080', 'job': 'spring-petclinic'}",90898432,same_network,3,300
2026-07-24T22:03:36.216559+00:00,2026-07-24T22:03:36.253000+00:00,jvm_memory_committed_bytes,visits-service,10.42.1.125:8080,"{'__name__': 'jvm_memory_committed_bytes', 'area': 'nonheap', 'id': 'Metaspace', 'instance': '10.42.1.125:8080', 'job': 'spring-petclinic'}",89653248,same_network,3,300
2026-07-24T22:03:36.216559+00:00,2026-07-24T22:03:36.253000+00:00,jvm_memory_committed_bytes,customers-service,10.42.1.126:8080,"{'__name__': 'jvm_memory_committed_bytes', 'area': 'nonheap', 'id': 'Metaspace', 'instance': '10.42.1.126:8080', 'job': 'spring-petclinic'}",91422720,same_network,3,300
2026-07-24T22:03:36.216559+00:00,2026-07-24T22:03:36.253000+00:00,jvm_memory_committed_bytes,api-gateway,10.42.1.129:8080,"{'__name__': 'jvm_memory_committed_bytes', 'area': 'nonheap', 'id': 'Metaspace', 'instance': '10.42.1.129:8080', 'job': 'spring-petclinic'}",72286208,same_network,3,300
2026-07-24T22:03:36.216559+00:00,2026-07-24T22:03:36.264000+00:00,jvm_memory_max_bytes,api-gateway,10.42.0.187:8080,"{'__name__': 'jvm_memory_max_bytes', 'area': 'heap', 'id': 'Eden Space', 'instance': '10.42.0.187:8080', 'job': 'spring-petclinic'}",71630848,same_network,3,300
2026-07-24T22:03:36.216559+00:00,2026-07-24T22:03:36.264000+00:00,jvm_memory_max_bytes,api-gateway,10.42.1.129:8080,"{'__name__': 'jvm_memory_max_bytes', 'area': 'heap', 'id': 'Eden Space', 'instance': '10.42.1.129:8080', 'job': 'spring-petclinic'}",71630848,same_network,3,300
2026-07-24T22:03:36.216559+00:00,2026-07-24T22:03:36.264000+00:00,jvm_memory_max_bytes,customers-service,10.42.0.186:8080,"{'__name__': 'jvm_memory_max_bytes', 'area': 'heap', 'id': 'G1 Eden Space', 'instance': '10.42.0.186:8080', 'job': 'spring-petclinic'}",-1,same_network,3,300
2026-07-24T22:03:36.216559+00:00,2026-07-24T22:03:36.264000+00:00,jvm_memory_max_bytes,visits-service,10.42.1.122:8080,"{'__name__': 'jvm_memory_max_bytes', 'area': 'heap', 'id': 'G1 Eden Space', 'instance': '10.42.1.122:8080', 'job': 'spring-petclinic'}",-1,same_network,3,300
2026-07-24T22:03:36.216559+00:00,2026-07-24T22:03:36.264000+00:00,jvm_memory_max_bytes,vets-service,10.42.1.123:8080,"{'__name__': 'jvm_memory_max_bytes', 'area': 'heap', 'id': 'G1 Eden Space', 'instance': '10.42.1.123:8080', 'job': 'spring-petclinic'}",-1,same_network,3,300
2026-07-24T22:03:36.216559+00:00,2026-07-24T22:03:36.264000+00:00,jvm_memory_max_bytes,vets-service,10.42.1.124:8080,"{'__name__': 'jvm_memory_max_bytes', 'area': 'heap', 'id': 'G1 Eden Space', 'instance': '10.42.1.124:8080', 'job': 'spring-petclinic'}",-1,same_network,3,300
2026-07-24T22:03:36.216559+00:00,2026-07-24T22:03:36.264000+00:00,jvm_memory_max_bytes,visits-service,10.42.1.125:8080,"{'__name__': 'jvm_memory_max_bytes', 'area': 'heap', 'id': 'G1 Eden Space', 'instance': '10.42.1.125:8080', 'job': 'spring-petclinic'}",-1,same_network,3,300
2026-07-24T22:03:36.216559+00:00,2026-07-24T22:03:36.264000+00:00,jvm_memory_max_bytes,customers-service,10.42.1.126:8080,"{'__name__': 'jvm_memory_max_bytes', 'area': 'heap', 'id': 'G1 Eden Space', 'instance': '10.42.1.126:8080', 'job': 'spring-petclinic'}",-1,same_network,3,300
2026-07-24T22:03:36.216559+00:00,2026-07-24T22:03:36.264000+00:00,jvm_memory_max_bytes,customers-service,10.42.0.186:8080,"{'__name__': 'jvm_memory_max_bytes', 'area': 'heap', 'id': 'G1 Old Gen', 'instance': '10.42.0.186:8080', 'job': 'spring-petclinic'}",6249512960,same_network,3,300
2026-07-24T22:03:36.216559+00:00,2026-07-24T22:03:36.264000+00:00,jvm_memory_max_bytes,visits-service,10.42.1.122:8080,"{'__name__': 'jvm_memory_max_bytes', 'area': 'heap', 'id': 'G1 Old Gen', 'instance': '10.42.1.122:8080', 'job': 'spring-petclinic'}",6144655360,same_network,3,300
2026-07-24T22:03:36.216559+00:00,2026-07-24T22:03:36.264000+00:00,jvm_memory_max_bytes,vets-service,10.42.1.123:8080,"{'__name__': 'jvm_memory_max_bytes', 'area': 'heap', 'id': 'G1 Old Gen', 'instance': '10.42.1.123:8080', 'job': 'spring-petclinic'}",6144655360,same_network,3,300
2026-07-24T22:03:36.216559+00:00,2026-07-24T22:03:36.264000+00:00,jvm_memory_max_bytes,vets-service,10.42.1.124:8080,"{'__name__': 'jvm_memory_max_bytes', 'area': 'heap', 'id': 'G1 Old Gen', 'instance': '10.42.1.124:8080', 'job': 'spring-petclinic'}",6144655360,same_network,3,300
2026-07-24T22:03:36.216559+00:00,2026-07-24T22:03:36.264000+00:00,jvm_memory_max_bytes,visits-service,10.42.1.125:8080,"{'__name__': 'jvm_memory_max_bytes', 'area': 'heap', 'id': 'G1 Old Gen', 'instance': '10.42.1.125:8080', 'job': 'spring-petclinic'}",6144655360,same_network,3,300
2026-07-24T22:03:36.216559+00:00,2026-07-24T22:03:36.264000+00:00,jvm_memory_max_bytes,customers-service,10.42.1.126:8080,"{'__name__': 'jvm_memory_max_bytes', 'area': 'heap', 'id': 'G1 Old Gen', 'instance': '10.42.1.126:8080', 'job': 'spring-petclinic'}",6144655360,same_network,3,300
2026-07-24T22:03:36.216559+00:00,2026-07-24T22:03:36.264000+00:00,jvm_memory_max_bytes,customers-service,10.42.0.186:8080,"{'__name__': 'jvm_memory_max_bytes', 'area': 'heap', 'id': 'G1 Survivor Space', 'instance': '10.42.0.186:8080', 'job': 'spring-petclinic'}",-1,same_network,3,300
2026-07-24T22:03:36.216559+00:00,2026-07-24T22:03:36.264000+00:00,jvm_memory_max_bytes,visits-service,10.42.1.122:8080,"{'__name__': 'jvm_memory_max_bytes', 'area': 'heap', 'id': 'G1 Survivor Space', 'instance': '10.42.1.122:8080', 'job': 'spring-petclinic'}",-1,same_network,3,300
2026-07-24T22:03:36.216559+00:00,2026-07-24T22:03:36.264000+00:00,jvm_memory_max_bytes,vets-service,10.42.1.123:8080,"{'__name__': 'jvm_memory_max_bytes', 'area': 'heap', 'id': 'G1 Survivor Space', 'instance': '10.42.1.123:8080', 'job': 'spring-petclinic'}",-1,same_network,3,300
2026-07-24T22:03:36.216559+00:00,2026-07-24T22:03:36.264000+00:00,jvm_memory_max_bytes,vets-service,10.42.1.124:8080,"{'__name__': 'jvm_memory_max_bytes', 'area': 'heap', 'id': 'G1 Survivor Space', 'instance': '10.42.1.124:8080', 'job': 'spring-petclinic'}",-1,same_network,3,300
2026-07-24T22:03:36.216559+00:00,2026-07-24T22:03:36.264000+00:00,jvm_memory_max_bytes,visits-service,10.42.1.125:8080,"{'__name__': 'jvm_memory_max_bytes', 'area': 'heap', 'id': 'G1 Survivor Space', 'instance': '10.42.1.125:8080', 'job': 'spring-petclinic'}",-1,same_network,3,300
2026-07-24T22:03:36.216559+00:00,2026-07-24T22:03:36.264000+00:00,jvm_memory_max_bytes,customers-service,10.42.1.126:8080,"{'__name__': 'jvm_memory_max_bytes', 'area': 'heap', 'id': 'G1 Survivor Space', 'instance': '10.42.1.126:8080', 'job': 'spring-petclinic'}",-1,same_network,3,300
2026-07-24T22:03:36.216559+00:00,2026-07-24T22:03:36.264000+00:00,jvm_memory_max_bytes,api-gateway,10.42.0.187:8080,"{'__name__': 'jvm_memory_max_bytes', 'area': 'heap', 'id': 'Survivor Space', 'instance': '10.42.0.187:8080', 'job': 'spring-petclinic'}",8912896,same_network,3,300
2026-07-24T22:03:36.216559+00:00,2026-07-24T22:03:36.264000+00:00,jvm_memory_max_bytes,api-gateway,10.42.1.129:8080,"{'__name__': 'jvm_memory_max_bytes', 'area': 'heap', 'id': 'Survivor Space', 'instance': '10.42.1.129:8080', 'job': 'spring-petclinic'}",8912896,same_network,3,300
2026-07-24T22:03:36.216559+00:00,2026-07-24T22:03:36.264000+00:00,jvm_memory_max_bytes,api-gateway,10.42.0.187:8080,"{'__name__': 'jvm_memory_max_bytes', 'area': 'heap', 'id': 'Tenured Gen', 'instance': '10.42.0.187:8080', 'job': 'spring-petclinic'}",178978816,same_network,3,300
2026-07-24T22:03:36.216559+00:00,2026-07-24T22:03:36.264000+00:00,jvm_memory_max_bytes,api-gateway,10.42.1.129:8080,"{'__name__': 'jvm_memory_max_bytes', 'area': 'heap', 'id': 'Tenured Gen', 'instance': '10.42.1.129:8080', 'job': 'spring-petclinic'}",178978816,same_network,3,300
2026-07-24T22:03:36.216559+00:00,2026-07-24T22:03:36.264000+00:00,jvm_memory_max_bytes,customers-service,10.42.0.186:8080,"{'__name__': 'jvm_memory_max_bytes', 'area': 'nonheap', 'id': ""CodeHeap 'non-nmethods'"", 'instance': '10.42.0.186:8080', 'job': 'spring-petclinic'}",5840896,same_network,3,300
2026-07-24T22:03:36.216559+00:00,2026-07-24T22:03:36.264000+00:00,jvm_memory_max_bytes,api-gateway,10.42.0.187:8080,"{'__name__': 'jvm_memory_max_bytes', 'area': 'nonheap', 'id': ""CodeHeap 'non-nmethods'"", 'instance': '10.42.0.187:8080', 'job': 'spring-petclinic'}",5840896,same_network,3,300
2026-07-24T22:03:36.216559+00:00,2026-07-24T22:03:36.264000+00:00,jvm_memory_max_bytes,visits-service,10.42.1.122:8080,"{'__name__': 'jvm_memory_max_bytes', 'area': 'nonheap', 'id': ""CodeHeap 'non-nmethods'"", 'instance': '10.42.1.122:8080', 'job': 'spring-petclinic'}",5840896,same_network,3,300
2026-07-24T22:03:36.216559+00:00,2026-07-24T22:03:36.264000+00:00,jvm_memory_max_bytes,vets-service,10.42.1.123:8080,"{'__name__': 'jvm_memory_max_bytes', 'area': 'nonheap', 'id': ""CodeHeap 'non-nmethods'"", 'instance': '10.42.1.123:8080', 'job': 'spring-petclinic'}",5840896,same_network,3,300
2026-07-24T22:03:36.216559+00:00,2026-07-24T22:03:36.264000+00:00,jvm_memory_max_bytes,vets-service,10.42.1.124:8080,"{'__name__': 'jvm_memory_max_bytes', 'area': 'nonheap', 'id': ""CodeHeap 'non-nmethods'"", 'instance': '10.42.1.124:8080', 'job': 'spring-petclinic'}",5840896,same_network,3,300
2026-07-24T22:03:36.216559+00:00,2026-07-24T22:03:36.264000+00:00,jvm_memory_max_bytes,visits-service,10.42.1.125:8080,"{'__name__': 'jvm_memory_max_bytes', 'area': 'nonheap', 'id': ""CodeHeap 'non-nmethods'"", 'instance': '10.42.1.125:8080', 'job': 'spring-petclinic'}",5840896,same_network,3,300
2026-07-24T22:03:36.216559+00:00,2026-07-24T22:03:36.264000+00:00,jvm_memory_max_bytes,customers-service,10.42.1.126:8080,"{'__name__': 'jvm_memory_max_bytes', 'area': 'nonheap', 'id': ""CodeHeap 'non-nmethods'"", 'instance': '10.42.1.126:8080', 'job': 'spring-petclinic'}",5840896,same_network,3,300
2026-07-24T22:03:36.216559+00:00,2026-07-24T22:03:36.264000+00:00,jvm_memory_max_bytes,api-gateway,10.42.1.129:8080,"{'__name__': 'jvm_memory_max_bytes', 'area': 'nonheap', 'id': ""CodeHeap 'non-nmethods'"", 'instance': '10.42.1.129:8080', 'job': 'spring-petclinic'}",5840896,same_network,3,300
2026-07-24T22:03:36.216559+00:00,2026-07-24T22:03:36.264000+00:00,jvm_memory_max_bytes,customers-service,10.42.0.186:8080,"{'__name__': 'jvm_memory_max_bytes', 'area': 'nonheap', 'id': ""CodeHeap 'non-profiled nmethods'"", 'instance': '10.42.0.186:8080', 'job': 'spring-petclinic'}",122908672,same_network,3,300
2026-07-24T22:03:36.216559+00:00,2026-07-24T22:03:36.264000+00:00,jvm_memory_max_bytes,api-gateway,10.42.0.187:8080,"{'__name__': 'jvm_memory_max_bytes', 'area': 'nonheap', 'id': ""CodeHeap 'non-profiled nmethods'"", 'instance': '10.42.0.187:8080', 'job': 'spring-petclinic'}",122908672,same_network,3,300
2026-07-24T22:03:36.216559+00:00,2026-07-24T22:03:36.264000+00:00,jvm_memory_max_bytes,visits-service,10.42.1.122:8080,"{'__name__': 'jvm_memory_max_bytes', 'area': 'nonheap', 'id': ""CodeHeap 'non-profiled nmethods'"", 'instance': '10.42.1.122:8080', 'job': 'spring-petclinic'}",122908672,same_network,3,300
2026-07-24T22:03:36.216559+00:00,2026-07-24T22:03:36.264000+00:00,jvm_memory_max_bytes,vets-service,10.42.1.123:8080,"{'__name__': 'jvm_memory_max_bytes', 'area': 'nonheap', 'id': ""CodeHeap 'non-profiled nmethods'"", 'instance': '10.42.1.123:8080', 'job': 'spring-petclinic'}",122908672,same_network,3,300
2026-07-24T22:03:36.216559+00:00,2026-07-24T22:03:36.264000+00:00,jvm_memory_max_bytes,vets-service,10.42.1.124:8080,"{'__name__': 'jvm_memory_max_bytes', 'area': 'nonheap', 'id': ""CodeHeap 'non-profiled nmethods'"", 'instance': '10.42.1.124:8080', 'job': 'spring-petclinic'}",122908672,same_network,3,300
2026-07-24T22:03:36.216559+00:00,2026-07-24T22:03:36.264000+00:00,jvm_memory_max_bytes,visits-service,10.42.1.125:8080,"{'__name__': 'jvm_memory_max_bytes', 'area': 'nonheap', 'id': ""CodeHeap 'non-profiled nmethods'"", 'instance': '10.42.1.125:8080', 'job': 'spring-petclinic'}",122908672,same_network,3,300
2026-07-24T22:03:36.216559+00:00,2026-07-24T22:03:36.264000+00:00,jvm_memory_max_bytes,customers-service,10.42.1.126:8080,"{'__name__': 'jvm_memory_max_bytes', 'area': 'nonheap', 'id': ""CodeHeap 'non-profiled nmethods'"", 'instance': '10.42.1.126:8080', 'job': 'spring-petclinic'}",122908672,same_network,3,300
2026-07-24T22:03:36.216559+00:00,2026-07-24T22:03:36.264000+00:00,jvm_memory_max_bytes,api-gateway,10.42.1.129:8080,"{'__name__': 'jvm_memory_max_bytes', 'area': 'nonheap', 'id': ""CodeHeap 'non-profiled nmethods'"", 'instance': '10.42.1.129:8080', 'job': 'spring-petclinic'}",122908672,same_network,3,300
2026-07-24T22:03:36.216559+00:00,2026-07-24T22:03:36.264000+00:00,jvm_memory_max_bytes,customers-service,10.42.0.186:8080,"{'__name__': 'jvm_memory_max_bytes', 'area': 'nonheap', 'id': ""CodeHeap 'profiled nmethods'"", 'instance': '10.42.0.186:8080', 'job': 'spring-petclinic'}",122908672,same_network,3,300
2026-07-24T22:03:36.216559+00:00,2026-07-24T22:03:36.264000+00:00,jvm_memory_max_bytes,api-gateway,10.42.0.187:8080,"{'__name__': 'jvm_memory_max_bytes', 'area': 'nonheap', 'id': ""CodeHeap 'profiled nmethods'"", 'instance': '10.42.0.187:8080', 'job': 'spring-petclinic'}",122908672,same_network,3,300
2026-07-24T22:03:36.216559+00:00,2026-07-24T22:03:36.264000+00:00,jvm_memory_max_bytes,visits-service,10.42.1.122:8080,"{'__name__': 'jvm_memory_max_bytes', 'area': 'nonheap', 'id': ""CodeHeap 'profiled nmethods'"", 'instance': '10.42.1.122:8080', 'job': 'spring-petclinic'}",122908672,same_network,3,300
2026-07-24T22:03:36.216559+00:00,2026-07-24T22:03:36.264000+00:00,jvm_memory_max_bytes,vets-service,10.42.1.123:8080,"{'__name__': 'jvm_memory_max_bytes', 'area': 'nonheap', 'id': ""CodeHeap 'profiled nmethods'"", 'instance': '10.42.1.123:8080', 'job': 'spring-petclinic'}",122908672,same_network,3,300
2026-07-24T22:03:36.216559+00:00,2026-07-24T22:03:36.264000+00:00,jvm_memory_max_bytes,vets-service,10.42.1.124:8080,"{'__name__': 'jvm_memory_max_bytes', 'area': 'nonheap', 'id': ""CodeHeap 'profiled nmethods'"", 'instance': '10.42.1.124:8080', 'job': 'spring-petclinic'}",122908672,same_network,3,300
2026-07-24T22:03:36.216559+00:00,2026-07-24T22:03:36.264000+00:00,jvm_memory_max_bytes,visits-service,10.42.1.125:8080,"{'__name__': 'jvm_memory_max_bytes', 'area': 'nonheap', 'id': ""CodeHeap 'profiled nmethods'"", 'instance': '10.42.1.125:8080', 'job': 'spring-petclinic'}",122908672,same_network,3,300
2026-07-24T22:03:36.216559+00:00,2026-07-24T22:03:36.264000+00:00,jvm_memory_max_bytes,customers-service,10.42.1.126:8080,"{'__name__': 'jvm_memory_max_bytes', 'area': 'nonheap', 'id': ""CodeHeap 'profiled nmethods'"", 'instance': '10.42.1.126:8080', 'job': 'spring-petclinic'}",122908672,same_network,3,300
2026-07-24T22:03:36.216559+00:00,2026-07-24T22:03:36.264000+00:00,jvm_memory_max_bytes,api-gateway,10.42.1.129:8080,"{'__name__': 'jvm_memory_max_bytes', 'area': 'nonheap', 'id': ""CodeHeap 'profiled nmethods'"", 'instance': '10.42.1.129:8080', 'job': 'spring-petclinic'}",122908672,same_network,3,300
2026-07-24T22:03:36.216559+00:00,2026-07-24T22:03:36.264000+00:00,jvm_memory_max_bytes,customers-service,10.42.0.186:8080,"{'__name__': 'jvm_memory_max_bytes', 'area': 'nonheap', 'id': 'Compressed Class Space', 'instance': '10.42.0.186:8080', 'job': 'spring-petclinic'}",1073741824,same_network,3,300
2026-07-24T22:03:36.216559+00:00,2026-07-24T22:03:36.264000+00:00,jvm_memory_max_bytes,api-gateway,10.42.0.187:8080,"{'__name__': 'jvm_memory_max_bytes', 'area': 'nonheap', 'id': 'Compressed Class Space', 'instance': '10.42.0.187:8080', 'job': 'spring-petclinic'}",1073741824,same_network,3,300
2026-07-24T22:03:36.216559+00:00,2026-07-24T22:03:36.264000+00:00,jvm_memory_max_bytes,visits-service,10.42.1.122:8080,"{'__name__': 'jvm_memory_max_bytes', 'area': 'nonheap', 'id': 'Compressed Class Space', 'instance': '10.42.1.122:8080', 'job': 'spring-petclinic'}",1073741824,same_network,3,300
2026-07-24T22:03:36.216559+00:00,2026-07-24T22:03:36.264000+00:00,jvm_memory_max_bytes,vets-service,10.42.1.123:8080,"{'__name__': 'jvm_memory_max_bytes', 'area': 'nonheap', 'id': 'Compressed Class Space', 'instance': '10.42.1.123:8080', 'job': 'spring-petclinic'}",1073741824,same_network,3,300
2026-07-24T22:03:36.216559+00:00,2026-07-24T22:03:36.264000+00:00,jvm_memory_max_bytes,vets-service,10.42.1.124:8080,"{'__name__': 'jvm_memory_max_bytes', 'area': 'nonheap', 'id': 'Compressed Class Space', 'instance': '10.42.1.124:8080', 'job': 'spring-petclinic'}",1073741824,same_network,3,300
2026-07-24T22:03:36.216559+00:00,2026-07-24T22:03:36.264000+00:00,jvm_memory_max_bytes,visits-service,10.42.1.125:8080,"{'__name__': 'jvm_memory_max_bytes', 'area': 'nonheap', 'id': 'Compressed Class Space', 'instance': '10.42.1.125:8080', 'job': 'spring-petclinic'}",1073741824,same_network,3,300
2026-07-24T22:03:36.216559+00:00,2026-07-24T22:03:36.264000+00:00,jvm_memory_max_bytes,customers-service,10.42.1.126:8080,"{'__name__': 'jvm_memory_max_bytes', 'area': 'nonheap', 'id': 'Compressed Class Space', 'instance': '10.42.1.126:8080', 'job': 'spring-petclinic'}",1073741824,same_network,3,300
2026-07-24T22:03:36.216559+00:00,2026-07-24T22:03:36.264000+00:00,jvm_memory_max_bytes,api-gateway,10.42.1.129:8080,"{'__name__': 'jvm_memory_max_bytes', 'area': 'nonheap', 'id': 'Compressed Class Space', 'instance': '10.42.1.129:8080', 'job': 'spring-petclinic'}",1073741824,same_network,3,300
2026-07-24T22:03:36.216559+00:00,2026-07-24T22:03:36.264000+00:00,jvm_memory_max_bytes,customers-service,10.42.0.186:8080,"{'__name__': 'jvm_memory_max_bytes', 'area': 'nonheap', 'id': 'Metaspace', 'instance': '10.42.0.186:8080', 'job': 'spring-petclinic'}",-1,same_network,3,300
2026-07-24T22:03:36.216559+00:00,2026-07-24T22:03:36.264000+00:00,jvm_memory_max_bytes,api-gateway,10.42.0.187:8080,"{'__name__': 'jvm_memory_max_bytes', 'area': 'nonheap', 'id': 'Metaspace', 'instance': '10.42.0.187:8080', 'job': 'spring-petclinic'}",-1,same_network,3,300
2026-07-24T22:03:36.216559+00:00,2026-07-24T22:03:36.264000+00:00,jvm_memory_max_bytes,visits-service,10.42.1.122:8080,"{'__name__': 'jvm_memory_max_bytes', 'area': 'nonheap', 'id': 'Metaspace', 'instance': '10.42.1.122:8080', 'job': 'spring-petclinic'}",-1,same_network,3,300
2026-07-24T22:03:36.216559+00:00,2026-07-24T22:03:36.264000+00:00,jvm_memory_max_bytes,vets-service,10.42.1.123:8080,"{'__name__': 'jvm_memory_max_bytes', 'area': 'nonheap', 'id': 'Metaspace', 'instance': '10.42.1.123:8080', 'job': 'spring-petclinic'}",-1,same_network,3,300
2026-07-24T22:03:36.216559+00:00,2026-07-24T22:03:36.264000+00:00,jvm_memory_max_bytes,vets-service,10.42.1.124:8080,"{'__name__': 'jvm_memory_max_bytes', 'area': 'nonheap', 'id': 'Metaspace', 'instance': '10.42.1.124:8080', 'job': 'spring-petclinic'}",-1,same_network,3,300
2026-07-24T22:03:36.216559+00:00,2026-07-24T22:03:36.264000+00:00,jvm_memory_max_bytes,visits-service,10.42.1.125:8080,"{'__name__': 'jvm_memory_max_bytes', 'area': 'nonheap', 'id': 'Metaspace', 'instance': '10.42.1.125:8080', 'job': 'spring-petclinic'}",-1,same_network,3,300
2026-07-24T22:03:36.216559+00:00,2026-07-24T22:03:36.264000+00:00,jvm_memory_max_bytes,customers-service,10.42.1.126:8080,"{'__name__': 'jvm_memory_max_bytes', 'area': 'nonheap', 'id': 'Metaspace', 'instance': '10.42.1.126:8080', 'job': 'spring-petclinic'}",-1,same_network,3,300
2026-07-24T22:03:36.216559+00:00,2026-07-24T22:03:36.264000+00:00,jvm_memory_max_bytes,api-gateway,10.42.1.129:8080,"{'__name__': 'jvm_memory_max_bytes', 'area': 'nonheap', 'id': 'Metaspace', 'instance': '10.42.1.129:8080', 'job': 'spring-petclinic'}",-1,same_network,3,300
2026-07-24T22:03:36.216559+00:00,2026-07-24T22:03:36.270000+00:00,jvm_memory_usage_after_gc_percent,customers-service,10.42.0.186:8080,"{'__name__': 'jvm_memory_usage_after_gc_percent', 'area': 'heap', 'instance': '10.42.0.186:8080', 'job': 'spring-petclinic', 'pool': 'long-lived'}",0.026686044987416106,same_network,3,300
2026-07-24T22:03:36.216559+00:00,2026-07-24T22:03:36.270000+00:00,jvm_memory_usage_after_gc_percent,api-gateway,10.42.0.187:8080,"{'__name__': 'jvm_memory_usage_after_gc_percent', 'area': 'heap', 'instance': '10.42.0.187:8080', 'job': 'spring-petclinic', 'pool': 'long-lived'}",0.317265703668528,same_network,3,300
2026-07-24T22:03:36.216559+00:00,2026-07-24T22:03:36.270000+00:00,jvm_memory_usage_after_gc_percent,visits-service,10.42.1.122:8080,"{'__name__': 'jvm_memory_usage_after_gc_percent', 'area': 'heap', 'instance': '10.42.1.122:8080', 'job': 'spring-petclinic', 'pool': 'long-lived'}",0.011429364201151877,same_network,3,300
2026-07-24T22:03:36.216559+00:00,2026-07-24T22:03:36.270000+00:00,jvm_memory_usage_after_gc_percent,vets-service,10.42.1.123:8080,"{'__name__': 'jvm_memory_usage_after_gc_percent', 'area': 'heap', 'instance': '10.42.1.123:8080', 'job': 'spring-petclinic', 'pool': 'long-lived'}",0.015522844229948806,same_network,3,300
2026-07-24T22:03:36.216559+00:00,2026-07-24T22:03:36.270000+00:00,jvm_memory_usage_after_gc_percent,vets-service,10.42.1.124:8080,"{'__name__': 'jvm_memory_usage_after_gc_percent', 'area': 'heap', 'instance': '10.42.1.124:8080', 'job': 'spring-petclinic', 'pool': 'long-lived'}",0.01885707191232935,same_network,3,300
2026-07-24T22:03:36.216559+00:00,2026-07-24T22:03:36.270000+00:00,jvm_memory_usage_after_gc_percent,visits-service,10.42.1.125:8080,"{'__name__': 'jvm_memory_usage_after_gc_percent', 'area': 'heap', 'instance': '10.42.1.125:8080', 'job': 'spring-petclinic', 'pool': 'long-lived'}",0.014130909369667235,same_network,3,300
2026-07-24T22:03:36.216559+00:00,2026-07-24T22:03:36.270000+00:00,jvm_memory_usage_after_gc_percent,customers-service,10.42.1.126:8080,"{'__name__': 'jvm_memory_usage_after_gc_percent', 'area': 'heap', 'instance': '10.42.1.126:8080', 'job': 'spring-petclinic', 'pool': 'long-lived'}",0.01876833137798635,same_network,3,300
2026-07-24T22:03:36.216559+00:00,2026-07-24T22:03:36.270000+00:00,jvm_memory_usage_after_gc_percent,api-gateway,10.42.1.129:8080,"{'__name__': 'jvm_memory_usage_after_gc_percent', 'area': 'heap', 'instance': '10.42.1.129:8080', 'job': 'spring-petclinic', 'pool': 'long-lived'}",0.2686882452055108,same_network,3,300
2026-07-24T22:03:36.216559+00:00,2026-07-24T22:03:36.276000+00:00,jvm_gc_live_data_size_bytes,customers-service,10.42.0.186:8080,"{'__name__': 'jvm_gc_live_data_size_bytes', 'instance': '10.42.0.186:8080', 'job': 'spring-petclinic'}",0,same_network,3,300
2026-07-24T22:03:36.216559+00:00,2026-07-24T22:03:36.276000+00:00,jvm_gc_live_data_size_bytes,api-gateway,10.42.0.187:8080,"{'__name__': 'jvm_gc_live_data_size_bytes', 'instance': '10.42.0.187:8080', 'job': 'spring-petclinic'}",52919184,same_network,3,300
2026-07-24T22:03:36.216559+00:00,2026-07-24T22:03:36.276000+00:00,jvm_gc_live_data_size_bytes,visits-service,10.42.1.122:8080,"{'__name__': 'jvm_gc_live_data_size_bytes', 'instance': '10.42.1.122:8080', 'job': 'spring-petclinic'}",0,same_network,3,300
2026-07-24T22:03:36.216559+00:00,2026-07-24T22:03:36.276000+00:00,jvm_gc_live_data_size_bytes,vets-service,10.42.1.123:8080,"{'__name__': 'jvm_gc_live_data_size_bytes', 'instance': '10.42.1.123:8080', 'job': 'spring-petclinic'}",0,same_network,3,300
2026-07-24T22:03:36.216559+00:00,2026-07-24T22:03:36.276000+00:00,jvm_gc_live_data_size_bytes,vets-service,10.42.1.124:8080,"{'__name__': 'jvm_gc_live_data_size_bytes', 'instance': '10.42.1.124:8080', 'job': 'spring-petclinic'}",0,same_network,3,300
2026-07-24T22:03:36.216559+00:00,2026-07-24T22:03:36.276000+00:00,jvm_gc_live_data_size_bytes,visits-service,10.42.1.125:8080,"{'__name__': 'jvm_gc_live_data_size_bytes', 'instance': '10.42.1.125:8080', 'job': 'spring-petclinic'}",0,same_network,3,300
2026-07-24T22:03:36.216559+00:00,2026-07-24T22:03:36.276000+00:00,jvm_gc_live_data_size_bytes,customers-service,10.42.1.126:8080,"{'__name__': 'jvm_gc_live_data_size_bytes', 'instance': '10.42.1.126:8080', 'job': 'spring-petclinic'}",107705856,same_network,3,300
2026-07-24T22:03:36.216559+00:00,2026-07-24T22:03:36.276000+00:00,jvm_gc_live_data_size_bytes,api-gateway,10.42.1.129:8080,"{'__name__': 'jvm_gc_live_data_size_bytes', 'instance': '10.42.1.129:8080', 'job': 'spring-petclinic'}",44890304,same_network,3,300
2026-07-24T22:03:36.216559+00:00,2026-07-24T22:03:36.280000+00:00,jvm_gc_max_data_size_bytes,customers-service,10.42.0.186:8080,"{'__name__': 'jvm_gc_max_data_size_bytes', 'instance': '10.42.0.186:8080', 'job': 'spring-petclinic'}",6249512960,same_network,3,300
2026-07-24T22:03:36.216559+00:00,2026-07-24T22:03:36.280000+00:00,jvm_gc_max_data_size_bytes,api-gateway,10.42.0.187:8080,"{'__name__': 'jvm_gc_max_data_size_bytes', 'instance': '10.42.0.187:8080', 'job': 'spring-petclinic'}",178978816,same_network,3,300
2026-07-24T22:03:36.216559+00:00,2026-07-24T22:03:36.280000+00:00,jvm_gc_max_data_size_bytes,visits-service,10.42.1.122:8080,"{'__name__': 'jvm_gc_max_data_size_bytes', 'instance': '10.42.1.122:8080', 'job': 'spring-petclinic'}",6144655360,same_network,3,300
2026-07-24T22:03:36.216559+00:00,2026-07-24T22:03:36.280000+00:00,jvm_gc_max_data_size_bytes,vets-service,10.42.1.123:8080,"{'__name__': 'jvm_gc_max_data_size_bytes', 'instance': '10.42.1.123:8080', 'job': 'spring-petclinic'}",6144655360,same_network,3,300
2026-07-24T22:03:36.216559+00:00,2026-07-24T22:03:36.280000+00:00,jvm_gc_max_data_size_bytes,vets-service,10.42.1.124:8080,"{'__name__': 'jvm_gc_max_data_size_bytes', 'instance': '10.42.1.124:8080', 'job': 'spring-petclinic'}",6144655360,same_network,3,300
2026-07-24T22:03:36.216559+00:00,2026-07-24T22:03:36.280000+00:00,jvm_gc_max_data_size_bytes,visits-service,10.42.1.125:8080,"{'__name__': 'jvm_gc_max_data_size_bytes', 'instance': '10.42.1.125:8080', 'job': 'spring-petclinic'}",6144655360,same_network,3,300
2026-07-24T22:03:36.216559+00:00,2026-07-24T22:03:36.280000+00:00,jvm_gc_max_data_size_bytes,customers-service,10.42.1.126:8080,"{'__name__': 'jvm_gc_max_data_size_bytes', 'instance': '10.42.1.126:8080', 'job': 'spring-petclinic'}",6144655360,same_network,3,300
2026-07-24T22:03:36.216559+00:00,2026-07-24T22:03:36.280000+00:00,jvm_gc_max_data_size_bytes,api-gateway,10.42.1.129:8080,"{'__name__': 'jvm_gc_max_data_size_bytes', 'instance': '10.42.1.129:8080', 'job': 'spring-petclinic'}",178978816,same_network,3,300
2026-07-24T22:03:36.216559+00:00,2026-07-24T22:03:36.284000+00:00,jvm_gc_memory_allocated_bytes_total,customers-service,10.42.0.186:8080,"{'__name__': 'jvm_gc_memory_allocated_bytes_total', 'instance': '10.42.0.186:8080', 'job': 'spring-petclinic'}",143688466392,same_network,3,300
2026-07-24T22:03:36.216559+00:00,2026-07-24T22:03:36.284000+00:00,jvm_gc_memory_allocated_bytes_total,api-gateway,10.42.0.187:8080,"{'__name__': 'jvm_gc_memory_allocated_bytes_total', 'instance': '10.42.0.187:8080', 'job': 'spring-petclinic'}",563860491880,same_network,3,300
2026-07-24T22:03:36.216559+00:00,2026-07-24T22:03:36.284000+00:00,jvm_gc_memory_allocated_bytes_total,visits-service,10.42.1.122:8080,"{'__name__': 'jvm_gc_memory_allocated_bytes_total', 'instance': '10.42.1.122:8080', 'job': 'spring-petclinic'}",26252148736,same_network,3,300
2026-07-24T22:03:36.216559+00:00,2026-07-24T22:03:36.284000+00:00,jvm_gc_memory_allocated_bytes_total,vets-service,10.42.1.123:8080,"{'__name__': 'jvm_gc_memory_allocated_bytes_total', 'instance': '10.42.1.123:8080', 'job': 'spring-petclinic'}",59043217400,same_network,3,300
2026-07-24T22:03:36.216559+00:00,2026-07-24T22:03:36.284000+00:00,jvm_gc_memory_allocated_bytes_total,vets-service,10.42.1.124:8080,"{'__name__': 'jvm_gc_memory_allocated_bytes_total', 'instance': '10.42.1.124:8080', 'job': 'spring-petclinic'}",60033073152,same_network,3,300
2026-07-24T22:03:36.216559+00:00,2026-07-24T22:03:36.284000+00:00,jvm_gc_memory_allocated_bytes_total,visits-service,10.42.1.125:8080,"{'__name__': 'jvm_gc_memory_allocated_bytes_total', 'instance': '10.42.1.125:8080', 'job': 'spring-petclinic'}",25815941112,same_network,3,300
2026-07-24T22:03:36.216559+00:00,2026-07-24T22:03:36.284000+00:00,jvm_gc_memory_allocated_bytes_total,customers-service,10.42.1.126:8080,"{'__name__': 'jvm_gc_memory_allocated_bytes_total', 'instance': '10.42.1.126:8080', 'job': 'spring-petclinic'}",142417592144,same_network,3,300
2026-07-24T22:03:36.216559+00:00,2026-07-24T22:03:36.284000+00:00,jvm_gc_memory_allocated_bytes_total,api-gateway,10.42.1.129:8080,"{'__name__': 'jvm_gc_memory_allocated_bytes_total', 'instance': '10.42.1.129:8080', 'job': 'spring-petclinic'}",4354146288,same_network,3,300
2026-07-24T22:03:36.216559+00:00,2026-07-24T22:03:36.288000+00:00,jvm_gc_memory_promoted_bytes_total,customers-service,10.42.0.186:8080,"{'__name__': 'jvm_gc_memory_promoted_bytes_total', 'instance': '10.42.0.186:8080', 'job': 'spring-petclinic'}",142405120,same_network,3,300
2026-07-24T22:03:36.216559+00:00,2026-07-24T22:03:36.288000+00:00,jvm_gc_memory_promoted_bytes_total,api-gateway,10.42.0.187:8080,"{'__name__': 'jvm_gc_memory_promoted_bytes_total', 'instance': '10.42.0.187:8080', 'job': 'spring-petclinic'}",3891854352,same_network,3,300
2026-07-24T22:03:36.216559+00:00,2026-07-24T22:03:36.288000+00:00,jvm_gc_memory_promoted_bytes_total,visits-service,10.42.1.122:8080,"{'__name__': 'jvm_gc_memory_promoted_bytes_total', 'instance': '10.42.1.122:8080', 'job': 'spring-petclinic'}",45640192,same_network,3,300
2026-07-24T22:03:36.216559+00:00,2026-07-24T22:03:36.288000+00:00,jvm_gc_memory_promoted_bytes_total,vets-service,10.42.1.123:8080,"{'__name__': 'jvm_gc_memory_promoted_bytes_total', 'instance': '10.42.1.123:8080', 'job': 'spring-petclinic'}",71066624,same_network,3,300
2026-07-24T22:03:36.216559+00:00,2026-07-24T22:03:36.288000+00:00,jvm_gc_memory_promoted_bytes_total,vets-service,10.42.1.124:8080,"{'__name__': 'jvm_gc_memory_promoted_bytes_total', 'instance': '10.42.1.124:8080', 'job': 'spring-petclinic'}",91278336,same_network,3,300
2026-07-24T22:03:36.216559+00:00,2026-07-24T22:03:36.288000+00:00,jvm_gc_memory_promoted_bytes_total,visits-service,10.42.1.125:8080,"{'__name__': 'jvm_gc_memory_promoted_bytes_total', 'instance': '10.42.1.125:8080', 'job': 'spring-petclinic'}",63548928,same_network,3,300
2026-07-24T22:03:36.216559+00:00,2026-07-24T22:03:36.288000+00:00,jvm_gc_memory_promoted_bytes_total,customers-service,10.42.1.126:8080,"{'__name__': 'jvm_gc_memory_promoted_bytes_total', 'instance': '10.42.1.126:8080', 'job': 'spring-petclinic'}",383669248,same_network,3,300
2026-07-24T22:03:36.216559+00:00,2026-07-24T22:03:36.288000+00:00,jvm_gc_memory_promoted_bytes_total,api-gateway,10.42.1.129:8080,"{'__name__': 'jvm_gc_memory_promoted_bytes_total', 'instance': '10.42.1.129:8080', 'job': 'spring-petclinic'}",74683528,same_network,3,300
2026-07-24T22:03:36.216559+00:00,2026-07-24T22:03:36.294000+00:00,jvm_gc_overhead_percent,customers-service,10.42.0.186:8080,"{'__name__': 'jvm_gc_overhead_percent', 'instance': '10.42.0.186:8080', 'job': 'spring-petclinic'}",0.0007033333333333334,same_network,3,300
2026-07-24T22:03:36.216559+00:00,2026-07-24T22:03:36.294000+00:00,jvm_gc_overhead_percent,api-gateway,10.42.0.187:8080,"{'__name__': 'jvm_gc_overhead_percent', 'instance': '10.42.0.187:8080', 'job': 'spring-petclinic'}",0.006046666666666666,same_network,3,300
2026-07-24T22:03:36.216559+00:00,2026-07-24T22:03:36.294000+00:00,jvm_gc_overhead_percent,visits-service,10.42.1.122:8080,"{'__name__': 'jvm_gc_overhead_percent', 'instance': '10.42.1.122:8080', 'job': 'spring-petclinic'}",0.00009333333333333333,same_network,3,300
2026-07-24T22:03:36.216559+00:00,2026-07-24T22:03:36.294000+00:00,jvm_gc_overhead_percent,vets-service,10.42.1.123:8080,"{'__name__': 'jvm_gc_overhead_percent', 'instance': '10.42.1.123:8080', 'job': 'spring-petclinic'}",0.0002866666666666667,same_network,3,300
2026-07-24T22:03:36.216559+00:00,2026-07-24T22:03:36.294000+00:00,jvm_gc_overhead_percent,vets-service,10.42.1.124:8080,"{'__name__': 'jvm_gc_overhead_percent', 'instance': '10.42.1.124:8080', 'job': 'spring-petclinic'}",0.00051,same_network,3,300
2026-07-24T22:03:36.216559+00:00,2026-07-24T22:03:36.294000+00:00,jvm_gc_overhead_percent,visits-service,10.42.1.125:8080,"{'__name__': 'jvm_gc_overhead_percent', 'instance': '10.42.1.125:8080', 'job': 'spring-petclinic'}",0.00022,same_network,3,300
2026-07-24T22:03:36.216559+00:00,2026-07-24T22:03:36.294000+00:00,jvm_gc_overhead_percent,customers-service,10.42.1.126:8080,"{'__name__': 'jvm_gc_overhead_percent', 'instance': '10.42.1.126:8080', 'job': 'spring-petclinic'}",0.0004766666666666667,same_network,3,300
2026-07-24T22:03:36.216559+00:00,2026-07-24T22:03:36.294000+00:00,jvm_gc_overhead_percent,api-gateway,10.42.1.129:8080,"{'__name__': 'jvm_gc_overhead_percent', 'instance': '10.42.1.129:8080', 'job': 'spring-petclinic'}",0.00612192093203427,same_network,3,300
2026-07-24T22:03:36.216559+00:00,2026-07-24T22:03:36.298000+00:00,jvm_gc_pause_seconds_count,api-gateway,10.42.0.187:8080,"{'__name__': 'jvm_gc_pause_seconds_count', 'action': 'end of major GC', 'cause': 'Allocation Failure', 'instance': '10.42.0.187:8080', 'job': 'spring-petclinic'}",146,same_network,3,300
2026-07-24T22:03:36.216559+00:00,2026-07-24T22:03:36.298000+00:00,jvm_gc_pause_seconds_count,api-gateway,10.42.1.129:8080,"{'__name__': 'jvm_gc_pause_seconds_count', 'action': 'end of major GC', 'cause': 'Allocation Failure', 'instance': '10.42.1.129:8080', 'job': 'spring-petclinic'}",3,same_network,3,300
2026-07-24T22:03:36.216559+00:00,2026-07-24T22:03:36.298000+00:00,jvm_gc_pause_seconds_count,api-gateway,10.42.0.187:8080,"{'__name__': 'jvm_gc_pause_seconds_count', 'action': 'end of minor GC', 'cause': 'Allocation Failure', 'instance': '10.42.0.187:8080', 'job': 'spring-petclinic'}",13994,same_network,3,300
2026-07-24T22:03:36.216559+00:00,2026-07-24T22:03:36.298000+00:00,jvm_gc_pause_seconds_count,api-gateway,10.42.1.129:8080,"{'__name__': 'jvm_gc_pause_seconds_count', 'action': 'end of minor GC', 'cause': 'Allocation Failure', 'instance': '10.42.1.129:8080', 'job': 'spring-petclinic'}",148,same_network,3,300
2026-07-24T22:03:36.216559+00:00,2026-07-24T22:03:36.298000+00:00,jvm_gc_pause_seconds_count,customers-service,10.42.0.186:8080,"{'__name__': 'jvm_gc_pause_seconds_count', 'action': 'end of minor GC', 'cause': 'G1 Evacuation Pause', 'instance': '10.42.0.186:8080', 'job': 'spring-petclinic'}",573,same_network,3,300
2026-07-24T22:03:36.216559+00:00,2026-07-24T22:03:36.298000+00:00,jvm_gc_pause_seconds_count,visits-service,10.42.1.122:8080,"{'__name__': 'jvm_gc_pause_seconds_count', 'action': 'end of minor GC', 'cause': 'G1 Evacuation Pause', 'instance': '10.42.1.122:8080', 'job': 'spring-petclinic'}",124,same_network,3,300
2026-07-24T22:03:36.216559+00:00,2026-07-24T22:03:36.298000+00:00,jvm_gc_pause_seconds_count,vets-service,10.42.1.123:8080,"{'__name__': 'jvm_gc_pause_seconds_count', 'action': 'end of minor GC', 'cause': 'G1 Evacuation Pause', 'instance': '10.42.1.123:8080', 'job': 'spring-petclinic'}",222,same_network,3,300
2026-07-24T22:03:36.216559+00:00,2026-07-24T22:03:36.298000+00:00,jvm_gc_pause_seconds_count,vets-service,10.42.1.124:8080,"{'__name__': 'jvm_gc_pause_seconds_count', 'action': 'end of minor GC', 'cause': 'G1 Evacuation Pause', 'instance': '10.42.1.124:8080', 'job': 'spring-petclinic'}",420,same_network,3,300
2026-07-24T22:03:36.216559+00:00,2026-07-24T22:03:36.298000+00:00,jvm_gc_pause_seconds_count,visits-service,10.42.1.125:8080,"{'__name__': 'jvm_gc_pause_seconds_count', 'action': 'end of minor GC', 'cause': 'G1 Evacuation Pause', 'instance': '10.42.1.125:8080', 'job': 'spring-petclinic'}",212,same_network,3,300
2026-07-24T22:03:36.216559+00:00,2026-07-24T22:03:36.298000+00:00,jvm_gc_pause_seconds_count,customers-service,10.42.1.126:8080,"{'__name__': 'jvm_gc_pause_seconds_count', 'action': 'end of minor GC', 'cause': 'G1 Evacuation Pause', 'instance': '10.42.1.126:8080', 'job': 'spring-petclinic'}",1993,same_network,3,300
2026-07-24T22:03:36.216559+00:00,2026-07-24T22:03:36.298000+00:00,jvm_gc_pause_seconds_count,customers-service,10.42.1.126:8080,"{'__name__': 'jvm_gc_pause_seconds_count', 'action': 'end of minor GC', 'cause': 'G1 Preventive Collection', 'instance': '10.42.1.126:8080', 'job': 'spring-petclinic'}",1,same_network,3,300
2026-07-24T22:03:36.216559+00:00,2026-07-24T22:03:36.298000+00:00,jvm_gc_pause_seconds_count,visits-service,10.42.1.125:8080,"{'__name__': 'jvm_gc_pause_seconds_count', 'action': 'end of minor GC', 'cause': 'GCLocker Initiated GC', 'instance': '10.42.1.125:8080', 'job': 'spring-petclinic'}",1,same_network,3,300
2026-07-24T22:03:36.216559+00:00,2026-07-24T22:03:36.298000+00:00,jvm_gc_pause_seconds_count,customers-service,10.42.1.126:8080,"{'__name__': 'jvm_gc_pause_seconds_count', 'action': 'end of minor GC', 'cause': 'GCLocker Initiated GC', 'instance': '10.42.1.126:8080', 'job': 'spring-petclinic'}",2,same_network,3,300
2026-07-24T22:03:36.216559+00:00,2026-07-24T22:03:36.298000+00:00,jvm_gc_pause_seconds_count,customers-service,10.42.0.186:8080,"{'__name__': 'jvm_gc_pause_seconds_count', 'action': 'end of minor GC', 'cause': 'Metadata GC Threshold', 'instance': '10.42.0.186:8080', 'job': 'spring-petclinic'}",1,same_network,3,300
2026-07-24T22:03:36.216559+00:00,2026-07-24T22:03:36.298000+00:00,jvm_gc_pause_seconds_count,visits-service,10.42.1.122:8080,"{'__name__': 'jvm_gc_pause_seconds_count', 'action': 'end of minor GC', 'cause': 'Metadata GC Threshold', 'instance': '10.42.1.122:8080', 'job': 'spring-petclinic'}",1,same_network,3,300
2026-07-24T22:03:36.216559+00:00,2026-07-24T22:03:36.298000+00:00,jvm_gc_pause_seconds_count,vets-service,10.42.1.123:8080,"{'__name__': 'jvm_gc_pause_seconds_count', 'action': 'end of minor GC', 'cause': 'Metadata GC Threshold', 'instance': '10.42.1.123:8080', 'job': 'spring-petclinic'}",1,same_network,3,300
2026-07-24T22:03:36.216559+00:00,2026-07-24T22:03:36.298000+00:00,jvm_gc_pause_seconds_count,vets-service,10.42.1.124:8080,"{'__name__': 'jvm_gc_pause_seconds_count', 'action': 'end of minor GC', 'cause': 'Metadata GC Threshold', 'instance': '10.42.1.124:8080', 'job': 'spring-petclinic'}",1,same_network,3,300
2026-07-24T22:03:36.216559+00:00,2026-07-24T22:03:36.298000+00:00,jvm_gc_pause_seconds_count,visits-service,10.42.1.125:8080,"{'__name__': 'jvm_gc_pause_seconds_count', 'action': 'end of minor GC', 'cause': 'Metadata GC Threshold', 'instance': '10.42.1.125:8080', 'job': 'spring-petclinic'}",1,same_network,3,300
2026-07-24T22:03:36.216559+00:00,2026-07-24T22:03:36.298000+00:00,jvm_gc_pause_seconds_count,customers-service,10.42.1.126:8080,"{'__name__': 'jvm_gc_pause_seconds_count', 'action': 'end of minor GC', 'cause': 'Metadata GC Threshold', 'instance': '10.42.1.126:8080', 'job': 'spring-petclinic'}",1,same_network,3,300
2026-07-24T22:03:36.216559+00:00,2026-07-24T22:03:36.304000+00:00,jvm_gc_pause_seconds_sum,api-gateway,10.42.0.187:8080,"{'__name__': 'jvm_gc_pause_seconds_sum', 'action': 'end of major GC', 'cause': 'Allocation Failure', 'instance': '10.42.0.187:8080', 'job': 'spring-petclinic'}",77.166,same_network,3,300
2026-07-24T22:03:36.216559+00:00,2026-07-24T22:03:36.304000+00:00,jvm_gc_pause_seconds_sum,api-gateway,10.42.1.129:8080,"{'__name__': 'jvm_gc_pause_seconds_sum', 'action': 'end of major GC', 'cause': 'Allocation Failure', 'instance': '10.42.1.129:8080', 'job': 'spring-petclinic'}",0.438,same_network,3,300
2026-07-24T22:03:36.216559+00:00,2026-07-24T22:03:36.304000+00:00,jvm_gc_pause_seconds_sum,api-gateway,10.42.0.187:8080,"{'__name__': 'jvm_gc_pause_seconds_sum', 'action': 'end of minor GC', 'cause': 'Allocation Failure', 'instance': '10.42.0.187:8080', 'job': 'spring-petclinic'}",95.028,same_network,3,300
2026-07-24T22:03:36.216559+00:00,2026-07-24T22:03:36.304000+00:00,jvm_gc_pause_seconds_sum,api-gateway,10.42.1.129:8080,"{'__name__': 'jvm_gc_pause_seconds_sum', 'action': 'end of minor GC', 'cause': 'Allocation Failure', 'instance': '10.42.1.129:8080', 'job': 'spring-petclinic'}",1.168,same_network,3,300
2026-07-24T22:03:36.216559+00:00,2026-07-24T22:03:36.304000+00:00,jvm_gc_pause_seconds_sum,customers-service,10.42.0.186:8080,"{'__name__': 'jvm_gc_pause_seconds_sum', 'action': 'end of minor GC', 'cause': 'G1 Evacuation Pause', 'instance': '10.42.0.186:8080', 'job': 'spring-petclinic'}",7.443,same_network,3,300
2026-07-24T22:03:36.216559+00:00,2026-07-24T22:03:36.304000+00:00,jvm_gc_pause_seconds_sum,visits-service,10.42.1.122:8080,"{'__name__': 'jvm_gc_pause_seconds_sum', 'action': 'end of minor GC', 'cause': 'G1 Evacuation Pause', 'instance': '10.42.1.122:8080', 'job': 'spring-petclinic'}",2.016,same_network,3,300
2026-07-24T22:03:36.216559+00:00,2026-07-24T22:03:36.304000+00:00,jvm_gc_pause_seconds_sum,vets-service,10.42.1.123:8080,"{'__name__': 'jvm_gc_pause_seconds_sum', 'action': 'end of minor GC', 'cause': 'G1 Evacuation Pause', 'instance': '10.42.1.123:8080', 'job': 'spring-petclinic'}",3.177,same_network,3,300
2026-07-24T22:03:36.216559+00:00,2026-07-24T22:03:36.304000+00:00,jvm_gc_pause_seconds_sum,vets-service,10.42.1.124:8080,"{'__name__': 'jvm_gc_pause_seconds_sum', 'action': 'end of minor GC', 'cause': 'G1 Evacuation Pause', 'instance': '10.42.1.124:8080', 'job': 'spring-petclinic'}",6.318,same_network,3,300
2026-07-24T22:03:36.216559+00:00,2026-07-24T22:03:36.304000+00:00,jvm_gc_pause_seconds_sum,visits-service,10.42.1.125:8080,"{'__name__': 'jvm_gc_pause_seconds_sum', 'action': 'end of minor GC', 'cause': 'G1 Evacuation Pause', 'instance': '10.42.1.125:8080', 'job': 'spring-petclinic'}",3.027,same_network,3,300
2026-07-24T22:03:36.216559+00:00,2026-07-24T22:03:36.304000+00:00,jvm_gc_pause_seconds_sum,customers-service,10.42.1.126:8080,"{'__name__': 'jvm_gc_pause_seconds_sum', 'action': 'end of minor GC', 'cause': 'G1 Evacuation Pause', 'instance': '10.42.1.126:8080', 'job': 'spring-petclinic'}",20.776,same_network,3,300
2026-07-24T22:03:36.216559+00:00,2026-07-24T22:03:36.304000+00:00,jvm_gc_pause_seconds_sum,customers-service,10.42.1.126:8080,"{'__name__': 'jvm_gc_pause_seconds_sum', 'action': 'end of minor GC', 'cause': 'G1 Preventive Collection', 'instance': '10.42.1.126:8080', 'job': 'spring-petclinic'}",0.008,same_network,3,300
2026-07-24T22:03:36.216559+00:00,2026-07-24T22:03:36.304000+00:00,jvm_gc_pause_seconds_sum,visits-service,10.42.1.125:8080,"{'__name__': 'jvm_gc_pause_seconds_sum', 'action': 'end of minor GC', 'cause': 'GCLocker Initiated GC', 'instance': '10.42.1.125:8080', 'job': 'spring-petclinic'}",0.011,same_network,3,300
2026-07-24T22:03:36.216559+00:00,2026-07-24T22:03:36.304000+00:00,jvm_gc_pause_seconds_sum,customers-service,10.42.1.126:8080,"{'__name__': 'jvm_gc_pause_seconds_sum', 'action': 'end of minor GC', 'cause': 'GCLocker Initiated GC', 'instance': '10.42.1.126:8080', 'job': 'spring-petclinic'}",0.009,same_network,3,300
2026-07-24T22:03:36.216559+00:00,2026-07-24T22:03:36.304000+00:00,jvm_gc_pause_seconds_sum,customers-service,10.42.0.186:8080,"{'__name__': 'jvm_gc_pause_seconds_sum', 'action': 'end of minor GC', 'cause': 'Metadata GC Threshold', 'instance': '10.42.0.186:8080', 'job': 'spring-petclinic'}",0.02,same_network,3,300
2026-07-24T22:03:36.216559+00:00,2026-07-24T22:03:36.304000+00:00,jvm_gc_pause_seconds_sum,visits-service,10.42.1.122:8080,"{'__name__': 'jvm_gc_pause_seconds_sum', 'action': 'end of minor GC', 'cause': 'Metadata GC Threshold', 'instance': '10.42.1.122:8080', 'job': 'spring-petclinic'}",0.011,same_network,3,300
2026-07-24T22:03:36.216559+00:00,2026-07-24T22:03:36.304000+00:00,jvm_gc_pause_seconds_sum,vets-service,10.42.1.123:8080,"{'__name__': 'jvm_gc_pause_seconds_sum', 'action': 'end of minor GC', 'cause': 'Metadata GC Threshold', 'instance': '10.42.1.123:8080', 'job': 'spring-petclinic'}",0.021,same_network,3,300
2026-07-24T22:03:36.216559+00:00,2026-07-24T22:03:36.304000+00:00,jvm_gc_pause_seconds_sum,vets-service,10.42.1.124:8080,"{'__name__': 'jvm_gc_pause_seconds_sum', 'action': 'end of minor GC', 'cause': 'Metadata GC Threshold', 'instance': '10.42.1.124:8080', 'job': 'spring-petclinic'}",0.014,same_network,3,300
2026-07-24T22:03:36.216559+00:00,2026-07-24T22:03:36.304000+00:00,jvm_gc_pause_seconds_sum,visits-service,10.42.1.125:8080,"{'__name__': 'jvm_gc_pause_seconds_sum', 'action': 'end of minor GC', 'cause': 'Metadata GC Threshold', 'instance': '10.42.1.125:8080', 'job': 'spring-petclinic'}",0.009,same_network,3,300
2026-07-24T22:03:36.216559+00:00,2026-07-24T22:03:36.304000+00:00,jvm_gc_pause_seconds_sum,customers-service,10.42.1.126:8080,"{'__name__': 'jvm_gc_pause_seconds_sum', 'action': 'end of minor GC', 'cause': 'Metadata GC Threshold', 'instance': '10.42.1.126:8080', 'job': 'spring-petclinic'}",0.009,same_network,3,300
2026-07-24T22:03:36.216559+00:00,2026-07-24T22:03:36.308000+00:00,jvm_gc_pause_seconds_max,api-gateway,10.42.0.187:8080,"{'__name__': 'jvm_gc_pause_seconds_max', 'action': 'end of major GC', 'cause': 'Allocation Failure', 'instance': '10.42.0.187:8080', 'job': 'spring-petclinic'}",0.358,same_network,3,300
2026-07-24T22:03:36.216559+00:00,2026-07-24T22:03:36.308000+00:00,jvm_gc_pause_seconds_max,api-gateway,10.42.1.129:8080,"{'__name__': 'jvm_gc_pause_seconds_max', 'action': 'end of major GC', 'cause': 'Allocation Failure', 'instance': '10.42.1.129:8080', 'job': 'spring-petclinic'}",0.186,same_network,3,300
2026-07-24T22:03:36.216559+00:00,2026-07-24T22:03:36.308000+00:00,jvm_gc_pause_seconds_max,api-gateway,10.42.0.187:8080,"{'__name__': 'jvm_gc_pause_seconds_max', 'action': 'end of minor GC', 'cause': 'Allocation Failure', 'instance': '10.42.0.187:8080', 'job': 'spring-petclinic'}",0.023,same_network,3,300
2026-07-24T22:03:36.216559+00:00,2026-07-24T22:03:36.308000+00:00,jvm_gc_pause_seconds_max,api-gateway,10.42.1.129:8080,"{'__name__': 'jvm_gc_pause_seconds_max', 'action': 'end of minor GC', 'cause': 'Allocation Failure', 'instance': '10.42.1.129:8080', 'job': 'spring-petclinic'}",0.016,same_network,3,300
2026-07-24T22:03:36.216559+00:00,2026-07-24T22:03:36.308000+00:00,jvm_gc_pause_seconds_max,customers-service,10.42.0.186:8080,"{'__name__': 'jvm_gc_pause_seconds_max', 'action': 'end of minor GC', 'cause': 'G1 Evacuation Pause', 'instance': '10.42.0.186:8080', 'job': 'spring-petclinic'}",0.017,same_network,3,300
2026-07-24T22:03:36.216559+00:00,2026-07-24T22:03:36.308000+00:00,jvm_gc_pause_seconds_max,visits-service,10.42.1.122:8080,"{'__name__': 'jvm_gc_pause_seconds_max', 'action': 'end of minor GC', 'cause': 'G1 Evacuation Pause', 'instance': '10.42.1.122:8080', 'job': 'spring-petclinic'}",0.016,same_network,3,300
2026-07-24T22:03:36.216559+00:00,2026-07-24T22:03:36.308000+00:00,jvm_gc_pause_seconds_max,vets-service,10.42.1.123:8080,"{'__name__': 'jvm_gc_pause_seconds_max', 'action': 'end of minor GC', 'cause': 'G1 Evacuation Pause', 'instance': '10.42.1.123:8080', 'job': 'spring-petclinic'}",0.015,same_network,3,300
2026-07-24T22:03:36.216559+00:00,2026-07-24T22:03:36.308000+00:00,jvm_gc_pause_seconds_max,vets-service,10.42.1.124:8080,"{'__name__': 'jvm_gc_pause_seconds_max', 'action': 'end of minor GC', 'cause': 'G1 Evacuation Pause', 'instance': '10.42.1.124:8080', 'job': 'spring-petclinic'}",0.016,same_network,3,300
2026-07-24T22:03:36.216559+00:00,2026-07-24T22:03:36.308000+00:00,jvm_gc_pause_seconds_max,visits-service,10.42.1.125:8080,"{'__name__': 'jvm_gc_pause_seconds_max', 'action': 'end of minor GC', 'cause': 'G1 Evacuation Pause', 'instance': '10.42.1.125:8080', 'job': 'spring-petclinic'}",0.016,same_network,3,300
2026-07-24T22:03:36.216559+00:00,2026-07-24T22:03:36.308000+00:00,jvm_gc_pause_seconds_max,customers-service,10.42.1.126:8080,"{'__name__': 'jvm_gc_pause_seconds_max', 'action': 'end of minor GC', 'cause': 'G1 Evacuation Pause', 'instance': '10.42.1.126:8080', 'job': 'spring-petclinic'}",0.017,same_network,3,300
2026-07-24T22:03:36.216559+00:00,2026-07-24T22:03:36.308000+00:00,jvm_gc_pause_seconds_max,customers-service,10.42.1.126:8080,"{'__name__': 'jvm_gc_pause_seconds_max', 'action': 'end of minor GC', 'cause': 'G1 Preventive Collection', 'instance': '10.42.1.126:8080', 'job': 'spring-petclinic'}",0,same_network,3,300
2026-07-24T22:03:36.216559+00:00,2026-07-24T22:03:36.308000+00:00,jvm_gc_pause_seconds_max,visits-service,10.42.1.125:8080,"{'__name__': 'jvm_gc_pause_seconds_max', 'action': 'end of minor GC', 'cause': 'GCLocker Initiated GC', 'instance': '10.42.1.125:8080', 'job': 'spring-petclinic'}",0,same_network,3,300
2026-07-24T22:03:36.216559+00:00,2026-07-24T22:03:36.308000+00:00,jvm_gc_pause_seconds_max,customers-service,10.42.1.126:8080,"{'__name__': 'jvm_gc_pause_seconds_max', 'action': 'end of minor GC', 'cause': 'GCLocker Initiated GC', 'instance': '10.42.1.126:8080', 'job': 'spring-petclinic'}",0,same_network,3,300
2026-07-24T22:03:36.216559+00:00,2026-07-24T22:03:36.308000+00:00,jvm_gc_pause_seconds_max,customers-service,10.42.0.186:8080,"{'__name__': 'jvm_gc_pause_seconds_max', 'action': 'end of minor GC', 'cause': 'Metadata GC Threshold', 'instance': '10.42.0.186:8080', 'job': 'spring-petclinic'}",0,same_network,3,300
2026-07-24T22:03:36.216559+00:00,2026-07-24T22:03:36.308000+00:00,jvm_gc_pause_seconds_max,visits-service,10.42.1.122:8080,"{'__name__': 'jvm_gc_pause_seconds_max', 'action': 'end of minor GC', 'cause': 'Metadata GC Threshold', 'instance': '10.42.1.122:8080', 'job': 'spring-petclinic'}",0,same_network,3,300
2026-07-24T22:03:36.216559+00:00,2026-07-24T22:03:36.308000+00:00,jvm_gc_pause_seconds_max,vets-service,10.42.1.123:8080,"{'__name__': 'jvm_gc_pause_seconds_max', 'action': 'end of minor GC', 'cause': 'Metadata GC Threshold', 'instance': '10.42.1.123:8080', 'job': 'spring-petclinic'}",0,same_network,3,300
2026-07-24T22:03:36.216559+00:00,2026-07-24T22:03:36.308000+00:00,jvm_gc_pause_seconds_max,vets-service,10.42.1.124:8080,"{'__name__': 'jvm_gc_pause_seconds_max', 'action': 'end of minor GC', 'cause': 'Metadata GC Threshold', 'instance': '10.42.1.124:8080', 'job': 'spring-petclinic'}",0,same_network,3,300
2026-07-24T22:03:36.216559+00:00,2026-07-24T22:03:36.308000+00:00,jvm_gc_pause_seconds_max,visits-service,10.42.1.125:8080,"{'__name__': 'jvm_gc_pause_seconds_max', 'action': 'end of minor GC', 'cause': 'Metadata GC Threshold', 'instance': '10.42.1.125:8080', 'job': 'spring-petclinic'}",0,same_network,3,300
2026-07-24T22:03:36.216559+00:00,2026-07-24T22:03:36.308000+00:00,jvm_gc_pause_seconds_max,customers-service,10.42.1.126:8080,"{'__name__': 'jvm_gc_pause_seconds_max', 'action': 'end of minor GC', 'cause': 'Metadata GC Threshold', 'instance': '10.42.1.126:8080', 'job': 'spring-petclinic'}",0,same_network,3,300
2026-07-24T22:03:36.216559+00:00,2026-07-24T22:03:36.315000+00:00,jvm_buffer_count_buffers,customers-service,10.42.0.186:8080,"{'__name__': 'jvm_buffer_count_buffers', 'id': 'direct', 'instance': '10.42.0.186:8080', 'job': 'spring-petclinic'}",199,same_network,3,300
2026-07-24T22:03:36.216559+00:00,2026-07-24T22:03:36.315000+00:00,jvm_buffer_count_buffers,api-gateway,10.42.0.187:8080,"{'__name__': 'jvm_buffer_count_buffers', 'id': 'direct', 'instance': '10.42.0.187:8080', 'job': 'spring-petclinic'}",32,same_network,3,300
2026-07-24T22:03:36.216559+00:00,2026-07-24T22:03:36.315000+00:00,jvm_buffer_count_buffers,visits-service,10.42.1.122:8080,"{'__name__': 'jvm_buffer_count_buffers', 'id': 'direct', 'instance': '10.42.1.122:8080', 'job': 'spring-petclinic'}",20,same_network,3,300
2026-07-24T22:03:36.216559+00:00,2026-07-24T22:03:36.315000+00:00,jvm_buffer_count_buffers,vets-service,10.42.1.123:8080,"{'__name__': 'jvm_buffer_count_buffers', 'id': 'direct', 'instance': '10.42.1.123:8080', 'job': 'spring-petclinic'}",98,same_network,3,300
2026-07-24T22:03:36.216559+00:00,2026-07-24T22:03:36.315000+00:00,jvm_buffer_count_buffers,vets-service,10.42.1.124:8080,"{'__name__': 'jvm_buffer_count_buffers', 'id': 'direct', 'instance': '10.42.1.124:8080', 'job': 'spring-petclinic'}",79,same_network,3,300
2026-07-24T22:03:36.216559+00:00,2026-07-24T22:03:36.315000+00:00,jvm_buffer_count_buffers,visits-service,10.42.1.125:8080,"{'__name__': 'jvm_buffer_count_buffers', 'id': 'direct', 'instance': '10.42.1.125:8080', 'job': 'spring-petclinic'}",23,same_network,3,300
2026-07-24T22:03:36.216559+00:00,2026-07-24T22:03:36.315000+00:00,jvm_buffer_count_buffers,customers-service,10.42.1.126:8080,"{'__name__': 'jvm_buffer_count_buffers', 'id': 'direct', 'instance': '10.42.1.126:8080', 'job': 'spring-petclinic'}",201,same_network,3,300
2026-07-24T22:03:36.216559+00:00,2026-07-24T22:03:36.315000+00:00,jvm_buffer_count_buffers,api-gateway,10.42.1.129:8080,"{'__name__': 'jvm_buffer_count_buffers', 'id': 'direct', 'instance': '10.42.1.129:8080', 'job': 'spring-petclinic'}",32,same_network,3,300
2026-07-24T22:03:36.216559+00:00,2026-07-24T22:03:36.315000+00:00,jvm_buffer_count_buffers,customers-service,10.42.0.186:8080,"{'__name__': 'jvm_buffer_count_buffers', 'id': 'mapped', 'instance': '10.42.0.186:8080', 'job': 'spring-petclinic'}",0,same_network,3,300
2026-07-24T22:03:36.216559+00:00,2026-07-24T22:03:36.315000+00:00,jvm_buffer_count_buffers,api-gateway,10.42.0.187:8080,"{'__name__': 'jvm_buffer_count_buffers', 'id': 'mapped', 'instance': '10.42.0.187:8080', 'job': 'spring-petclinic'}",0,same_network,3,300
2026-07-24T22:03:36.216559+00:00,2026-07-24T22:03:36.315000+00:00,jvm_buffer_count_buffers,visits-service,10.42.1.122:8080,"{'__name__': 'jvm_buffer_count_buffers', 'id': 'mapped', 'instance': '10.42.1.122:8080', 'job': 'spring-petclinic'}",0,same_network,3,300
2026-07-24T22:03:36.216559+00:00,2026-07-24T22:03:36.315000+00:00,jvm_buffer_count_buffers,vets-service,10.42.1.123:8080,"{'__name__': 'jvm_buffer_count_buffers', 'id': 'mapped', 'instance': '10.42.1.123:8080', 'job': 'spring-petclinic'}",0,same_network,3,300
2026-07-24T22:03:36.216559+00:00,2026-07-24T22:03:36.315000+00:00,jvm_buffer_count_buffers,vets-service,10.42.1.124:8080,"{'__name__': 'jvm_buffer_count_buffers', 'id': 'mapped', 'instance': '10.42.1.124:8080', 'job': 'spring-petclinic'}",0,same_network,3,300
2026-07-24T22:03:36.216559+00:00,2026-07-24T22:03:36.315000+00:00,jvm_buffer_count_buffers,visits-service,10.42.1.125:8080,"{'__name__': 'jvm_buffer_count_buffers', 'id': 'mapped', 'instance': '10.42.1.125:8080', 'job': 'spring-petclinic'}",0,same_network,3,300
2026-07-24T22:03:36.216559+00:00,2026-07-24T22:03:36.315000+00:00,jvm_buffer_count_buffers,customers-service,10.42.1.126:8080,"{'__name__': 'jvm_buffer_count_buffers', 'id': 'mapped', 'instance': '10.42.1.126:8080', 'job': 'spring-petclinic'}",0,same_network,3,300
2026-07-24T22:03:36.216559+00:00,2026-07-24T22:03:36.315000+00:00,jvm_buffer_count_buffers,api-gateway,10.42.1.129:8080,"{'__name__': 'jvm_buffer_count_buffers', 'id': 'mapped', 'instance': '10.42.1.129:8080', 'job': 'spring-petclinic'}",0,same_network,3,300
2026-07-24T22:03:36.216559+00:00,2026-07-24T22:03:36.315000+00:00,jvm_buffer_count_buffers,customers-service,10.42.0.186:8080,"{'__name__': 'jvm_buffer_count_buffers', 'id': ""mapped - 'non-volatile memory'"", 'instance': '10.42.0.186:8080', 'job': 'spring-petclinic'}",0,same_network,3,300
2026-07-24T22:03:36.216559+00:00,2026-07-24T22:03:36.315000+00:00,jvm_buffer_count_buffers,api-gateway,10.42.0.187:8080,"{'__name__': 'jvm_buffer_count_buffers', 'id': ""mapped - 'non-volatile memory'"", 'instance': '10.42.0.187:8080', 'job': 'spring-petclinic'}",0,same_network,3,300
2026-07-24T22:03:36.216559+00:00,2026-07-24T22:03:36.315000+00:00,jvm_buffer_count_buffers,visits-service,10.42.1.122:8080,"{'__name__': 'jvm_buffer_count_buffers', 'id': ""mapped - 'non-volatile memory'"", 'instance': '10.42.1.122:8080', 'job': 'spring-petclinic'}",0,same_network,3,300
2026-07-24T22:03:36.216559+00:00,2026-07-24T22:03:36.315000+00:00,jvm_buffer_count_buffers,vets-service,10.42.1.123:8080,"{'__name__': 'jvm_buffer_count_buffers', 'id': ""mapped - 'non-volatile memory'"", 'instance': '10.42.1.123:8080', 'job': 'spring-petclinic'}",0,same_network,3,300
2026-07-24T22:03:36.216559+00:00,2026-07-24T22:03:36.315000+00:00,jvm_buffer_count_buffers,vets-service,10.42.1.124:8080,"{'__name__': 'jvm_buffer_count_buffers', 'id': ""mapped - 'non-volatile memory'"", 'instance': '10.42.1.124:8080', 'job': 'spring-petclinic'}",0,same_network,3,300
2026-07-24T22:03:36.216559+00:00,2026-07-24T22:03:36.315000+00:00,jvm_buffer_count_buffers,visits-service,10.42.1.125:8080,"{'__name__': 'jvm_buffer_count_buffers', 'id': ""mapped - 'non-volatile memory'"", 'instance': '10.42.1.125:8080', 'job': 'spring-petclinic'}",0,same_network,3,300
2026-07-24T22:03:36.216559+00:00,2026-07-24T22:03:36.315000+00:00,jvm_buffer_count_buffers,customers-service,10.42.1.126:8080,"{'__name__': 'jvm_buffer_count_buffers', 'id': ""mapped - 'non-volatile memory'"", 'instance': '10.42.1.126:8080', 'job': 'spring-petclinic'}",0,same_network,3,300
2026-07-24T22:03:36.216559+00:00,2026-07-24T22:03:36.315000+00:00,jvm_buffer_count_buffers,api-gateway,10.42.1.129:8080,"{'__name__': 'jvm_buffer_count_buffers', 'id': ""mapped - 'non-volatile memory'"", 'instance': '10.42.1.129:8080', 'job': 'spring-petclinic'}",0,same_network,3,300
2026-07-24T22:03:36.216559+00:00,2026-07-24T22:03:36.321000+00:00,jvm_buffer_memory_used_bytes,customers-service,10.42.0.186:8080,"{'__name__': 'jvm_buffer_memory_used_bytes', 'id': 'direct', 'instance': '10.42.0.186:8080', 'job': 'spring-petclinic'}",1715306,same_network,3,300
2026-07-24T22:03:36.216559+00:00,2026-07-24T22:03:36.321000+00:00,jvm_buffer_memory_used_bytes,api-gateway,10.42.0.187:8080,"{'__name__': 'jvm_buffer_memory_used_bytes', 'id': 'direct', 'instance': '10.42.0.187:8080', 'job': 'spring-petclinic'}",34268721,same_network,3,300
2026-07-24T22:03:36.216559+00:00,2026-07-24T22:03:36.321000+00:00,jvm_buffer_memory_used_bytes,visits-service,10.42.1.122:8080,"{'__name__': 'jvm_buffer_memory_used_bytes', 'id': 'direct', 'instance': '10.42.1.122:8080', 'job': 'spring-petclinic'}",220377,same_network,3,300
2026-07-24T22:03:36.216559+00:00,2026-07-24T22:03:36.321000+00:00,jvm_buffer_memory_used_bytes,vets-service,10.42.1.123:8080,"{'__name__': 'jvm_buffer_memory_used_bytes', 'id': 'direct', 'instance': '10.42.1.123:8080', 'job': 'spring-petclinic'}",894511,same_network,3,300
2026-07-24T22:03:36.216559+00:00,2026-07-24T22:03:36.321000+00:00,jvm_buffer_memory_used_bytes,vets-service,10.42.1.124:8080,"{'__name__': 'jvm_buffer_memory_used_bytes', 'id': 'direct', 'instance': '10.42.1.124:8080', 'job': 'spring-petclinic'}",732132,same_network,3,300
2026-07-24T22:03:36.216559+00:00,2026-07-24T22:03:36.321000+00:00,jvm_buffer_memory_used_bytes,visits-service,10.42.1.125:8080,"{'__name__': 'jvm_buffer_memory_used_bytes', 'id': 'direct', 'instance': '10.42.1.125:8080', 'job': 'spring-petclinic'}",237182,same_network,3,300
2026-07-24T22:03:36.216559+00:00,2026-07-24T22:03:36.321000+00:00,jvm_buffer_memory_used_bytes,customers-service,10.42.1.126:8080,"{'__name__': 'jvm_buffer_memory_used_bytes', 'id': 'direct', 'instance': '10.42.1.126:8080', 'job': 'spring-petclinic'}",1731694,same_network,3,300
2026-07-24T22:03:36.216559+00:00,2026-07-24T22:03:36.321000+00:00,jvm_buffer_memory_used_bytes,api-gateway,10.42.1.129:8080,"{'__name__': 'jvm_buffer_memory_used_bytes', 'id': 'direct', 'instance': '10.42.1.129:8080', 'job': 'spring-petclinic'}",34238565,same_network,3,300
2026-07-24T22:03:36.216559+00:00,2026-07-24T22:03:36.321000+00:00,jvm_buffer_memory_used_bytes,customers-service,10.42.0.186:8080,"{'__name__': 'jvm_buffer_memory_used_bytes', 'id': 'mapped', 'instance': '10.42.0.186:8080', 'job': 'spring-petclinic'}",0,same_network,3,300
2026-07-24T22:03:36.216559+00:00,2026-07-24T22:03:36.321000+00:00,jvm_buffer_memory_used_bytes,api-gateway,10.42.0.187:8080,"{'__name__': 'jvm_buffer_memory_used_bytes', 'id': 'mapped', 'instance': '10.42.0.187:8080', 'job': 'spring-petclinic'}",0,same_network,3,300
2026-07-24T22:03:36.216559+00:00,2026-07-24T22:03:36.321000+00:00,jvm_buffer_memory_used_bytes,visits-service,10.42.1.122:8080,"{'__name__': 'jvm_buffer_memory_used_bytes', 'id': 'mapped', 'instance': '10.42.1.122:8080', 'job': 'spring-petclinic'}",0,same_network,3,300
2026-07-24T22:03:36.216559+00:00,2026-07-24T22:03:36.321000+00:00,jvm_buffer_memory_used_bytes,vets-service,10.42.1.123:8080,"{'__name__': 'jvm_buffer_memory_used_bytes', 'id': 'mapped', 'instance': '10.42.1.123:8080', 'job': 'spring-petclinic'}",0,same_network,3,300
2026-07-24T22:03:36.216559+00:00,2026-07-24T22:03:36.321000+00:00,jvm_buffer_memory_used_bytes,vets-service,10.42.1.124:8080,"{'__name__': 'jvm_buffer_memory_used_bytes', 'id': 'mapped', 'instance': '10.42.1.124:8080', 'job': 'spring-petclinic'}",0,same_network,3,300
2026-07-24T22:03:36.216559+00:00,2026-07-24T22:03:36.321000+00:00,jvm_buffer_memory_used_bytes,visits-service,10.42.1.125:8080,"{'__name__': 'jvm_buffer_memory_used_bytes', 'id': 'mapped', 'instance': '10.42.1.125:8080', 'job': 'spring-petclinic'}",0,same_network,3,300
2026-07-24T22:03:36.216559+00:00,2026-07-24T22:03:36.321000+00:00,jvm_buffer_memory_used_bytes,customers-service,10.42.1.126:8080,"{'__name__': 'jvm_buffer_memory_used_bytes', 'id': 'mapped', 'instance': '10.42.1.126:8080', 'job': 'spring-petclinic'}",0,same_network,3,300
2026-07-24T22:03:36.216559+00:00,2026-07-24T22:03:36.321000+00:00,jvm_buffer_memory_used_bytes,api-gateway,10.42.1.129:8080,"{'__name__': 'jvm_buffer_memory_used_bytes', 'id': 'mapped', 'instance': '10.42.1.129:8080', 'job': 'spring-petclinic'}",0,same_network,3,300
2026-07-24T22:03:36.216559+00:00,2026-07-24T22:03:36.321000+00:00,jvm_buffer_memory_used_bytes,customers-service,10.42.0.186:8080,"{'__name__': 'jvm_buffer_memory_used_bytes', 'id': ""mapped - 'non-volatile memory'"", 'instance': '10.42.0.186:8080', 'job': 'spring-petclinic'}",0,same_network,3,300
2026-07-24T22:03:36.216559+00:00,2026-07-24T22:03:36.321000+00:00,jvm_buffer_memory_used_bytes,api-gateway,10.42.0.187:8080,"{'__name__': 'jvm_buffer_memory_used_bytes', 'id': ""mapped - 'non-volatile memory'"", 'instance': '10.42.0.187:8080', 'job': 'spring-petclinic'}",0,same_network,3,300
2026-07-24T22:03:36.216559+00:00,2026-07-24T22:03:36.321000+00:00,jvm_buffer_memory_used_bytes,visits-service,10.42.1.122:8080,"{'__name__': 'jvm_buffer_memory_used_bytes', 'id': ""mapped - 'non-volatile memory'"", 'instance': '10.42.1.122:8080', 'job': 'spring-petclinic'}",0,same_network,3,300
2026-07-24T22:03:36.216559+00:00,2026-07-24T22:03:36.321000+00:00,jvm_buffer_memory_used_bytes,vets-service,10.42.1.123:8080,"{'__name__': 'jvm_buffer_memory_used_bytes', 'id': ""mapped - 'non-volatile memory'"", 'instance': '10.42.1.123:8080', 'job': 'spring-petclinic'}",0,same_network,3,300
2026-07-24T22:03:36.216559+00:00,2026-07-24T22:03:36.321000+00:00,jvm_buffer_memory_used_bytes,vets-service,10.42.1.124:8080,"{'__name__': 'jvm_buffer_memory_used_bytes', 'id': ""mapped - 'non-volatile memory'"", 'instance': '10.42.1.124:8080', 'job': 'spring-petclinic'}",0,same_network,3,300
2026-07-24T22:03:36.216559+00:00,2026-07-24T22:03:36.321000+00:00,jvm_buffer_memory_used_bytes,visits-service,10.42.1.125:8080,"{'__name__': 'jvm_buffer_memory_used_bytes', 'id': ""mapped - 'non-volatile memory'"", 'instance': '10.42.1.125:8080', 'job': 'spring-petclinic'}",0,same_network,3,300
2026-07-24T22:03:36.216559+00:00,2026-07-24T22:03:36.321000+00:00,jvm_buffer_memory_used_bytes,customers-service,10.42.1.126:8080,"{'__name__': 'jvm_buffer_memory_used_bytes', 'id': ""mapped - 'non-volatile memory'"", 'instance': '10.42.1.126:8080', 'job': 'spring-petclinic'}",0,same_network,3,300
2026-07-24T22:03:36.216559+00:00,2026-07-24T22:03:36.321000+00:00,jvm_buffer_memory_used_bytes,api-gateway,10.42.1.129:8080,"{'__name__': 'jvm_buffer_memory_used_bytes', 'id': ""mapped - 'non-volatile memory'"", 'instance': '10.42.1.129:8080', 'job': 'spring-petclinic'}",0,same_network,3,300
2026-07-24T22:03:36.216559+00:00,2026-07-24T22:03:36.327000+00:00,jvm_buffer_total_capacity_bytes,customers-service,10.42.0.186:8080,"{'__name__': 'jvm_buffer_total_capacity_bytes', 'id': 'direct', 'instance': '10.42.0.186:8080', 'job': 'spring-petclinic'}",1715306,same_network,3,300
2026-07-24T22:03:36.216559+00:00,2026-07-24T22:03:36.327000+00:00,jvm_buffer_total_capacity_bytes,api-gateway,10.42.0.187:8080,"{'__name__': 'jvm_buffer_total_capacity_bytes', 'id': 'direct', 'instance': '10.42.0.187:8080', 'job': 'spring-petclinic'}",34268720,same_network,3,300
2026-07-24T22:03:36.216559+00:00,2026-07-24T22:03:36.327000+00:00,jvm_buffer_total_capacity_bytes,visits-service,10.42.1.122:8080,"{'__name__': 'jvm_buffer_total_capacity_bytes', 'id': 'direct', 'instance': '10.42.1.122:8080', 'job': 'spring-petclinic'}",220377,same_network,3,300
2026-07-24T22:03:36.216559+00:00,2026-07-24T22:03:36.327000+00:00,jvm_buffer_total_capacity_bytes,vets-service,10.42.1.123:8080,"{'__name__': 'jvm_buffer_total_capacity_bytes', 'id': 'direct', 'instance': '10.42.1.123:8080', 'job': 'spring-petclinic'}",894511,same_network,3,300
2026-07-24T22:03:36.216559+00:00,2026-07-24T22:03:36.327000+00:00,jvm_buffer_total_capacity_bytes,vets-service,10.42.1.124:8080,"{'__name__': 'jvm_buffer_total_capacity_bytes', 'id': 'direct', 'instance': '10.42.1.124:8080', 'job': 'spring-petclinic'}",732132,same_network,3,300
2026-07-24T22:03:36.216559+00:00,2026-07-24T22:03:36.327000+00:00,jvm_buffer_total_capacity_bytes,visits-service,10.42.1.125:8080,"{'__name__': 'jvm_buffer_total_capacity_bytes', 'id': 'direct', 'instance': '10.42.1.125:8080', 'job': 'spring-petclinic'}",237182,same_network,3,300
2026-07-24T22:03:36.216559+00:00,2026-07-24T22:03:36.327000+00:00,jvm_buffer_total_capacity_bytes,customers-service,10.42.1.126:8080,"{'__name__': 'jvm_buffer_total_capacity_bytes', 'id': 'direct', 'instance': '10.42.1.126:8080', 'job': 'spring-petclinic'}",1731694,same_network,3,300
2026-07-24T22:03:36.216559+00:00,2026-07-24T22:03:36.327000+00:00,jvm_buffer_total_capacity_bytes,api-gateway,10.42.1.129:8080,"{'__name__': 'jvm_buffer_total_capacity_bytes', 'id': 'direct', 'instance': '10.42.1.129:8080', 'job': 'spring-petclinic'}",34238564,same_network,3,300
2026-07-24T22:03:36.216559+00:00,2026-07-24T22:03:36.327000+00:00,jvm_buffer_total_capacity_bytes,customers-service,10.42.0.186:8080,"{'__name__': 'jvm_buffer_total_capacity_bytes', 'id': 'mapped', 'instance': '10.42.0.186:8080', 'job': 'spring-petclinic'}",0,same_network,3,300
2026-07-24T22:03:36.216559+00:00,2026-07-24T22:03:36.327000+00:00,jvm_buffer_total_capacity_bytes,api-gateway,10.42.0.187:8080,"{'__name__': 'jvm_buffer_total_capacity_bytes', 'id': 'mapped', 'instance': '10.42.0.187:8080', 'job': 'spring-petclinic'}",0,same_network,3,300
2026-07-24T22:03:36.216559+00:00,2026-07-24T22:03:36.327000+00:00,jvm_buffer_total_capacity_bytes,visits-service,10.42.1.122:8080,"{'__name__': 'jvm_buffer_total_capacity_bytes', 'id': 'mapped', 'instance': '10.42.1.122:8080', 'job': 'spring-petclinic'}",0,same_network,3,300
2026-07-24T22:03:36.216559+00:00,2026-07-24T22:03:36.327000+00:00,jvm_buffer_total_capacity_bytes,vets-service,10.42.1.123:8080,"{'__name__': 'jvm_buffer_total_capacity_bytes', 'id': 'mapped', 'instance': '10.42.1.123:8080', 'job': 'spring-petclinic'}",0,same_network,3,300
2026-07-24T22:03:36.216559+00:00,2026-07-24T22:03:36.327000+00:00,jvm_buffer_total_capacity_bytes,vets-service,10.42.1.124:8080,"{'__name__': 'jvm_buffer_total_capacity_bytes', 'id': 'mapped', 'instance': '10.42.1.124:8080', 'job': 'spring-petclinic'}",0,same_network,3,300
2026-07-24T22:03:36.216559+00:00,2026-07-24T22:03:36.327000+00:00,jvm_buffer_total_capacity_bytes,visits-service,10.42.1.125:8080,"{'__name__': 'jvm_buffer_total_capacity_bytes', 'id': 'mapped', 'instance': '10.42.1.125:8080', 'job': 'spring-petclinic'}",0,same_network,3,300
2026-07-24T22:03:36.216559+00:00,2026-07-24T22:03:36.327000+00:00,jvm_buffer_total_capacity_bytes,customers-service,10.42.1.126:8080,"{'__name__': 'jvm_buffer_total_capacity_bytes', 'id': 'mapped', 'instance': '10.42.1.126:8080', 'job': 'spring-petclinic'}",0,same_network,3,300
2026-07-24T22:03:36.216559+00:00,2026-07-24T22:03:36.327000+00:00,jvm_buffer_total_capacity_bytes,api-gateway,10.42.1.129:8080,"{'__name__': 'jvm_buffer_total_capacity_bytes', 'id': 'mapped', 'instance': '10.42.1.129:8080', 'job': 'spring-petclinic'}",0,same_network,3,300
2026-07-24T22:03:36.216559+00:00,2026-07-24T22:03:36.327000+00:00,jvm_buffer_total_capacity_bytes,customers-service,10.42.0.186:8080,"{'__name__': 'jvm_buffer_total_capacity_bytes', 'id': ""mapped - 'non-volatile memory'"", 'instance': '10.42.0.186:8080', 'job': 'spring-petclinic'}",0,same_network,3,300
2026-07-24T22:03:36.216559+00:00,2026-07-24T22:03:36.327000+00:00,jvm_buffer_total_capacity_bytes,api-gateway,10.42.0.187:8080,"{'__name__': 'jvm_buffer_total_capacity_bytes', 'id': ""mapped - 'non-volatile memory'"", 'instance': '10.42.0.187:8080', 'job': 'spring-petclinic'}",0,same_network,3,300
2026-07-24T22:03:36.216559+00:00,2026-07-24T22:03:36.327000+00:00,jvm_buffer_total_capacity_bytes,visits-service,10.42.1.122:8080,"{'__name__': 'jvm_buffer_total_capacity_bytes', 'id': ""mapped - 'non-volatile memory'"", 'instance': '10.42.1.122:8080', 'job': 'spring-petclinic'}",0,same_network,3,300
2026-07-24T22:03:36.216559+00:00,2026-07-24T22:03:36.327000+00:00,jvm_buffer_total_capacity_bytes,vets-service,10.42.1.123:8080,"{'__name__': 'jvm_buffer_total_capacity_bytes', 'id': ""mapped - 'non-volatile memory'"", 'instance': '10.42.1.123:8080', 'job': 'spring-petclinic'}",0,same_network,3,300
2026-07-24T22:03:36.216559+00:00,2026-07-24T22:03:36.327000+00:00,jvm_buffer_total_capacity_bytes,vets-service,10.42.1.124:8080,"{'__name__': 'jvm_buffer_total_capacity_bytes', 'id': ""mapped - 'non-volatile memory'"", 'instance': '10.42.1.124:8080', 'job': 'spring-petclinic'}",0,same_network,3,300
2026-07-24T22:03:36.216559+00:00,2026-07-24T22:03:36.327000+00:00,jvm_buffer_total_capacity_bytes,visits-service,10.42.1.125:8080,"{'__name__': 'jvm_buffer_total_capacity_bytes', 'id': ""mapped - 'non-volatile memory'"", 'instance': '10.42.1.125:8080', 'job': 'spring-petclinic'}",0,same_network,3,300
2026-07-24T22:03:36.216559+00:00,2026-07-24T22:03:36.327000+00:00,jvm_buffer_total_capacity_bytes,customers-service,10.42.1.126:8080,"{'__name__': 'jvm_buffer_total_capacity_bytes', 'id': ""mapped - 'non-volatile memory'"", 'instance': '10.42.1.126:8080', 'job': 'spring-petclinic'}",0,same_network,3,300
2026-07-24T22:03:36.216559+00:00,2026-07-24T22:03:36.327000+00:00,jvm_buffer_total_capacity_bytes,api-gateway,10.42.1.129:8080,"{'__name__': 'jvm_buffer_total_capacity_bytes', 'id': ""mapped - 'non-volatile memory'"", 'instance': '10.42.1.129:8080', 'job': 'spring-petclinic'}",0,same_network,3,300
2026-07-24T22:03:36.216559+00:00,2026-07-24T22:03:36.333000+00:00,http_server_requests_seconds_count,api-gateway,10.42.0.187:8080,"{'__name__': 'http_server_requests_seconds_count', 'exception': 'AbortedException', 'instance': '10.42.0.187:8080', 'job': 'spring-petclinic', 'method': 'GET', 'outcome': 'UNKNOWN', 'status': '200', 'uri': 'UNKNOWN'}",380,same_network,3,300
2026-07-24T22:03:36.216559+00:00,2026-07-24T22:03:36.333000+00:00,http_server_requests_seconds_count,api-gateway,10.42.0.187:8080,"{'__name__': 'http_server_requests_seconds_count', 'exception': 'AbortedException', 'instance': '10.42.0.187:8080', 'job': 'spring-petclinic', 'method': 'GET', 'outcome': 'UNKNOWN', 'status': '500', 'uri': 'UNKNOWN'}",1,same_network,3,300
2026-07-24T22:03:36.216559+00:00,2026-07-24T22:03:36.333000+00:00,http_server_requests_seconds_count,api-gateway,10.42.0.187:8080,"{'__name__': 'http_server_requests_seconds_count', 'exception': 'AnnotatedConnectException', 'instance': '10.42.0.187:8080', 'job': 'spring-petclinic', 'method': 'GET', 'outcome': 'SERVER_ERROR', 'status': '500', 'uri': 'UNKNOWN'}",48,same_network,3,300
2026-07-24T22:03:36.216559+00:00,2026-07-24T22:03:36.333000+00:00,http_server_requests_seconds_count,api-gateway,10.42.0.187:8080,"{'__name__': 'http_server_requests_seconds_count', 'exception': 'CancelledServerWebExchangeException', 'instance': '10.42.0.187:8080', 'job': 'spring-petclinic', 'method': 'GET', 'outcome': 'UNKNOWN', 'status': '200', 'uri': '/actuator/health/{*path}'}",4,same_network,3,300
2026-07-24T22:03:36.216559+00:00,2026-07-24T22:03:36.333000+00:00,http_server_requests_seconds_count,api-gateway,10.42.0.187:8080,"{'__name__': 'http_server_requests_seconds_count', 'exception': 'CancelledServerWebExchangeException', 'instance': '10.42.0.187:8080', 'job': 'spring-petclinic', 'method': 'GET', 'outcome': 'UNKNOWN', 'status': '200', 'uri': '/actuator/prometheus'}",2,same_network,3,300
2026-07-24T22:03:36.216559+00:00,2026-07-24T22:03:36.333000+00:00,http_server_requests_seconds_count,api-gateway,10.42.0.187:8080,"{'__name__': 'http_server_requests_seconds_count', 'exception': 'CancelledServerWebExchangeException', 'instance': '10.42.0.187:8080', 'job': 'spring-petclinic', 'method': 'GET', 'outcome': 'UNKNOWN', 'status': '200', 'uri': 'UNKNOWN'}",29684,same_network,3,300
2026-07-24T22:03:36.216559+00:00,2026-07-24T22:03:36.333000+00:00,http_server_requests_seconds_count,api-gateway,10.42.1.129:8080,"{'__name__': 'http_server_requests_seconds_count', 'exception': 'CancelledServerWebExchangeException', 'instance': '10.42.1.129:8080', 'job': 'spring-petclinic', 'method': 'GET', 'outcome': 'UNKNOWN', 'status': '200', 'uri': 'UNKNOWN'}",1,same_network,3,300
2026-07-24T22:03:36.216559+00:00,2026-07-24T22:03:36.333000+00:00,http_server_requests_seconds_count,customers-service,10.42.0.186:8080,"{'__name__': 'http_server_requests_seconds_count', 'exception': 'ClientAbortException', 'instance': '10.42.0.186:8080', 'job': 'spring-petclinic', 'method': 'GET', 'outcome': 'SUCCESS', 'status': '200', 'uri': '/actuator/prometheus'}",6,same_network,3,300
2026-07-24T22:03:36.216559+00:00,2026-07-24T22:03:36.333000+00:00,http_server_requests_seconds_count,api-gateway,10.42.0.187:8080,"{'__name__': 'http_server_requests_seconds_count', 'exception': 'IOException', 'instance': '10.42.0.187:8080', 'job': 'spring-petclinic', 'method': 'GET', 'outcome': 'SERVER_ERROR', 'status': '500', 'uri': 'UNKNOWN'}",1,same_network,3,300
2026-07-24T22:03:36.216559+00:00,2026-07-24T22:03:36.333000+00:00,http_server_requests_seconds_count,customers-service,10.42.0.186:8080,"{'__name__': 'http_server_requests_seconds_count', 'exception': 'None', 'instance': '10.42.0.186:8080', 'job': 'spring-petclinic', 'method': 'GET', 'outcome': 'SUCCESS', 'status': '200', 'uri': '/actuator/health/**'}",1495,same_network,3,300
2026-07-24T22:03:36.216559+00:00,2026-07-24T22:03:36.333000+00:00,http_server_requests_seconds_count,customers-service,10.42.0.186:8080,"{'__name__': 'http_server_requests_seconds_count', 'exception': 'None', 'instance': '10.42.0.186:8080', 'job': 'spring-petclinic', 'method': 'GET', 'outcome': 'SUCCESS', 'status': '200', 'uri': '/actuator/prometheus'}",858,same_network,3,300
2026-07-24T22:03:36.216559+00:00,2026-07-24T22:03:36.333000+00:00,http_server_requests_seconds_count,api-gateway,10.42.0.187:8080,"{'__name__': 'http_server_requests_seconds_count', 'exception': 'None', 'instance': '10.42.0.187:8080', 'job': 'spring-petclinic', 'method': 'GET', 'outcome': 'SUCCESS', 'status': '200', 'uri': '/actuator/health/{*path}'}",1506,same_network,3,300
2026-07-24T22:03:36.216559+00:00,2026-07-24T22:03:36.333000+00:00,http_server_requests_seconds_count,api-gateway,10.42.0.187:8080,"{'__name__': 'http_server_requests_seconds_count', 'exception': 'None', 'instance': '10.42.0.187:8080', 'job': 'spring-petclinic', 'method': 'GET', 'outcome': 'SUCCESS', 'status': '200', 'uri': '/actuator/prometheus'}",862,same_network,3,300
2026-07-24T22:03:36.216559+00:00,2026-07-24T22:03:36.333000+00:00,http_server_requests_seconds_count,api-gateway,10.42.0.187:8080,"{'__name__': 'http_server_requests_seconds_count', 'exception': 'None', 'instance': '10.42.0.187:8080', 'job': 'spring-petclinic', 'method': 'GET', 'outcome': 'SUCCESS', 'status': '200', 'uri': 'UNKNOWN'}",2282280,same_network,3,300
2026-07-24T22:03:36.216559+00:00,2026-07-24T22:03:36.333000+00:00,http_server_requests_seconds_count,visits-service,10.42.1.122:8080,"{'__name__': 'http_server_requests_seconds_count', 'exception': 'None', 'instance': '10.42.1.122:8080', 'job': 'spring-petclinic', 'method': 'GET', 'outcome': 'SUCCESS', 'status': '200', 'uri': '/actuator/health/**'}",1982,same_network,3,300
2026-07-24T22:03:36.216559+00:00,2026-07-24T22:03:36.333000+00:00,http_server_requests_seconds_count,visits-service,10.42.1.122:8080,"{'__name__': 'http_server_requests_seconds_count', 'exception': 'None', 'instance': '10.42.1.122:8080', 'job': 'spring-petclinic', 'method': 'GET', 'outcome': 'SUCCESS', 'status': '200', 'uri': '/actuator/prometheus'}",858,same_network,3,300
2026-07-24T22:03:36.216559+00:00,2026-07-24T22:03:36.333000+00:00,http_server_requests_seconds_count,vets-service,10.42.1.123:8080,"{'__name__': 'http_server_requests_seconds_count', 'exception': 'None', 'instance': '10.42.1.123:8080', 'job': 'spring-petclinic', 'method': 'GET', 'outcome': 'SUCCESS', 'status': '200', 'uri': '/actuator/health/**'}",1983,same_network,3,300
2026-07-24T22:03:36.216559+00:00,2026-07-24T22:03:36.333000+00:00,http_server_requests_seconds_count,vets-service,10.42.1.123:8080,"{'__name__': 'http_server_requests_seconds_count', 'exception': 'None', 'instance': '10.42.1.123:8080', 'job': 'spring-petclinic', 'method': 'GET', 'outcome': 'SUCCESS', 'status': '200', 'uri': '/actuator/prometheus'}",858,same_network,3,300
2026-07-24T22:03:36.216559+00:00,2026-07-24T22:03:36.333000+00:00,http_server_requests_seconds_count,vets-service,10.42.1.123:8080,"{'__name__': 'http_server_requests_seconds_count', 'exception': 'None', 'instance': '10.42.1.123:8080', 'job': 'spring-petclinic', 'method': 'GET', 'outcome': 'SUCCESS', 'status': '200', 'uri': '/vets'}",290930,same_network,3,300
2026-07-24T22:03:36.216559+00:00,2026-07-24T22:03:36.333000+00:00,http_server_requests_seconds_count,vets-service,10.42.1.124:8080,"{'__name__': 'http_server_requests_seconds_count', 'exception': 'None', 'instance': '10.42.1.124:8080', 'job': 'spring-petclinic', 'method': 'GET', 'outcome': 'SUCCESS', 'status': '200', 'uri': '/actuator/health/**'}",1968,same_network,3,300
2026-07-24T22:03:36.216559+00:00,2026-07-24T22:03:36.333000+00:00,http_server_requests_seconds_count,vets-service,10.42.1.124:8080,"{'__name__': 'http_server_requests_seconds_count', 'exception': 'None', 'instance': '10.42.1.124:8080', 'job': 'spring-petclinic', 'method': 'GET', 'outcome': 'SUCCESS', 'status': '200', 'uri': '/actuator/prometheus'}",850,same_network,3,300
2026-07-24T22:03:36.216559+00:00,2026-07-24T22:03:36.333000+00:00,http_server_requests_seconds_count,vets-service,10.42.1.124:8080,"{'__name__': 'http_server_requests_seconds_count', 'exception': 'None', 'instance': '10.42.1.124:8080', 'job': 'spring-petclinic', 'method': 'GET', 'outcome': 'SUCCESS', 'status': '200', 'uri': '/vets'}",296297,same_network,3,300
2026-07-24T22:03:36.216559+00:00,2026-07-24T22:03:36.333000+00:00,http_server_requests_seconds_count,visits-service,10.42.1.125:8080,"{'__name__': 'http_server_requests_seconds_count', 'exception': 'None', 'instance': '10.42.1.125:8080', 'job': 'spring-petclinic', 'method': 'GET', 'outcome': 'SUCCESS', 'status': '200', 'uri': '/actuator/health/**'}",1966,same_network,3,300
2026-07-24T22:03:36.216559+00:00,2026-07-24T22:03:36.333000+00:00,http_server_requests_seconds_count,visits-service,10.42.1.125:8080,"{'__name__': 'http_server_requests_seconds_count', 'exception': 'None', 'instance': '10.42.1.125:8080', 'job': 'spring-petclinic', 'method': 'GET', 'outcome': 'SUCCESS', 'status': '200', 'uri': '/actuator/prometheus'}",850,same_network,3,300
2026-07-24T22:03:36.216559+00:00,2026-07-24T22:03:36.333000+00:00,http_server_requests_seconds_count,customers-service,10.42.1.126:8080,"{'__name__': 'http_server_requests_seconds_count', 'exception': 'None', 'instance': '10.42.1.126:8080', 'job': 'spring-petclinic', 'method': 'GET', 'outcome': 'SUCCESS', 'status': '200', 'uri': '/actuator/health/**'}",1956,same_network,3,300
2026-07-24T22:03:36.216559+00:00,2026-07-24T22:03:36.333000+00:00,http_server_requests_seconds_count,customers-service,10.42.1.126:8080,"{'__name__': 'http_server_requests_seconds_count', 'exception': 'None', 'instance': '10.42.1.126:8080', 'job': 'spring-petclinic', 'method': 'GET', 'outcome': 'SUCCESS', 'status': '200', 'uri': '/actuator/prometheus'}",846,same_network,3,300
2026-07-24T22:03:36.216559+00:00,2026-07-24T22:03:36.333000+00:00,http_server_requests_seconds_count,api-gateway,10.42.1.129:8080,"{'__name__': 'http_server_requests_seconds_count', 'exception': 'None', 'instance': '10.42.1.129:8080', 'job': 'spring-petclinic', 'method': 'GET', 'outcome': 'SUCCESS', 'status': '200', 'uri': '/actuator/health/{*path}'}",22,same_network,3,300
2026-07-24T22:03:36.216559+00:00,2026-07-24T22:03:36.333000+00:00,http_server_requests_seconds_count,api-gateway,10.42.1.129:8080,"{'__name__': 'http_server_requests_seconds_count', 'exception': 'None', 'instance': '10.42.1.129:8080', 'job': 'spring-petclinic', 'method': 'GET', 'outcome': 'SUCCESS', 'status': '200', 'uri': '/actuator/prometheus'}",16,same_network,3,300
2026-07-24T22:03:36.216559+00:00,2026-07-24T22:03:36.333000+00:00,http_server_requests_seconds_count,api-gateway,10.42.1.129:8080,"{'__name__': 'http_server_requests_seconds_count', 'exception': 'None', 'instance': '10.42.1.129:8080', 'job': 'spring-petclinic', 'method': 'GET', 'outcome': 'SUCCESS', 'status': '200', 'uri': 'UNKNOWN'}",10324,same_network,3,300
2026-07-24T22:03:36.216559+00:00,2026-07-24T22:03:36.341000+00:00,http_server_requests_seconds_max,api-gateway,10.42.0.187:8080,"{'__name__': 'http_server_requests_seconds_max', 'exception': 'AbortedException', 'instance': '10.42.0.187:8080', 'job': 'spring-petclinic', 'method': 'GET', 'outcome': 'UNKNOWN', 'status': '200', 'uri': 'UNKNOWN'}",0,same_network,3,300
2026-07-24T22:03:36.216559+00:00,2026-07-24T22:03:36.341000+00:00,http_server_requests_seconds_max,api-gateway,10.42.0.187:8080,"{'__name__': 'http_server_requests_seconds_max', 'exception': 'AbortedException', 'instance': '10.42.0.187:8080', 'job': 'spring-petclinic', 'method': 'GET', 'outcome': 'UNKNOWN', 'status': '500', 'uri': 'UNKNOWN'}",0,same_network,3,300
2026-07-24T22:03:36.216559+00:00,2026-07-24T22:03:36.341000+00:00,http_server_requests_seconds_max,api-gateway,10.42.0.187:8080,"{'__name__': 'http_server_requests_seconds_max', 'exception': 'AnnotatedConnectException', 'instance': '10.42.0.187:8080', 'job': 'spring-petclinic', 'method': 'GET', 'outcome': 'SERVER_ERROR', 'status': '500', 'uri': 'UNKNOWN'}",0,same_network,3,300
2026-07-24T22:03:36.216559+00:00,2026-07-24T22:03:36.341000+00:00,http_server_requests_seconds_max,api-gateway,10.42.0.187:8080,"{'__name__': 'http_server_requests_seconds_max', 'exception': 'CancelledServerWebExchangeException', 'instance': '10.42.0.187:8080', 'job': 'spring-petclinic', 'method': 'GET', 'outcome': 'UNKNOWN', 'status': '200', 'uri': '/actuator/health/{*path}'}",0,same_network,3,300
2026-07-24T22:03:36.216559+00:00,2026-07-24T22:03:36.341000+00:00,http_server_requests_seconds_max,api-gateway,10.42.0.187:8080,"{'__name__': 'http_server_requests_seconds_max', 'exception': 'CancelledServerWebExchangeException', 'instance': '10.42.0.187:8080', 'job': 'spring-petclinic', 'method': 'GET', 'outcome': 'UNKNOWN', 'status': '200', 'uri': '/actuator/prometheus'}",0,same_network,3,300
2026-07-24T22:03:36.216559+00:00,2026-07-24T22:03:36.341000+00:00,http_server_requests_seconds_max,api-gateway,10.42.0.187:8080,"{'__name__': 'http_server_requests_seconds_max', 'exception': 'CancelledServerWebExchangeException', 'instance': '10.42.0.187:8080', 'job': 'spring-petclinic', 'method': 'GET', 'outcome': 'UNKNOWN', 'status': '200', 'uri': 'UNKNOWN'}",5.000658745,same_network,3,300
2026-07-24T22:03:36.216559+00:00,2026-07-24T22:03:36.341000+00:00,http_server_requests_seconds_max,api-gateway,10.42.1.129:8080,"{'__name__': 'http_server_requests_seconds_max', 'exception': 'CancelledServerWebExchangeException', 'instance': '10.42.1.129:8080', 'job': 'spring-petclinic', 'method': 'GET', 'outcome': 'UNKNOWN', 'status': '200', 'uri': 'UNKNOWN'}",5.201713594,same_network,3,300
2026-07-24T22:03:36.216559+00:00,2026-07-24T22:03:36.341000+00:00,http_server_requests_seconds_max,customers-service,10.42.0.186:8080,"{'__name__': 'http_server_requests_seconds_max', 'exception': 'ClientAbortException', 'instance': '10.42.0.186:8080', 'job': 'spring-petclinic', 'method': 'GET', 'outcome': 'SUCCESS', 'status': '200', 'uri': '/actuator/prometheus'}",0,same_network,3,300
2026-07-24T22:03:36.216559+00:00,2026-07-24T22:03:36.341000+00:00,http_server_requests_seconds_max,api-gateway,10.42.0.187:8080,"{'__name__': 'http_server_requests_seconds_max', 'exception': 'IOException', 'instance': '10.42.0.187:8080', 'job': 'spring-petclinic', 'method': 'GET', 'outcome': 'SERVER_ERROR', 'status': '500', 'uri': 'UNKNOWN'}",0,same_network,3,300
2026-07-24T22:03:36.216559+00:00,2026-07-24T22:03:36.341000+00:00,http_server_requests_seconds_max,customers-service,10.42.0.186:8080,"{'__name__': 'http_server_requests_seconds_max', 'exception': 'None', 'instance': '10.42.0.186:8080', 'job': 'spring-petclinic', 'method': 'GET', 'outcome': 'SUCCESS', 'status': '200', 'uri': '/actuator/health/**'}",0.004156534,same_network,3,300
2026-07-24T22:03:36.216559+00:00,2026-07-24T22:03:36.341000+00:00,http_server_requests_seconds_max,customers-service,10.42.0.186:8080,"{'__name__': 'http_server_requests_seconds_max', 'exception': 'None', 'instance': '10.42.0.186:8080', 'job': 'spring-petclinic', 'method': 'GET', 'outcome': 'SUCCESS', 'status': '200', 'uri': '/actuator/prometheus'}",0.008662351,same_network,3,300
2026-07-24T22:03:36.216559+00:00,2026-07-24T22:03:36.341000+00:00,http_server_requests_seconds_max,api-gateway,10.42.0.187:8080,"{'__name__': 'http_server_requests_seconds_max', 'exception': 'None', 'instance': '10.42.0.187:8080', 'job': 'spring-petclinic', 'method': 'GET', 'outcome': 'SUCCESS', 'status': '200', 'uri': '/actuator/health/{*path}'}",0.006284484,same_network,3,300
2026-07-24T22:03:36.216559+00:00,2026-07-24T22:03:36.341000+00:00,http_server_requests_seconds_max,api-gateway,10.42.0.187:8080,"{'__name__': 'http_server_requests_seconds_max', 'exception': 'None', 'instance': '10.42.0.187:8080', 'job': 'spring-petclinic', 'method': 'GET', 'outcome': 'SUCCESS', 'status': '200', 'uri': '/actuator/prometheus'}",0.011042525,same_network,3,300
2026-07-24T22:03:36.216559+00:00,2026-07-24T22:03:36.341000+00:00,http_server_requests_seconds_max,api-gateway,10.42.0.187:8080,"{'__name__': 'http_server_requests_seconds_max', 'exception': 'None', 'instance': '10.42.0.187:8080', 'job': 'spring-petclinic', 'method': 'GET', 'outcome': 'SUCCESS', 'status': '200', 'uri': 'UNKNOWN'}",4.823750087,same_network,3,300
2026-07-24T22:03:36.216559+00:00,2026-07-24T22:03:36.341000+00:00,http_server_requests_seconds_max,visits-service,10.42.1.122:8080,"{'__name__': 'http_server_requests_seconds_max', 'exception': 'None', 'instance': '10.42.1.122:8080', 'job': 'spring-petclinic', 'method': 'GET', 'outcome': 'SUCCESS', 'status': '200', 'uri': '/actuator/health/**'}",0.001881256,same_network,3,300
2026-07-24T22:03:36.216559+00:00,2026-07-24T22:03:36.341000+00:00,http_server_requests_seconds_max,visits-service,10.42.1.122:8080,"{'__name__': 'http_server_requests_seconds_max', 'exception': 'None', 'instance': '10.42.1.122:8080', 'job': 'spring-petclinic', 'method': 'GET', 'outcome': 'SUCCESS', 'status': '200', 'uri': '/actuator/prometheus'}",0.004523625,same_network,3,300
2026-07-24T22:03:36.216559+00:00,2026-07-24T22:03:36.341000+00:00,http_server_requests_seconds_max,vets-service,10.42.1.123:8080,"{'__name__': 'http_server_requests_seconds_max', 'exception': 'None', 'instance': '10.42.1.123:8080', 'job': 'spring-petclinic', 'method': 'GET', 'outcome': 'SUCCESS', 'status': '200', 'uri': '/actuator/health/**'}",0.001529348,same_network,3,300
2026-07-24T22:03:36.216559+00:00,2026-07-24T22:03:36.341000+00:00,http_server_requests_seconds_max,vets-service,10.42.1.123:8080,"{'__name__': 'http_server_requests_seconds_max', 'exception': 'None', 'instance': '10.42.1.123:8080', 'job': 'spring-petclinic', 'method': 'GET', 'outcome': 'SUCCESS', 'status': '200', 'uri': '/actuator/prometheus'}",0.005350662,same_network,3,300
2026-07-24T22:03:36.216559+00:00,2026-07-24T22:03:36.341000+00:00,http_server_requests_seconds_max,vets-service,10.42.1.123:8080,"{'__name__': 'http_server_requests_seconds_max', 'exception': 'None', 'instance': '10.42.1.123:8080', 'job': 'spring-petclinic', 'method': 'GET', 'outcome': 'SUCCESS', 'status': '200', 'uri': '/vets'}",3.501318094,same_network,3,300
2026-07-24T22:03:36.216559+00:00,2026-07-24T22:03:36.341000+00:00,http_server_requests_seconds_max,vets-service,10.42.1.124:8080,"{'__name__': 'http_server_requests_seconds_max', 'exception': 'None', 'instance': '10.42.1.124:8080', 'job': 'spring-petclinic', 'method': 'GET', 'outcome': 'SUCCESS', 'status': '200', 'uri': '/actuator/health/**'}",0.001584974,same_network,3,300
2026-07-24T22:03:36.216559+00:00,2026-07-24T22:03:36.341000+00:00,http_server_requests_seconds_max,vets-service,10.42.1.124:8080,"{'__name__': 'http_server_requests_seconds_max', 'exception': 'None', 'instance': '10.42.1.124:8080', 'job': 'spring-petclinic', 'method': 'GET', 'outcome': 'SUCCESS', 'status': '200', 'uri': '/actuator/prometheus'}",0.006350672,same_network,3,300
2026-07-24T22:03:36.216559+00:00,2026-07-24T22:03:36.341000+00:00,http_server_requests_seconds_max,vets-service,10.42.1.124:8080,"{'__name__': 'http_server_requests_seconds_max', 'exception': 'None', 'instance': '10.42.1.124:8080', 'job': 'spring-petclinic', 'method': 'GET', 'outcome': 'SUCCESS', 'status': '200', 'uri': '/vets'}",5.054864378,same_network,3,300
2026-07-24T22:03:36.216559+00:00,2026-07-24T22:03:36.341000+00:00,http_server_requests_seconds_max,visits-service,10.42.1.125:8080,"{'__name__': 'http_server_requests_seconds_max', 'exception': 'None', 'instance': '10.42.1.125:8080', 'job': 'spring-petclinic', 'method': 'GET', 'outcome': 'SUCCESS', 'status': '200', 'uri': '/actuator/health/**'}",0.001670722,same_network,3,300
2026-07-24T22:03:36.216559+00:00,2026-07-24T22:03:36.341000+00:00,http_server_requests_seconds_max,visits-service,10.42.1.125:8080,"{'__name__': 'http_server_requests_seconds_max', 'exception': 'None', 'instance': '10.42.1.125:8080', 'job': 'spring-petclinic', 'method': 'GET', 'outcome': 'SUCCESS', 'status': '200', 'uri': '/actuator/prometheus'}",0.003858995,same_network,3,300
2026-07-24T22:03:36.216559+00:00,2026-07-24T22:03:36.341000+00:00,http_server_requests_seconds_max,customers-service,10.42.1.126:8080,"{'__name__': 'http_server_requests_seconds_max', 'exception': 'None', 'instance': '10.42.1.126:8080', 'job': 'spring-petclinic', 'method': 'GET', 'outcome': 'SUCCESS', 'status': '200', 'uri': '/actuator/health/**'}",0.002145923,same_network,3,300
2026-07-24T22:03:36.216559+00:00,2026-07-24T22:03:36.341000+00:00,http_server_requests_seconds_max,customers-service,10.42.1.126:8080,"{'__name__': 'http_server_requests_seconds_max', 'exception': 'None', 'instance': '10.42.1.126:8080', 'job': 'spring-petclinic', 'method': 'GET', 'outcome': 'SUCCESS', 'status': '200', 'uri': '/actuator/prometheus'}",0.008269876,same_network,3,300
2026-07-24T22:03:36.216559+00:00,2026-07-24T22:03:36.341000+00:00,http_server_requests_seconds_max,api-gateway,10.42.1.129:8080,"{'__name__': 'http_server_requests_seconds_max', 'exception': 'None', 'instance': '10.42.1.129:8080', 'job': 'spring-petclinic', 'method': 'GET', 'outcome': 'SUCCESS', 'status': '200', 'uri': '/actuator/health/{*path}'}",0.013988123,same_network,3,300
2026-07-24T22:03:36.216559+00:00,2026-07-24T22:03:36.341000+00:00,http_server_requests_seconds_max,api-gateway,10.42.1.129:8080,"{'__name__': 'http_server_requests_seconds_max', 'exception': 'None', 'instance': '10.42.1.129:8080', 'job': 'spring-petclinic', 'method': 'GET', 'outcome': 'SUCCESS', 'status': '200', 'uri': '/actuator/prometheus'}",0.011087752,same_network,3,300
2026-07-24T22:03:36.216559+00:00,2026-07-24T22:03:36.341000+00:00,http_server_requests_seconds_max,api-gateway,10.42.1.129:8080,"{'__name__': 'http_server_requests_seconds_max', 'exception': 'None', 'instance': '10.42.1.129:8080', 'job': 'spring-petclinic', 'method': 'GET', 'outcome': 'SUCCESS', 'status': '200', 'uri': 'UNKNOWN'}",5.169451602,same_network,3,300
2026-07-24T22:03:36.216559+00:00,2026-07-24T22:03:36.348000+00:00,http_server_requests_seconds_sum,api-gateway,10.42.0.187:8080,"{'__name__': 'http_server_requests_seconds_sum', 'exception': 'AbortedException', 'instance': '10.42.0.187:8080', 'job': 'spring-petclinic', 'method': 'GET', 'outcome': 'UNKNOWN', 'status': '200', 'uri': 'UNKNOWN'}",1940.909934275,same_network,3,300
2026-07-24T22:03:36.216559+00:00,2026-07-24T22:03:36.348000+00:00,http_server_requests_seconds_sum,api-gateway,10.42.0.187:8080,"{'__name__': 'http_server_requests_seconds_sum', 'exception': 'AbortedException', 'instance': '10.42.0.187:8080', 'job': 'spring-petclinic', 'method': 'GET', 'outcome': 'UNKNOWN', 'status': '500', 'uri': 'UNKNOWN'}",0.059373633,same_network,3,300
2026-07-24T22:03:36.216559+00:00,2026-07-24T22:03:36.348000+00:00,http_server_requests_seconds_sum,api-gateway,10.42.0.187:8080,"{'__name__': 'http_server_requests_seconds_sum', 'exception': 'AnnotatedConnectException', 'instance': '10.42.0.187:8080', 'job': 'spring-petclinic', 'method': 'GET', 'outcome': 'SERVER_ERROR', 'status': '500', 'uri': 'UNKNOWN'}",116.508028567,same_network,3,300
2026-07-24T22:03:36.216559+00:00,2026-07-24T22:03:36.348000+00:00,http_server_requests_seconds_sum,api-gateway,10.42.0.187:8080,"{'__name__': 'http_server_requests_seconds_sum', 'exception': 'CancelledServerWebExchangeException', 'instance': '10.42.0.187:8080', 'job': 'spring-petclinic', 'method': 'GET', 'outcome': 'UNKNOWN', 'status': '200', 'uri': '/actuator/health/{*path}'}",1.58601679,same_network,3,300
2026-07-24T22:03:36.216559+00:00,2026-07-24T22:03:36.348000+00:00,http_server_requests_seconds_sum,api-gateway,10.42.0.187:8080,"{'__name__': 'http_server_requests_seconds_sum', 'exception': 'CancelledServerWebExchangeException', 'instance': '10.42.0.187:8080', 'job': 'spring-petclinic', 'method': 'GET', 'outcome': 'UNKNOWN', 'status': '200', 'uri': '/actuator/prometheus'}",0.045098422,same_network,3,300
2026-07-24T22:03:36.216559+00:00,2026-07-24T22:03:36.348000+00:00,http_server_requests_seconds_sum,api-gateway,10.42.0.187:8080,"{'__name__': 'http_server_requests_seconds_sum', 'exception': 'CancelledServerWebExchangeException', 'instance': '10.42.0.187:8080', 'job': 'spring-petclinic', 'method': 'GET', 'outcome': 'UNKNOWN', 'status': '200', 'uri': 'UNKNOWN'}",148102.699431054,same_network,3,300
2026-07-24T22:03:36.216559+00:00,2026-07-24T22:03:36.348000+00:00,http_server_requests_seconds_sum,api-gateway,10.42.1.129:8080,"{'__name__': 'http_server_requests_seconds_sum', 'exception': 'CancelledServerWebExchangeException', 'instance': '10.42.1.129:8080', 'job': 'spring-petclinic', 'method': 'GET', 'outcome': 'UNKNOWN', 'status': '200', 'uri': 'UNKNOWN'}",5.201713594,same_network,3,300
2026-07-24T22:03:36.216559+00:00,2026-07-24T22:03:36.348000+00:00,http_server_requests_seconds_sum,customers-service,10.42.0.186:8080,"{'__name__': 'http_server_requests_seconds_sum', 'exception': 'ClientAbortException', 'instance': '10.42.0.186:8080', 'job': 'spring-petclinic', 'method': 'GET', 'outcome': 'SUCCESS', 'status': '200', 'uri': '/actuator/prometheus'}",0.222459988,same_network,3,300
2026-07-24T22:03:36.216559+00:00,2026-07-24T22:03:36.348000+00:00,http_server_requests_seconds_sum,api-gateway,10.42.0.187:8080,"{'__name__': 'http_server_requests_seconds_sum', 'exception': 'IOException', 'instance': '10.42.0.187:8080', 'job': 'spring-petclinic', 'method': 'GET', 'outcome': 'SERVER_ERROR', 'status': '500', 'uri': 'UNKNOWN'}",0.12780342,same_network,3,300
2026-07-24T22:03:36.216559+00:00,2026-07-24T22:03:36.348000+00:00,http_server_requests_seconds_sum,customers-service,10.42.0.186:8080,"{'__name__': 'http_server_requests_seconds_sum', 'exception': 'None', 'instance': '10.42.0.186:8080', 'job': 'spring-petclinic', 'method': 'GET', 'outcome': 'SUCCESS', 'status': '200', 'uri': '/actuator/health/**'}",2.866280085,same_network,3,300
2026-07-24T22:03:36.216559+00:00,2026-07-24T22:03:36.348000+00:00,http_server_requests_seconds_sum,customers-service,10.42.0.186:8080,"{'__name__': 'http_server_requests_seconds_sum', 'exception': 'None', 'instance': '10.42.0.186:8080', 'job': 'spring-petclinic', 'method': 'GET', 'outcome': 'SUCCESS', 'status': '200', 'uri': '/actuator/prometheus'}",5.379854201,same_network,3,300
2026-07-24T22:03:36.216559+00:00,2026-07-24T22:03:36.348000+00:00,http_server_requests_seconds_sum,api-gateway,10.42.0.187:8080,"{'__name__': 'http_server_requests_seconds_sum', 'exception': 'None', 'instance': '10.42.0.187:8080', 'job': 'spring-petclinic', 'method': 'GET', 'outcome': 'SUCCESS', 'status': '200', 'uri': '/actuator/health/{*path}'}",9.909995298,same_network,3,300
2026-07-24T22:03:36.216559+00:00,2026-07-24T22:03:36.348000+00:00,http_server_requests_seconds_sum,api-gateway,10.42.0.187:8080,"{'__name__': 'http_server_requests_seconds_sum', 'exception': 'None', 'instance': '10.42.0.187:8080', 'job': 'spring-petclinic', 'method': 'GET', 'outcome': 'SUCCESS', 'status': '200', 'uri': '/actuator/prometheus'}",9.914379056,same_network,3,300
2026-07-24T22:03:36.216559+00:00,2026-07-24T22:03:36.348000+00:00,http_server_requests_seconds_sum,api-gateway,10.42.0.187:8080,"{'__name__': 'http_server_requests_seconds_sum', 'exception': 'None', 'instance': '10.42.0.187:8080', 'job': 'spring-petclinic', 'method': 'GET', 'outcome': 'SUCCESS', 'status': '200', 'uri': 'UNKNOWN'}",281496.309588324,same_network,3,300
2026-07-24T22:03:36.216559+00:00,2026-07-24T22:03:36.348000+00:00,http_server_requests_seconds_sum,visits-service,10.42.1.122:8080,"{'__name__': 'http_server_requests_seconds_sum', 'exception': 'None', 'instance': '10.42.1.122:8080', 'job': 'spring-petclinic', 'method': 'GET', 'outcome': 'SUCCESS', 'status': '200', 'uri': '/actuator/health/**'}",6.816516272,same_network,3,300
2026-07-24T22:03:36.216559+00:00,2026-07-24T22:03:36.348000+00:00,http_server_requests_seconds_sum,visits-service,10.42.1.122:8080,"{'__name__': 'http_server_requests_seconds_sum', 'exception': 'None', 'instance': '10.42.1.122:8080', 'job': 'spring-petclinic', 'method': 'GET', 'outcome': 'SUCCESS', 'status': '200', 'uri': '/actuator/prometheus'}",5.412598757,same_network,3,300
2026-07-24T22:03:36.216559+00:00,2026-07-24T22:03:36.348000+00:00,http_server_requests_seconds_sum,vets-service,10.42.1.123:8080,"{'__name__': 'http_server_requests_seconds_sum', 'exception': 'None', 'instance': '10.42.1.123:8080', 'job': 'spring-petclinic', 'method': 'GET', 'outcome': 'SUCCESS', 'status': '200', 'uri': '/actuator/health/**'}",4.047140065,same_network,3,300
2026-07-24T22:03:36.216559+00:00,2026-07-24T22:03:36.348000+00:00,http_server_requests_seconds_sum,vets-service,10.42.1.123:8080,"{'__name__': 'http_server_requests_seconds_sum', 'exception': 'None', 'instance': '10.42.1.123:8080', 'job': 'spring-petclinic', 'method': 'GET', 'outcome': 'SUCCESS', 'status': '200', 'uri': '/actuator/prometheus'}",4.934166642,same_network,3,300
2026-07-24T22:03:36.216559+00:00,2026-07-24T22:03:36.348000+00:00,http_server_requests_seconds_sum,vets-service,10.42.1.123:8080,"{'__name__': 'http_server_requests_seconds_sum', 'exception': 'None', 'instance': '10.42.1.123:8080', 'job': 'spring-petclinic', 'method': 'GET', 'outcome': 'SUCCESS', 'status': '200', 'uri': '/vets'}",39786.662419529,same_network,3,300
2026-07-24T22:03:36.216559+00:00,2026-07-24T22:03:36.348000+00:00,http_server_requests_seconds_sum,vets-service,10.42.1.124:8080,"{'__name__': 'http_server_requests_seconds_sum', 'exception': 'None', 'instance': '10.42.1.124:8080', 'job': 'spring-petclinic', 'method': 'GET', 'outcome': 'SUCCESS', 'status': '200', 'uri': '/actuator/health/**'}",4.278642917,same_network,3,300
2026-07-24T22:03:36.216559+00:00,2026-07-24T22:03:36.348000+00:00,http_server_requests_seconds_sum,vets-service,10.42.1.124:8080,"{'__name__': 'http_server_requests_seconds_sum', 'exception': 'None', 'instance': '10.42.1.124:8080', 'job': 'spring-petclinic', 'method': 'GET', 'outcome': 'SUCCESS', 'status': '200', 'uri': '/actuator/prometheus'}",6.262329269,same_network,3,300
2026-07-24T22:03:36.216559+00:00,2026-07-24T22:03:36.348000+00:00,http_server_requests_seconds_sum,vets-service,10.42.1.124:8080,"{'__name__': 'http_server_requests_seconds_sum', 'exception': 'None', 'instance': '10.42.1.124:8080', 'job': 'spring-petclinic', 'method': 'GET', 'outcome': 'SUCCESS', 'status': '200', 'uri': '/vets'}",40556.585846431,same_network,3,300
2026-07-24T22:03:36.216559+00:00,2026-07-24T22:03:36.348000+00:00,http_server_requests_seconds_sum,visits-service,10.42.1.125:8080,"{'__name__': 'http_server_requests_seconds_sum', 'exception': 'None', 'instance': '10.42.1.125:8080', 'job': 'spring-petclinic', 'method': 'GET', 'outcome': 'SUCCESS', 'status': '200', 'uri': '/actuator/health/**'}",5.660550632,same_network,3,300
2026-07-24T22:03:36.216559+00:00,2026-07-24T22:03:36.348000+00:00,http_server_requests_seconds_sum,visits-service,10.42.1.125:8080,"{'__name__': 'http_server_requests_seconds_sum', 'exception': 'None', 'instance': '10.42.1.125:8080', 'job': 'spring-petclinic', 'method': 'GET', 'outcome': 'SUCCESS', 'status': '200', 'uri': '/actuator/prometheus'}",4.115237212,same_network,3,300
2026-07-24T22:03:36.216559+00:00,2026-07-24T22:03:36.348000+00:00,http_server_requests_seconds_sum,customers-service,10.42.1.126:8080,"{'__name__': 'http_server_requests_seconds_sum', 'exception': 'None', 'instance': '10.42.1.126:8080', 'job': 'spring-petclinic', 'method': 'GET', 'outcome': 'SUCCESS', 'status': '200', 'uri': '/actuator/health/**'}",3.418930782,same_network,3,300
2026-07-24T22:03:36.216559+00:00,2026-07-24T22:03:36.348000+00:00,http_server_requests_seconds_sum,customers-service,10.42.1.126:8080,"{'__name__': 'http_server_requests_seconds_sum', 'exception': 'None', 'instance': '10.42.1.126:8080', 'job': 'spring-petclinic', 'method': 'GET', 'outcome': 'SUCCESS', 'status': '200', 'uri': '/actuator/prometheus'}",5.069899674,same_network,3,300
2026-07-24T22:03:36.216559+00:00,2026-07-24T22:03:36.348000+00:00,http_server_requests_seconds_sum,api-gateway,10.42.1.129:8080,"{'__name__': 'http_server_requests_seconds_sum', 'exception': 'None', 'instance': '10.42.1.129:8080', 'job': 'spring-petclinic', 'method': 'GET', 'outcome': 'SUCCESS', 'status': '200', 'uri': '/actuator/health/{*path}'}",0.296468795,same_network,3,300
2026-07-24T22:03:36.216559+00:00,2026-07-24T22:03:36.348000+00:00,http_server_requests_seconds_sum,api-gateway,10.42.1.129:8080,"{'__name__': 'http_server_requests_seconds_sum', 'exception': 'None', 'instance': '10.42.1.129:8080', 'job': 'spring-petclinic', 'method': 'GET', 'outcome': 'SUCCESS', 'status': '200', 'uri': '/actuator/prometheus'}",0.464988338,same_network,3,300
2026-07-24T22:03:36.216559+00:00,2026-07-24T22:03:36.348000+00:00,http_server_requests_seconds_sum,api-gateway,10.42.1.129:8080,"{'__name__': 'http_server_requests_seconds_sum', 'exception': 'None', 'instance': '10.42.1.129:8080', 'job': 'spring-petclinic', 'method': 'GET', 'outcome': 'SUCCESS', 'status': '200', 'uri': 'UNKNOWN'}",2656.907384462,same_network,3,300
2026-07-24T22:03:36.216559+00:00,2026-07-24T22:03:36.353000+00:00,spring_cloud_gateway_requests_seconds_count,api-gateway,10.42.0.187:8080,"{'__name__': 'spring_cloud_gateway_requests_seconds_count', 'httpMethod': 'GET', 'httpStatusCode': '200', 'instance': '10.42.0.187:8080', 'job': 'spring-petclinic', 'outcome': 'SUCCESSFUL', 'routeId': 'customers-service', 'routeUri': 'http://customers-service.spring-petclinic.svc.cluster.local:8080', 'status': 'OK'}",1140420,same_network,3,300
2026-07-24T22:03:36.216559+00:00,2026-07-24T22:03:36.353000+00:00,spring_cloud_gateway_requests_seconds_count,api-gateway,10.42.0.187:8080,"{'__name__': 'spring_cloud_gateway_requests_seconds_count', 'httpMethod': 'GET', 'httpStatusCode': '200', 'instance': '10.42.0.187:8080', 'job': 'spring-petclinic', 'outcome': 'SUCCESSFUL', 'routeId': 'vets-service', 'routeUri': 'http://vets-service.spring-petclinic.svc.cluster.local:8080', 'status': 'OK'}",570289,same_network,3,300
2026-07-24T22:03:36.216559+00:00,2026-07-24T22:03:36.353000+00:00,spring_cloud_gateway_requests_seconds_count,api-gateway,10.42.0.187:8080,"{'__name__': 'spring_cloud_gateway_requests_seconds_count', 'httpMethod': 'GET', 'httpStatusCode': '200', 'instance': '10.42.0.187:8080', 'job': 'spring-petclinic', 'outcome': 'SUCCESSFUL', 'routeId': 'visits-service', 'routeUri': 'http://visits-service.spring-petclinic.svc.cluster.local:8080', 'status': 'OK'}",571953,same_network,3,300
2026-07-24T22:03:36.216559+00:00,2026-07-24T22:03:36.353000+00:00,spring_cloud_gateway_requests_seconds_count,api-gateway,10.42.1.129:8080,"{'__name__': 'spring_cloud_gateway_requests_seconds_count', 'httpMethod': 'GET', 'httpStatusCode': '200', 'instance': '10.42.1.129:8080', 'job': 'spring-petclinic', 'outcome': 'SUCCESSFUL', 'routeId': 'customers-service', 'routeUri': 'http://customers-service.spring-petclinic.svc.cluster.local:8080', 'status': 'OK'}",5198,same_network,3,300
2026-07-24T22:03:36.216559+00:00,2026-07-24T22:03:36.353000+00:00,spring_cloud_gateway_requests_seconds_count,api-gateway,10.42.1.129:8080,"{'__name__': 'spring_cloud_gateway_requests_seconds_count', 'httpMethod': 'GET', 'httpStatusCode': '200', 'instance': '10.42.1.129:8080', 'job': 'spring-petclinic', 'outcome': 'SUCCESSFUL', 'routeId': 'vets-service', 'routeUri': 'http://vets-service.spring-petclinic.svc.cluster.local:8080', 'status': 'OK'}",2502,same_network,3,300
2026-07-24T22:03:36.216559+00:00,2026-07-24T22:03:36.353000+00:00,spring_cloud_gateway_requests_seconds_count,api-gateway,10.42.1.129:8080,"{'__name__': 'spring_cloud_gateway_requests_seconds_count', 'httpMethod': 'GET', 'httpStatusCode': '200', 'instance': '10.42.1.129:8080', 'job': 'spring-petclinic', 'outcome': 'SUCCESSFUL', 'routeId': 'visits-service', 'routeUri': 'http://visits-service.spring-petclinic.svc.cluster.local:8080', 'status': 'OK'}",2624,same_network,3,300
2026-07-24T22:03:36.216559+00:00,2026-07-24T22:03:36.353000+00:00,spring_cloud_gateway_requests_seconds_count,api-gateway,10.42.0.187:8080,"{'__name__': 'spring_cloud_gateway_requests_seconds_count', 'httpMethod': 'GET', 'httpStatusCode': '500', 'instance': '10.42.0.187:8080', 'job': 'spring-petclinic', 'outcome': 'SERVER_ERROR', 'routeId': 'customers-service', 'routeUri': 'http://customers-service.spring-petclinic.svc.cluster.local:8080', 'status': 'INTERNAL_SERVER_ERROR'}",2,same_network,3,300
2026-07-24T22:03:36.216559+00:00,2026-07-24T22:03:36.353000+00:00,spring_cloud_gateway_requests_seconds_count,api-gateway,10.42.0.187:8080,"{'__name__': 'spring_cloud_gateway_requests_seconds_count', 'httpMethod': 'GET', 'httpStatusCode': '500', 'instance': '10.42.0.187:8080', 'job': 'spring-petclinic', 'outcome': 'SERVER_ERROR', 'routeId': 'vets-service', 'routeUri': 'http://vets-service.spring-petclinic.svc.cluster.local:8080', 'status': 'INTERNAL_SERVER_ERROR'}",22,same_network,3,300
2026-07-24T22:03:36.216559+00:00,2026-07-24T22:03:36.353000+00:00,spring_cloud_gateway_requests_seconds_count,api-gateway,10.42.0.187:8080,"{'__name__': 'spring_cloud_gateway_requests_seconds_count', 'httpMethod': 'GET', 'httpStatusCode': '500', 'instance': '10.42.0.187:8080', 'job': 'spring-petclinic', 'outcome': 'SERVER_ERROR', 'routeId': 'visits-service', 'routeUri': 'http://visits-service.spring-petclinic.svc.cluster.local:8080', 'status': 'INTERNAL_SERVER_ERROR'}",26,same_network,3,300
2026-07-24T22:03:36.216559+00:00,2026-07-24T22:03:36.361000+00:00,spring_cloud_gateway_requests_seconds_max,api-gateway,10.42.0.187:8080,"{'__name__': 'spring_cloud_gateway_requests_seconds_max', 'httpMethod': 'GET', 'httpStatusCode': '200', 'instance': '10.42.0.187:8080', 'job': 'spring-petclinic', 'outcome': 'SUCCESSFUL', 'routeId': 'customers-service', 'routeUri': 'http://customers-service.spring-petclinic.svc.cluster.local:8080', 'status': 'OK'}",4.651436962,same_network,3,300
2026-07-24T22:03:36.216559+00:00,2026-07-24T22:03:36.361000+00:00,spring_cloud_gateway_requests_seconds_max,api-gateway,10.42.0.187:8080,"{'__name__': 'spring_cloud_gateway_requests_seconds_max', 'httpMethod': 'GET', 'httpStatusCode': '200', 'instance': '10.42.0.187:8080', 'job': 'spring-petclinic', 'outcome': 'SUCCESSFUL', 'routeId': 'vets-service', 'routeUri': 'http://vets-service.spring-petclinic.svc.cluster.local:8080', 'status': 'OK'}",4.82249967,same_network,3,300
2026-07-24T22:03:36.216559+00:00,2026-07-24T22:03:36.361000+00:00,spring_cloud_gateway_requests_seconds_max,api-gateway,10.42.0.187:8080,"{'__name__': 'spring_cloud_gateway_requests_seconds_max', 'httpMethod': 'GET', 'httpStatusCode': '200', 'instance': '10.42.0.187:8080', 'job': 'spring-petclinic', 'outcome': 'SUCCESSFUL', 'routeId': 'visits-service', 'routeUri': 'http://visits-service.spring-petclinic.svc.cluster.local:8080', 'status': 'OK'}",1.108286388,same_network,3,300
2026-07-24T22:03:36.216559+00:00,2026-07-24T22:03:36.361000+00:00,spring_cloud_gateway_requests_seconds_max,api-gateway,10.42.1.129:8080,"{'__name__': 'spring_cloud_gateway_requests_seconds_max', 'httpMethod': 'GET', 'httpStatusCode': '200', 'instance': '10.42.1.129:8080', 'job': 'spring-petclinic', 'outcome': 'SUCCESSFUL', 'routeId': 'customers-service', 'routeUri': 'http://customers-service.spring-petclinic.svc.cluster.local:8080', 'status': 'OK'}",5.166451765,same_network,3,300
2026-07-24T22:03:36.216559+00:00,2026-07-24T22:03:36.361000+00:00,spring_cloud_gateway_requests_seconds_max,api-gateway,10.42.1.129:8080,"{'__name__': 'spring_cloud_gateway_requests_seconds_max', 'httpMethod': 'GET', 'httpStatusCode': '200', 'instance': '10.42.1.129:8080', 'job': 'spring-petclinic', 'outcome': 'SUCCESSFUL', 'routeId': 'vets-service', 'routeUri': 'http://vets-service.spring-petclinic.svc.cluster.local:8080', 'status': 'OK'}",3.599073485,same_network,3,300
2026-07-24T22:03:36.216559+00:00,2026-07-24T22:03:36.361000+00:00,spring_cloud_gateway_requests_seconds_max,api-gateway,10.42.1.129:8080,"{'__name__': 'spring_cloud_gateway_requests_seconds_max', 'httpMethod': 'GET', 'httpStatusCode': '200', 'instance': '10.42.1.129:8080', 'job': 'spring-petclinic', 'outcome': 'SUCCESSFUL', 'routeId': 'visits-service', 'routeUri': 'http://visits-service.spring-petclinic.svc.cluster.local:8080', 'status': 'OK'}",1.498390102,same_network,3,300
2026-07-24T22:03:36.216559+00:00,2026-07-24T22:03:36.361000+00:00,spring_cloud_gateway_requests_seconds_max,api-gateway,10.42.0.187:8080,"{'__name__': 'spring_cloud_gateway_requests_seconds_max', 'httpMethod': 'GET', 'httpStatusCode': '500', 'instance': '10.42.0.187:8080', 'job': 'spring-petclinic', 'outcome': 'SERVER_ERROR', 'routeId': 'customers-service', 'routeUri': 'http://customers-service.spring-petclinic.svc.cluster.local:8080', 'status': 'INTERNAL_SERVER_ERROR'}",0,same_network,3,300
2026-07-24T22:03:36.216559+00:00,2026-07-24T22:03:36.361000+00:00,spring_cloud_gateway_requests_seconds_max,api-gateway,10.42.0.187:8080,"{'__name__': 'spring_cloud_gateway_requests_seconds_max', 'httpMethod': 'GET', 'httpStatusCode': '500', 'instance': '10.42.0.187:8080', 'job': 'spring-petclinic', 'outcome': 'SERVER_ERROR', 'routeId': 'vets-service', 'routeUri': 'http://vets-service.spring-petclinic.svc.cluster.local:8080', 'status': 'INTERNAL_SERVER_ERROR'}",0,same_network,3,300
2026-07-24T22:03:36.216559+00:00,2026-07-24T22:03:36.361000+00:00,spring_cloud_gateway_requests_seconds_max,api-gateway,10.42.0.187:8080,"{'__name__': 'spring_cloud_gateway_requests_seconds_max', 'httpMethod': 'GET', 'httpStatusCode': '500', 'instance': '10.42.0.187:8080', 'job': 'spring-petclinic', 'outcome': 'SERVER_ERROR', 'routeId': 'visits-service', 'routeUri': 'http://visits-service.spring-petclinic.svc.cluster.local:8080', 'status': 'INTERNAL_SERVER_ERROR'}",0,same_network,3,300
2026-07-24T22:03:36.216559+00:00,2026-07-24T22:03:36.365000+00:00,spring_cloud_gateway_requests_seconds_sum,api-gateway,10.42.0.187:8080,"{'__name__': 'spring_cloud_gateway_requests_seconds_sum', 'httpMethod': 'GET', 'httpStatusCode': '200', 'instance': '10.42.0.187:8080', 'job': 'spring-petclinic', 'outcome': 'SUCCESSFUL', 'routeId': 'customers-service', 'routeUri': 'http://customers-service.spring-petclinic.svc.cluster.local:8080', 'status': 'OK'}",183589.153616278,same_network,3,300
2026-07-24T22:03:36.216559+00:00,2026-07-24T22:03:36.365000+00:00,spring_cloud_gateway_requests_seconds_sum,api-gateway,10.42.0.187:8080,"{'__name__': 'spring_cloud_gateway_requests_seconds_sum', 'httpMethod': 'GET', 'httpStatusCode': '200', 'instance': '10.42.0.187:8080', 'job': 'spring-petclinic', 'outcome': 'SUCCESSFUL', 'routeId': 'vets-service', 'routeUri': 'http://vets-service.spring-petclinic.svc.cluster.local:8080', 'status': 'OK'}",78333.178687904,same_network,3,300
2026-07-24T22:03:36.216559+00:00,2026-07-24T22:03:36.365000+00:00,spring_cloud_gateway_requests_seconds_sum,api-gateway,10.42.0.187:8080,"{'__name__': 'spring_cloud_gateway_requests_seconds_sum', 'httpMethod': 'GET', 'httpStatusCode': '200', 'instance': '10.42.0.187:8080', 'job': 'spring-petclinic', 'outcome': 'SUCCESSFUL', 'routeId': 'visits-service', 'routeUri': 'http://visits-service.spring-petclinic.svc.cluster.local:8080', 'status': 'OK'}",15473.193291019,same_network,3,300
2026-07-24T22:03:36.216559+00:00,2026-07-24T22:03:36.365000+00:00,spring_cloud_gateway_requests_seconds_sum,api-gateway,10.42.1.129:8080,"{'__name__': 'spring_cloud_gateway_requests_seconds_sum', 'httpMethod': 'GET', 'httpStatusCode': '200', 'instance': '10.42.1.129:8080', 'job': 'spring-petclinic', 'outcome': 'SUCCESSFUL', 'routeId': 'customers-service', 'routeUri': 'http://customers-service.spring-petclinic.svc.cluster.local:8080', 'status': 'OK'}",2049.176958937,same_network,3,300
2026-07-24T22:03:36.216559+00:00,2026-07-24T22:03:36.365000+00:00,spring_cloud_gateway_requests_seconds_sum,api-gateway,10.42.1.129:8080,"{'__name__': 'spring_cloud_gateway_requests_seconds_sum', 'httpMethod': 'GET', 'httpStatusCode': '200', 'instance': '10.42.1.129:8080', 'job': 'spring-petclinic', 'outcome': 'SUCCESSFUL', 'routeId': 'vets-service', 'routeUri': 'http://vets-service.spring-petclinic.svc.cluster.local:8080', 'status': 'OK'}",523.743183909,same_network,3,300
2026-07-24T22:03:36.216559+00:00,2026-07-24T22:03:36.365000+00:00,spring_cloud_gateway_requests_seconds_sum,api-gateway,10.42.1.129:8080,"{'__name__': 'spring_cloud_gateway_requests_seconds_sum', 'httpMethod': 'GET', 'httpStatusCode': '200', 'instance': '10.42.1.129:8080', 'job': 'spring-petclinic', 'outcome': 'SUCCESSFUL', 'routeId': 'visits-service', 'routeUri': 'http://visits-service.spring-petclinic.svc.cluster.local:8080', 'status': 'OK'}",59.35823996,same_network,3,300
2026-07-24T22:03:36.216559+00:00,2026-07-24T22:03:36.365000+00:00,spring_cloud_gateway_requests_seconds_sum,api-gateway,10.42.0.187:8080,"{'__name__': 'spring_cloud_gateway_requests_seconds_sum', 'httpMethod': 'GET', 'httpStatusCode': '500', 'instance': '10.42.0.187:8080', 'job': 'spring-petclinic', 'outcome': 'SERVER_ERROR', 'routeId': 'customers-service', 'routeUri': 'http://customers-service.spring-petclinic.svc.cluster.local:8080', 'status': 'INTERNAL_SERVER_ERROR'}",0.150802858,same_network,3,300
2026-07-24T22:03:36.216559+00:00,2026-07-24T22:03:36.365000+00:00,spring_cloud_gateway_requests_seconds_sum,api-gateway,10.42.0.187:8080,"{'__name__': 'spring_cloud_gateway_requests_seconds_sum', 'httpMethod': 'GET', 'httpStatusCode': '500', 'instance': '10.42.0.187:8080', 'job': 'spring-petclinic', 'outcome': 'SERVER_ERROR', 'routeId': 'vets-service', 'routeUri': 'http://vets-service.spring-petclinic.svc.cluster.local:8080', 'status': 'INTERNAL_SERVER_ERROR'}",52.224064757,same_network,3,300
2026-07-24T22:03:36.216559+00:00,2026-07-24T22:03:36.365000+00:00,spring_cloud_gateway_requests_seconds_sum,api-gateway,10.42.0.187:8080,"{'__name__': 'spring_cloud_gateway_requests_seconds_sum', 'httpMethod': 'GET', 'httpStatusCode': '500', 'instance': '10.42.0.187:8080', 'job': 'spring-petclinic', 'outcome': 'SERVER_ERROR', 'routeId': 'visits-service', 'routeUri': 'http://visits-service.spring-petclinic.svc.cluster.local:8080', 'status': 'INTERNAL_SERVER_ERROR'}",45.667181616,same_network,3,300
2026-07-24T22:03:36.216559+00:00,2026-07-24T22:03:36.370000+00:00,spring_cloud_gateway_routes_count,api-gateway,10.42.0.187:8080,"{'__name__': 'spring_cloud_gateway_routes_count', 'instance': '10.42.0.187:8080', 'job': 'spring-petclinic'}",3,same_network,3,300
2026-07-24T22:03:36.216559+00:00,2026-07-24T22:03:36.370000+00:00,spring_cloud_gateway_routes_count,api-gateway,10.42.1.129:8080,"{'__name__': 'spring_cloud_gateway_routes_count', 'instance': '10.42.1.129:8080', 'job': 'spring-petclinic'}",3,same_network,3,300
2026-07-24T22:03:36.216559+00:00,2026-07-24T22:03:36.375000+00:00,spring_data_repository_invocations_seconds_count,customers-service,10.42.0.186:8080,"{'__name__': 'spring_data_repository_invocations_seconds_count', 'exception': 'None', 'instance': '10.42.0.186:8080', 'job': 'spring-petclinic', 'method': 'findAll', 'repository': 'OwnerRepository', 'state': 'SUCCESS'}",302281,same_network,3,300
2026-07-24T22:03:36.216559+00:00,2026-07-24T22:03:36.375000+00:00,spring_data_repository_invocations_seconds_count,customers-service,10.42.0.186:8080,"{'__name__': 'spring_data_repository_invocations_seconds_count', 'exception': 'None', 'instance': '10.42.0.186:8080', 'job': 'spring-petclinic', 'method': 'findById', 'repository': 'OwnerRepository', 'state': 'SUCCESS'}",302012,same_network,3,300
2026-07-24T22:03:36.216559+00:00,2026-07-24T22:03:36.375000+00:00,spring_data_repository_invocations_seconds_count,visits-service,10.42.1.122:8080,"{'__name__': 'spring_data_repository_invocations_seconds_count', 'exception': 'None', 'instance': '10.42.1.122:8080', 'job': 'spring-petclinic', 'method': 'findByPetId', 'repository': 'VisitRepository', 'state': 'SUCCESS'}",296225,same_network,3,300
2026-07-24T22:03:36.216559+00:00,2026-07-24T22:03:36.375000+00:00,spring_data_repository_invocations_seconds_count,vets-service,10.42.1.123:8080,"{'__name__': 'spring_data_repository_invocations_seconds_count', 'exception': 'None', 'instance': '10.42.1.123:8080', 'job': 'spring-petclinic', 'method': 'findAll', 'repository': 'VetRepository', 'state': 'SUCCESS'}",290931,same_network,3,300
2026-07-24T22:03:36.216559+00:00,2026-07-24T22:03:36.375000+00:00,spring_data_repository_invocations_seconds_count,vets-service,10.42.1.124:8080,"{'__name__': 'spring_data_repository_invocations_seconds_count', 'exception': 'None', 'instance': '10.42.1.124:8080', 'job': 'spring-petclinic', 'method': 'findAll', 'repository': 'VetRepository', 'state': 'SUCCESS'}",296297,same_network,3,300
2026-07-24T22:03:36.216559+00:00,2026-07-24T22:03:36.375000+00:00,spring_data_repository_invocations_seconds_count,visits-service,10.42.1.125:8080,"{'__name__': 'spring_data_repository_invocations_seconds_count', 'exception': 'None', 'instance': '10.42.1.125:8080', 'job': 'spring-petclinic', 'method': 'findByPetId', 'repository': 'VisitRepository', 'state': 'SUCCESS'}",292059,same_network,3,300
2026-07-24T22:03:36.216559+00:00,2026-07-24T22:03:36.375000+00:00,spring_data_repository_invocations_seconds_count,customers-service,10.42.1.126:8080,"{'__name__': 'spring_data_repository_invocations_seconds_count', 'exception': 'None', 'instance': '10.42.1.126:8080', 'job': 'spring-petclinic', 'method': 'findAll', 'repository': 'OwnerRepository', 'state': 'SUCCESS'}",289974,same_network,3,300
2026-07-24T22:03:36.216559+00:00,2026-07-24T22:03:36.375000+00:00,spring_data_repository_invocations_seconds_count,customers-service,10.42.1.126:8080,"{'__name__': 'spring_data_repository_invocations_seconds_count', 'exception': 'None', 'instance': '10.42.1.126:8080', 'job': 'spring-petclinic', 'method': 'findById', 'repository': 'OwnerRepository', 'state': 'SUCCESS'}",290780,same_network,3,300
2026-07-24T22:03:36.216559+00:00,2026-07-24T22:03:36.375000+00:00,spring_data_repository_invocations_seconds_count,customers-service,10.42.0.186:8080,"{'__name__': 'spring_data_repository_invocations_seconds_count', 'exception': 'PersistenceException', 'instance': '10.42.0.186:8080', 'job': 'spring-petclinic', 'method': 'findAll', 'repository': 'OwnerRepository', 'state': 'ERROR'}",6,same_network,3,300
2026-07-24T22:03:36.216559+00:00,2026-07-24T22:03:36.375000+00:00,spring_data_repository_invocations_seconds_count,customers-service,10.42.0.186:8080,"{'__name__': 'spring_data_repository_invocations_seconds_count', 'exception': 'PersistenceException', 'instance': '10.42.0.186:8080', 'job': 'spring-petclinic', 'method': 'findById', 'repository': 'OwnerRepository', 'state': 'ERROR'}",1,same_network,3,300
2026-07-24T22:03:36.216559+00:00,2026-07-24T22:03:36.379000+00:00,spring_data_repository_invocations_seconds_max,customers-service,10.42.0.186:8080,"{'__name__': 'spring_data_repository_invocations_seconds_max', 'exception': 'None', 'instance': '10.42.0.186:8080', 'job': 'spring-petclinic', 'method': 'findAll', 'repository': 'OwnerRepository', 'state': 'SUCCESS'}",1.115633961,same_network,3,300
2026-07-24T22:03:36.216559+00:00,2026-07-24T22:03:36.379000+00:00,spring_data_repository_invocations_seconds_max,customers-service,10.42.0.186:8080,"{'__name__': 'spring_data_repository_invocations_seconds_max', 'exception': 'None', 'instance': '10.42.0.186:8080', 'job': 'spring-petclinic', 'method': 'findById', 'repository': 'OwnerRepository', 'state': 'SUCCESS'}",0.214300618,same_network,3,300
2026-07-24T22:03:36.216559+00:00,2026-07-24T22:03:36.379000+00:00,spring_data_repository_invocations_seconds_max,visits-service,10.42.1.122:8080,"{'__name__': 'spring_data_repository_invocations_seconds_max', 'exception': 'None', 'instance': '10.42.1.122:8080', 'job': 'spring-petclinic', 'method': 'findByPetId', 'repository': 'VisitRepository', 'state': 'SUCCESS'}",1.494873355,same_network,3,300
2026-07-24T22:03:36.216559+00:00,2026-07-24T22:03:36.379000+00:00,spring_data_repository_invocations_seconds_max,vets-service,10.42.1.123:8080,"{'__name__': 'spring_data_repository_invocations_seconds_max', 'exception': 'None', 'instance': '10.42.1.123:8080', 'job': 'spring-petclinic', 'method': 'findAll', 'repository': 'VetRepository', 'state': 'SUCCESS'}",0.910724371,same_network,3,300
2026-07-24T22:03:36.216559+00:00,2026-07-24T22:03:36.379000+00:00,spring_data_repository_invocations_seconds_max,vets-service,10.42.1.124:8080,"{'__name__': 'spring_data_repository_invocations_seconds_max', 'exception': 'None', 'instance': '10.42.1.124:8080', 'job': 'spring-petclinic', 'method': 'findAll', 'repository': 'VetRepository', 'state': 'SUCCESS'}",1.399651178,same_network,3,300
2026-07-24T22:03:36.216559+00:00,2026-07-24T22:03:36.379000+00:00,spring_data_repository_invocations_seconds_max,visits-service,10.42.1.125:8080,"{'__name__': 'spring_data_repository_invocations_seconds_max', 'exception': 'None', 'instance': '10.42.1.125:8080', 'job': 'spring-petclinic', 'method': 'findByPetId', 'repository': 'VisitRepository', 'state': 'SUCCESS'}",1.14619132,same_network,3,300
2026-07-24T22:03:36.216559+00:00,2026-07-24T22:03:36.379000+00:00,spring_data_repository_invocations_seconds_max,customers-service,10.42.1.126:8080,"{'__name__': 'spring_data_repository_invocations_seconds_max', 'exception': 'None', 'instance': '10.42.1.126:8080', 'job': 'spring-petclinic', 'method': 'findAll', 'repository': 'OwnerRepository', 'state': 'SUCCESS'}",1.820068423,same_network,3,300
2026-07-24T22:03:36.216559+00:00,2026-07-24T22:03:36.379000+00:00,spring_data_repository_invocations_seconds_max,customers-service,10.42.1.126:8080,"{'__name__': 'spring_data_repository_invocations_seconds_max', 'exception': 'None', 'instance': '10.42.1.126:8080', 'job': 'spring-petclinic', 'method': 'findById', 'repository': 'OwnerRepository', 'state': 'SUCCESS'}",0.216578742,same_network,3,300
2026-07-24T22:03:36.216559+00:00,2026-07-24T22:03:36.379000+00:00,spring_data_repository_invocations_seconds_max,customers-service,10.42.0.186:8080,"{'__name__': 'spring_data_repository_invocations_seconds_max', 'exception': 'PersistenceException', 'instance': '10.42.0.186:8080', 'job': 'spring-petclinic', 'method': 'findAll', 'repository': 'OwnerRepository', 'state': 'ERROR'}",0,same_network,3,300
2026-07-24T22:03:36.216559+00:00,2026-07-24T22:03:36.379000+00:00,spring_data_repository_invocations_seconds_max,customers-service,10.42.0.186:8080,"{'__name__': 'spring_data_repository_invocations_seconds_max', 'exception': 'PersistenceException', 'instance': '10.42.0.186:8080', 'job': 'spring-petclinic', 'method': 'findById', 'repository': 'OwnerRepository', 'state': 'ERROR'}",0,same_network,3,300
2026-07-24T22:03:36.216559+00:00,2026-07-24T22:03:36.384000+00:00,spring_data_repository_invocations_seconds_sum,customers-service,10.42.0.186:8080,"{'__name__': 'spring_data_repository_invocations_seconds_sum', 'exception': 'None', 'instance': '10.42.0.186:8080', 'job': 'spring-petclinic', 'method': 'findAll', 'repository': 'OwnerRepository', 'state': 'SUCCESS'}",28460.884876771,same_network,3,300
2026-07-24T22:03:36.216559+00:00,2026-07-24T22:03:36.384000+00:00,spring_data_repository_invocations_seconds_sum,customers-service,10.42.0.186:8080,"{'__name__': 'spring_data_repository_invocations_seconds_sum', 'exception': 'None', 'instance': '10.42.0.186:8080', 'job': 'spring-petclinic', 'method': 'findById', 'repository': 'OwnerRepository', 'state': 'SUCCESS'}",2744.6869867,same_network,3,300
2026-07-24T22:03:36.216559+00:00,2026-07-24T22:03:36.384000+00:00,spring_data_repository_invocations_seconds_sum,visits-service,10.42.1.122:8080,"{'__name__': 'spring_data_repository_invocations_seconds_sum', 'exception': 'None', 'instance': '10.42.1.122:8080', 'job': 'spring-petclinic', 'method': 'findByPetId', 'repository': 'VisitRepository', 'state': 'SUCCESS'}",3785.065637993,same_network,3,300
2026-07-24T22:03:36.216559+00:00,2026-07-24T22:03:36.384000+00:00,spring_data_repository_invocations_seconds_sum,vets-service,10.42.1.123:8080,"{'__name__': 'spring_data_repository_invocations_seconds_sum', 'exception': 'None', 'instance': '10.42.1.123:8080', 'job': 'spring-petclinic', 'method': 'findAll', 'repository': 'VetRepository', 'state': 'SUCCESS'}",19064.425637399,same_network,3,300
2026-07-24T22:03:36.216559+00:00,2026-07-24T22:03:36.384000+00:00,spring_data_repository_invocations_seconds_sum,vets-service,10.42.1.124:8080,"{'__name__': 'spring_data_repository_invocations_seconds_sum', 'exception': 'None', 'instance': '10.42.1.124:8080', 'job': 'spring-petclinic', 'method': 'findAll', 'repository': 'VetRepository', 'state': 'SUCCESS'}",19384.203062744,same_network,3,300
2026-07-24T22:03:36.216559+00:00,2026-07-24T22:03:36.384000+00:00,spring_data_repository_invocations_seconds_sum,visits-service,10.42.1.125:8080,"{'__name__': 'spring_data_repository_invocations_seconds_sum', 'exception': 'None', 'instance': '10.42.1.125:8080', 'job': 'spring-petclinic', 'method': 'findByPetId', 'repository': 'VisitRepository', 'state': 'SUCCESS'}",3647.01201825,same_network,3,300
2026-07-24T22:03:36.216559+00:00,2026-07-24T22:03:36.384000+00:00,spring_data_repository_invocations_seconds_sum,customers-service,10.42.1.126:8080,"{'__name__': 'spring_data_repository_invocations_seconds_sum', 'exception': 'None', 'instance': '10.42.1.126:8080', 'job': 'spring-petclinic', 'method': 'findAll', 'repository': 'OwnerRepository', 'state': 'SUCCESS'}",29797.102811691,same_network,3,300
2026-07-24T22:03:36.216559+00:00,2026-07-24T22:03:36.384000+00:00,spring_data_repository_invocations_seconds_sum,customers-service,10.42.1.126:8080,"{'__name__': 'spring_data_repository_invocations_seconds_sum', 'exception': 'None', 'instance': '10.42.1.126:8080', 'job': 'spring-petclinic', 'method': 'findById', 'repository': 'OwnerRepository', 'state': 'SUCCESS'}",2828.376323038,same_network,3,300
2026-07-24T22:03:36.216559+00:00,2026-07-24T22:03:36.384000+00:00,spring_data_repository_invocations_seconds_sum,customers-service,10.42.0.186:8080,"{'__name__': 'spring_data_repository_invocations_seconds_sum', 'exception': 'PersistenceException', 'instance': '10.42.0.186:8080', 'job': 'spring-petclinic', 'method': 'findAll', 'repository': 'OwnerRepository', 'state': 'ERROR'}",162.317731366,same_network,3,300
2026-07-24T22:03:36.216559+00:00,2026-07-24T22:03:36.384000+00:00,spring_data_repository_invocations_seconds_sum,customers-service,10.42.0.186:8080,"{'__name__': 'spring_data_repository_invocations_seconds_sum', 'exception': 'PersistenceException', 'instance': '10.42.0.186:8080', 'job': 'spring-petclinic', 'method': 'findById', 'repository': 'OwnerRepository', 'state': 'ERROR'}",27.935482957,same_network,3,300
2026-07-24T22:03:36.216559+00:00,2026-07-24T22:03:36.389000+00:00,petclinic_owner_seconds_count,customers-service,10.42.0.186:8080,"{'__name__': 'petclinic_owner_seconds_count', 'exception': 'CannotCreateTransactionException', 'instance': '10.42.0.186:8080', 'job': 'spring-petclinic', 'method': 'GET', 'outcome': 'SERVER_ERROR', 'status': '500', 'uri': '/owners'}",1,same_network,3,300
2026-07-24T22:03:36.216559+00:00,2026-07-24T22:03:36.389000+00:00,petclinic_owner_seconds_count,customers-service,10.42.0.186:8080,"{'__name__': 'petclinic_owner_seconds_count', 'exception': 'CannotCreateTransactionException', 'instance': '10.42.0.186:8080', 'job': 'spring-petclinic', 'method': 'GET', 'outcome': 'SERVER_ERROR', 'status': '500', 'uri': '/owners/{ownerId}'}",2,same_network,3,300
2026-07-24T22:03:36.216559+00:00,2026-07-24T22:03:36.389000+00:00,petclinic_owner_seconds_count,customers-service,10.42.0.186:8080,"{'__name__': 'petclinic_owner_seconds_count', 'exception': 'JpaSystemException', 'instance': '10.42.0.186:8080', 'job': 'spring-petclinic', 'method': 'GET', 'outcome': 'SERVER_ERROR', 'status': '500', 'uri': '/owners/{ownerId}'}",1,same_network,3,300
2026-07-24T22:03:36.216559+00:00,2026-07-24T22:03:36.389000+00:00,petclinic_owner_seconds_count,customers-service,10.42.0.186:8080,"{'__name__': 'petclinic_owner_seconds_count', 'exception': 'None', 'instance': '10.42.0.186:8080', 'job': 'spring-petclinic', 'method': 'GET', 'outcome': 'SUCCESS', 'status': '200', 'uri': '/owners'}",302281,same_network,3,300
2026-07-24T22:03:36.216559+00:00,2026-07-24T22:03:36.389000+00:00,petclinic_owner_seconds_count,customers-service,10.42.0.186:8080,"{'__name__': 'petclinic_owner_seconds_count', 'exception': 'None', 'instance': '10.42.0.186:8080', 'job': 'spring-petclinic', 'method': 'GET', 'outcome': 'SUCCESS', 'status': '200', 'uri': '/owners/{ownerId}'}",302009,same_network,3,300
2026-07-24T22:03:36.216559+00:00,2026-07-24T22:03:36.389000+00:00,petclinic_owner_seconds_count,customers-service,10.42.1.126:8080,"{'__name__': 'petclinic_owner_seconds_count', 'exception': 'None', 'instance': '10.42.1.126:8080', 'job': 'spring-petclinic', 'method': 'GET', 'outcome': 'SUCCESS', 'status': '200', 'uri': '/owners'}",289973,same_network,3,300
2026-07-24T22:03:36.216559+00:00,2026-07-24T22:03:36.389000+00:00,petclinic_owner_seconds_count,customers-service,10.42.1.126:8080,"{'__name__': 'petclinic_owner_seconds_count', 'exception': 'None', 'instance': '10.42.1.126:8080', 'job': 'spring-petclinic', 'method': 'GET', 'outcome': 'SUCCESS', 'status': '200', 'uri': '/owners/{ownerId}'}",290777,same_network,3,300
2026-07-24T22:03:36.216559+00:00,2026-07-24T22:03:36.389000+00:00,petclinic_owner_seconds_count,customers-service,10.42.0.186:8080,"{'__name__': 'petclinic_owner_seconds_count', 'exception': 'TransactionSystemException', 'instance': '10.42.0.186:8080', 'job': 'spring-petclinic', 'method': 'GET', 'outcome': 'SERVER_ERROR', 'status': '500', 'uri': '/owners'}",6,same_network,3,300
2026-07-24T22:03:36.216559+00:00,2026-07-24T22:03:36.389000+00:00,petclinic_owner_seconds_count,customers-service,10.42.0.186:8080,"{'__name__': 'petclinic_owner_seconds_count', 'exception': 'TransactionSystemException', 'instance': '10.42.0.186:8080', 'job': 'spring-petclinic', 'method': 'GET', 'outcome': 'SERVER_ERROR', 'status': '500', 'uri': '/owners/{ownerId}'}",1,same_network,3,300
2026-07-24T22:03:36.216559+00:00,2026-07-24T22:03:36.394000+00:00,petclinic_owner_seconds_max,customers-service,10.42.0.186:8080,"{'__name__': 'petclinic_owner_seconds_max', 'exception': 'CannotCreateTransactionException', 'instance': '10.42.0.186:8080', 'job': 'spring-petclinic', 'method': 'GET', 'outcome': 'SERVER_ERROR', 'status': '500', 'uri': '/owners'}",0,same_network,3,300
2026-07-24T22:03:36.216559+00:00,2026-07-24T22:03:36.394000+00:00,petclinic_owner_seconds_max,customers-service,10.42.0.186:8080,"{'__name__': 'petclinic_owner_seconds_max', 'exception': 'CannotCreateTransactionException', 'instance': '10.42.0.186:8080', 'job': 'spring-petclinic', 'method': 'GET', 'outcome': 'SERVER_ERROR', 'status': '500', 'uri': '/owners/{ownerId}'}",0,same_network,3,300
2026-07-24T22:03:36.216559+00:00,2026-07-24T22:03:36.394000+00:00,petclinic_owner_seconds_max,customers-service,10.42.0.186:8080,"{'__name__': 'petclinic_owner_seconds_max', 'exception': 'JpaSystemException', 'instance': '10.42.0.186:8080', 'job': 'spring-petclinic', 'method': 'GET', 'outcome': 'SERVER_ERROR', 'status': '500', 'uri': '/owners/{ownerId}'}",0,same_network,3,300
2026-07-24T22:03:36.216559+00:00,2026-07-24T22:03:36.394000+00:00,petclinic_owner_seconds_max,customers-service,10.42.0.186:8080,"{'__name__': 'petclinic_owner_seconds_max', 'exception': 'None', 'instance': '10.42.0.186:8080', 'job': 'spring-petclinic', 'method': 'GET', 'outcome': 'SUCCESS', 'status': '200', 'uri': '/owners'}",4.524248944,same_network,3,300
2026-07-24T22:03:36.216559+00:00,2026-07-24T22:03:36.394000+00:00,petclinic_owner_seconds_max,customers-service,10.42.0.186:8080,"{'__name__': 'petclinic_owner_seconds_max', 'exception': 'None', 'instance': '10.42.0.186:8080', 'job': 'spring-petclinic', 'method': 'GET', 'outcome': 'SUCCESS', 'status': '200', 'uri': '/owners/{ownerId}'}",4.907183519,same_network,3,300
2026-07-24T22:03:36.216559+00:00,2026-07-24T22:03:36.394000+00:00,petclinic_owner_seconds_max,customers-service,10.42.1.126:8080,"{'__name__': 'petclinic_owner_seconds_max', 'exception': 'None', 'instance': '10.42.1.126:8080', 'job': 'spring-petclinic', 'method': 'GET', 'outcome': 'SUCCESS', 'status': '200', 'uri': '/owners'}",6.644696155,same_network,3,300
2026-07-24T22:03:36.216559+00:00,2026-07-24T22:03:36.394000+00:00,petclinic_owner_seconds_max,customers-service,10.42.1.126:8080,"{'__name__': 'petclinic_owner_seconds_max', 'exception': 'None', 'instance': '10.42.1.126:8080', 'job': 'spring-petclinic', 'method': 'GET', 'outcome': 'SUCCESS', 'status': '200', 'uri': '/owners/{ownerId}'}",6.232631066,same_network,3,300
2026-07-24T22:03:36.216559+00:00,2026-07-24T22:03:36.394000+00:00,petclinic_owner_seconds_max,customers-service,10.42.0.186:8080,"{'__name__': 'petclinic_owner_seconds_max', 'exception': 'TransactionSystemException', 'instance': '10.42.0.186:8080', 'job': 'spring-petclinic', 'method': 'GET', 'outcome': 'SERVER_ERROR', 'status': '500', 'uri': '/owners'}",0,same_network,3,300
2026-07-24T22:03:36.216559+00:00,2026-07-24T22:03:36.394000+00:00,petclinic_owner_seconds_max,customers-service,10.42.0.186:8080,"{'__name__': 'petclinic_owner_seconds_max', 'exception': 'TransactionSystemException', 'instance': '10.42.0.186:8080', 'job': 'spring-petclinic', 'method': 'GET', 'outcome': 'SERVER_ERROR', 'status': '500', 'uri': '/owners/{ownerId}'}",0,same_network,3,300
2026-07-24T22:03:36.216559+00:00,2026-07-24T22:03:36.400000+00:00,petclinic_owner_seconds_sum,customers-service,10.42.0.186:8080,"{'__name__': 'petclinic_owner_seconds_sum', 'exception': 'CannotCreateTransactionException', 'instance': '10.42.0.186:8080', 'job': 'spring-petclinic', 'method': 'GET', 'outcome': 'SERVER_ERROR', 'status': '500', 'uri': '/owners'}",30.011462249,same_network,3,300
2026-07-24T22:03:36.216559+00:00,2026-07-24T22:03:36.400000+00:00,petclinic_owner_seconds_sum,customers-service,10.42.0.186:8080,"{'__name__': 'petclinic_owner_seconds_sum', 'exception': 'CannotCreateTransactionException', 'instance': '10.42.0.186:8080', 'job': 'spring-petclinic', 'method': 'GET', 'outcome': 'SERVER_ERROR', 'status': '500', 'uri': '/owners/{ownerId}'}",57.928555052,same_network,3,300
2026-07-24T22:03:36.216559+00:00,2026-07-24T22:03:36.400000+00:00,petclinic_owner_seconds_sum,customers-service,10.42.0.186:8080,"{'__name__': 'petclinic_owner_seconds_sum', 'exception': 'JpaSystemException', 'instance': '10.42.0.186:8080', 'job': 'spring-petclinic', 'method': 'GET', 'outcome': 'SERVER_ERROR', 'status': '500', 'uri': '/owners/{ownerId}'}",29.962295767,same_network,3,300
2026-07-24T22:03:36.216559+00:00,2026-07-24T22:03:36.400000+00:00,petclinic_owner_seconds_sum,customers-service,10.42.0.186:8080,"{'__name__': 'petclinic_owner_seconds_sum', 'exception': 'None', 'instance': '10.42.0.186:8080', 'job': 'spring-petclinic', 'method': 'GET', 'outcome': 'SUCCESS', 'status': '200', 'uri': '/owners'}",71384.395260377,same_network,3,300
2026-07-24T22:03:36.216559+00:00,2026-07-24T22:03:36.400000+00:00,petclinic_owner_seconds_sum,customers-service,10.42.0.186:8080,"{'__name__': 'petclinic_owner_seconds_sum', 'exception': 'None', 'instance': '10.42.0.186:8080', 'job': 'spring-petclinic', 'method': 'GET', 'outcome': 'SUCCESS', 'status': '200', 'uri': '/owners/{ownerId}'}",45326.536061214,same_network,3,300
2026-07-24T22:03:36.216559+00:00,2026-07-24T22:03:36.400000+00:00,petclinic_owner_seconds_sum,customers-service,10.42.1.126:8080,"{'__name__': 'petclinic_owner_seconds_sum', 'exception': 'None', 'instance': '10.42.1.126:8080', 'job': 'spring-petclinic', 'method': 'GET', 'outcome': 'SUCCESS', 'status': '200', 'uri': '/owners'}",63709.187344929,same_network,3,300
2026-07-24T22:03:36.216559+00:00,2026-07-24T22:03:36.400000+00:00,petclinic_owner_seconds_sum,customers-service,10.42.1.126:8080,"{'__name__': 'petclinic_owner_seconds_sum', 'exception': 'None', 'instance': '10.42.1.126:8080', 'job': 'spring-petclinic', 'method': 'GET', 'outcome': 'SUCCESS', 'status': '200', 'uri': '/owners/{ownerId}'}",37423.60397455,same_network,3,300
2026-07-24T22:03:36.216559+00:00,2026-07-24T22:03:36.400000+00:00,petclinic_owner_seconds_sum,customers-service,10.42.0.186:8080,"{'__name__': 'petclinic_owner_seconds_sum', 'exception': 'TransactionSystemException', 'instance': '10.42.0.186:8080', 'job': 'spring-petclinic', 'method': 'GET', 'outcome': 'SERVER_ERROR', 'status': '500', 'uri': '/owners'}",162.536228172,same_network,3,300
2026-07-24T22:03:36.216559+00:00,2026-07-24T22:03:36.400000+00:00,petclinic_owner_seconds_sum,customers-service,10.42.0.186:8080,"{'__name__': 'petclinic_owner_seconds_sum', 'exception': 'TransactionSystemException', 'instance': '10.42.0.186:8080', 'job': 'spring-petclinic', 'method': 'GET', 'outcome': 'SERVER_ERROR', 'status': '500', 'uri': '/owners/{ownerId}'}",27.98418218,same_network,3,300
2026-07-24T22:03:36.216559+00:00,2026-07-24T22:03:36.406000+00:00,petclinic_visit_seconds_count,visits-service,10.42.1.122:8080,"{'__name__': 'petclinic_visit_seconds_count', 'exception': 'None', 'instance': '10.42.1.122:8080', 'job': 'spring-petclinic', 'method': 'GET', 'outcome': 'SUCCESS', 'status': '200', 'uri': '/owners/*/pets/{petId}/visits'}",296225,same_network,3,300
2026-07-24T22:03:36.216559+00:00,2026-07-24T22:03:36.406000+00:00,petclinic_visit_seconds_count,visits-service,10.42.1.125:8080,"{'__name__': 'petclinic_visit_seconds_count', 'exception': 'None', 'instance': '10.42.1.125:8080', 'job': 'spring-petclinic', 'method': 'GET', 'outcome': 'SUCCESS', 'status': '200', 'uri': '/owners/*/pets/{petId}/visits'}",292059,same_network,3,300
2026-07-24T22:03:36.216559+00:00,2026-07-24T22:03:36.410000+00:00,petclinic_visit_seconds_max,visits-service,10.42.1.122:8080,"{'__name__': 'petclinic_visit_seconds_max', 'exception': 'None', 'instance': '10.42.1.122:8080', 'job': 'spring-petclinic', 'method': 'GET', 'outcome': 'SUCCESS', 'status': '200', 'uri': '/owners/*/pets/{petId}/visits'}",1.495609458,same_network,3,300
2026-07-24T22:03:36.216559+00:00,2026-07-24T22:03:36.410000+00:00,petclinic_visit_seconds_max,visits-service,10.42.1.125:8080,"{'__name__': 'petclinic_visit_seconds_max', 'exception': 'None', 'instance': '10.42.1.125:8080', 'job': 'spring-petclinic', 'method': 'GET', 'outcome': 'SUCCESS', 'status': '200', 'uri': '/owners/*/pets/{petId}/visits'}",1.148188047,same_network,3,300
2026-07-24T22:03:36.216559+00:00,2026-07-24T22:03:36.415000+00:00,petclinic_visit_seconds_sum,visits-service,10.42.1.122:8080,"{'__name__': 'petclinic_visit_seconds_sum', 'exception': 'None', 'instance': '10.42.1.122:8080', 'job': 'spring-petclinic', 'method': 'GET', 'outcome': 'SUCCESS', 'status': '200', 'uri': '/owners/*/pets/{petId}/visits'}",4475.370706904,same_network,3,300
2026-07-24T22:03:36.216559+00:00,2026-07-24T22:03:36.415000+00:00,petclinic_visit_seconds_sum,visits-service,10.42.1.125:8080,"{'__name__': 'petclinic_visit_seconds_sum', 'exception': 'None', 'instance': '10.42.1.125:8080', 'job': 'spring-petclinic', 'method': 'GET', 'outcome': 'SUCCESS', 'status': '200', 'uri': '/owners/*/pets/{petId}/visits'}",4477.175211979,same_network,3,300
2026-07-24T22:03:36.216559+00:00,2026-07-24T22:03:36.420000+00:00,hikaricp_connections,customers-service,10.42.0.186:8080,"{'__name__': 'hikaricp_connections', 'instance': '10.42.0.186:8080', 'job': 'spring-petclinic', 'pool': 'HikariPool-1'}",10,same_network,3,300
2026-07-24T22:03:36.216559+00:00,2026-07-24T22:03:36.420000+00:00,hikaricp_connections,visits-service,10.42.1.122:8080,"{'__name__': 'hikaricp_connections', 'instance': '10.42.1.122:8080', 'job': 'spring-petclinic', 'pool': 'HikariPool-1'}",10,same_network,3,300
2026-07-24T22:03:36.216559+00:00,2026-07-24T22:03:36.420000+00:00,hikaricp_connections,vets-service,10.42.1.123:8080,"{'__name__': 'hikaricp_connections', 'instance': '10.42.1.123:8080', 'job': 'spring-petclinic', 'pool': 'HikariPool-1'}",10,same_network,3,300
2026-07-24T22:03:36.216559+00:00,2026-07-24T22:03:36.420000+00:00,hikaricp_connections,vets-service,10.42.1.124:8080,"{'__name__': 'hikaricp_connections', 'instance': '10.42.1.124:8080', 'job': 'spring-petclinic', 'pool': 'HikariPool-1'}",10,same_network,3,300
2026-07-24T22:03:36.216559+00:00,2026-07-24T22:03:36.420000+00:00,hikaricp_connections,visits-service,10.42.1.125:8080,"{'__name__': 'hikaricp_connections', 'instance': '10.42.1.125:8080', 'job': 'spring-petclinic', 'pool': 'HikariPool-1'}",10,same_network,3,300
2026-07-24T22:03:36.216559+00:00,2026-07-24T22:03:36.420000+00:00,hikaricp_connections,customers-service,10.42.1.126:8080,"{'__name__': 'hikaricp_connections', 'instance': '10.42.1.126:8080', 'job': 'spring-petclinic', 'pool': 'HikariPool-1'}",10,same_network,3,300
2026-07-24T22:03:36.216559+00:00,2026-07-24T22:03:36.425000+00:00,hikaricp_connections_active,customers-service,10.42.0.186:8080,"{'__name__': 'hikaricp_connections_active', 'instance': '10.42.0.186:8080', 'job': 'spring-petclinic', 'pool': 'HikariPool-1'}",10,same_network,3,300
2026-07-24T22:03:36.216559+00:00,2026-07-24T22:03:36.425000+00:00,hikaricp_connections_active,visits-service,10.42.1.122:8080,"{'__name__': 'hikaricp_connections_active', 'instance': '10.42.1.122:8080', 'job': 'spring-petclinic', 'pool': 'HikariPool-1'}",0,same_network,3,300
2026-07-24T22:03:36.216559+00:00,2026-07-24T22:03:36.425000+00:00,hikaricp_connections_active,vets-service,10.42.1.123:8080,"{'__name__': 'hikaricp_connections_active', 'instance': '10.42.1.123:8080', 'job': 'spring-petclinic', 'pool': 'HikariPool-1'}",8,same_network,3,300
2026-07-24T22:03:36.216559+00:00,2026-07-24T22:03:36.425000+00:00,hikaricp_connections_active,vets-service,10.42.1.124:8080,"{'__name__': 'hikaricp_connections_active', 'instance': '10.42.1.124:8080', 'job': 'spring-petclinic', 'pool': 'HikariPool-1'}",3,same_network,3,300
2026-07-24T22:03:36.216559+00:00,2026-07-24T22:03:36.425000+00:00,hikaricp_connections_active,visits-service,10.42.1.125:8080,"{'__name__': 'hikaricp_connections_active', 'instance': '10.42.1.125:8080', 'job': 'spring-petclinic', 'pool': 'HikariPool-1'}",0,same_network,3,300
2026-07-24T22:03:36.216559+00:00,2026-07-24T22:03:36.425000+00:00,hikaricp_connections_active,customers-service,10.42.1.126:8080,"{'__name__': 'hikaricp_connections_active', 'instance': '10.42.1.126:8080', 'job': 'spring-petclinic', 'pool': 'HikariPool-1'}",8,same_network,3,300
2026-07-24T22:03:36.216559+00:00,2026-07-24T22:03:36.430000+00:00,hikaricp_connections_idle,customers-service,10.42.0.186:8080,"{'__name__': 'hikaricp_connections_idle', 'instance': '10.42.0.186:8080', 'job': 'spring-petclinic', 'pool': 'HikariPool-1'}",0,same_network,3,300
2026-07-24T22:03:36.216559+00:00,2026-07-24T22:03:36.430000+00:00,hikaricp_connections_idle,visits-service,10.42.1.122:8080,"{'__name__': 'hikaricp_connections_idle', 'instance': '10.42.1.122:8080', 'job': 'spring-petclinic', 'pool': 'HikariPool-1'}",10,same_network,3,300
2026-07-24T22:03:36.216559+00:00,2026-07-24T22:03:36.430000+00:00,hikaricp_connections_idle,vets-service,10.42.1.123:8080,"{'__name__': 'hikaricp_connections_idle', 'instance': '10.42.1.123:8080', 'job': 'spring-petclinic', 'pool': 'HikariPool-1'}",2,same_network,3,300
2026-07-24T22:03:36.216559+00:00,2026-07-24T22:03:36.430000+00:00,hikaricp_connections_idle,vets-service,10.42.1.124:8080,"{'__name__': 'hikaricp_connections_idle', 'instance': '10.42.1.124:8080', 'job': 'spring-petclinic', 'pool': 'HikariPool-1'}",7,same_network,3,300
2026-07-24T22:03:36.216559+00:00,2026-07-24T22:03:36.430000+00:00,hikaricp_connections_idle,visits-service,10.42.1.125:8080,"{'__name__': 'hikaricp_connections_idle', 'instance': '10.42.1.125:8080', 'job': 'spring-petclinic', 'pool': 'HikariPool-1'}",10,same_network,3,300
2026-07-24T22:03:36.216559+00:00,2026-07-24T22:03:36.430000+00:00,hikaricp_connections_idle,customers-service,10.42.1.126:8080,"{'__name__': 'hikaricp_connections_idle', 'instance': '10.42.1.126:8080', 'job': 'spring-petclinic', 'pool': 'HikariPool-1'}",2,same_network,3,300
2026-07-24T22:03:36.216559+00:00,2026-07-24T22:03:36.437000+00:00,hikaricp_connections_max,customers-service,10.42.0.186:8080,"{'__name__': 'hikaricp_connections_max', 'instance': '10.42.0.186:8080', 'job': 'spring-petclinic', 'pool': 'HikariPool-1'}",10,same_network,3,300
2026-07-24T22:03:36.216559+00:00,2026-07-24T22:03:36.437000+00:00,hikaricp_connections_max,visits-service,10.42.1.122:8080,"{'__name__': 'hikaricp_connections_max', 'instance': '10.42.1.122:8080', 'job': 'spring-petclinic', 'pool': 'HikariPool-1'}",10,same_network,3,300
2026-07-24T22:03:36.216559+00:00,2026-07-24T22:03:36.437000+00:00,hikaricp_connections_max,vets-service,10.42.1.123:8080,"{'__name__': 'hikaricp_connections_max', 'instance': '10.42.1.123:8080', 'job': 'spring-petclinic', 'pool': 'HikariPool-1'}",10,same_network,3,300
2026-07-24T22:03:36.216559+00:00,2026-07-24T22:03:36.437000+00:00,hikaricp_connections_max,vets-service,10.42.1.124:8080,"{'__name__': 'hikaricp_connections_max', 'instance': '10.42.1.124:8080', 'job': 'spring-petclinic', 'pool': 'HikariPool-1'}",10,same_network,3,300
2026-07-24T22:03:36.216559+00:00,2026-07-24T22:03:36.437000+00:00,hikaricp_connections_max,visits-service,10.42.1.125:8080,"{'__name__': 'hikaricp_connections_max', 'instance': '10.42.1.125:8080', 'job': 'spring-petclinic', 'pool': 'HikariPool-1'}",10,same_network,3,300
2026-07-24T22:03:36.216559+00:00,2026-07-24T22:03:36.437000+00:00,hikaricp_connections_max,customers-service,10.42.1.126:8080,"{'__name__': 'hikaricp_connections_max', 'instance': '10.42.1.126:8080', 'job': 'spring-petclinic', 'pool': 'HikariPool-1'}",10,same_network,3,300
2026-07-24T22:03:36.216559+00:00,2026-07-24T22:03:36.441000+00:00,hikaricp_connections_min,customers-service,10.42.0.186:8080,"{'__name__': 'hikaricp_connections_min', 'instance': '10.42.0.186:8080', 'job': 'spring-petclinic', 'pool': 'HikariPool-1'}",10,same_network,3,300
2026-07-24T22:03:36.216559+00:00,2026-07-24T22:03:36.441000+00:00,hikaricp_connections_min,visits-service,10.42.1.122:8080,"{'__name__': 'hikaricp_connections_min', 'instance': '10.42.1.122:8080', 'job': 'spring-petclinic', 'pool': 'HikariPool-1'}",10,same_network,3,300
2026-07-24T22:03:36.216559+00:00,2026-07-24T22:03:36.441000+00:00,hikaricp_connections_min,vets-service,10.42.1.123:8080,"{'__name__': 'hikaricp_connections_min', 'instance': '10.42.1.123:8080', 'job': 'spring-petclinic', 'pool': 'HikariPool-1'}",10,same_network,3,300
2026-07-24T22:03:36.216559+00:00,2026-07-24T22:03:36.441000+00:00,hikaricp_connections_min,vets-service,10.42.1.124:8080,"{'__name__': 'hikaricp_connections_min', 'instance': '10.42.1.124:8080', 'job': 'spring-petclinic', 'pool': 'HikariPool-1'}",10,same_network,3,300
2026-07-24T22:03:36.216559+00:00,2026-07-24T22:03:36.441000+00:00,hikaricp_connections_min,visits-service,10.42.1.125:8080,"{'__name__': 'hikaricp_connections_min', 'instance': '10.42.1.125:8080', 'job': 'spring-petclinic', 'pool': 'HikariPool-1'}",10,same_network,3,300
2026-07-24T22:03:36.216559+00:00,2026-07-24T22:03:36.441000+00:00,hikaricp_connections_min,customers-service,10.42.1.126:8080,"{'__name__': 'hikaricp_connections_min', 'instance': '10.42.1.126:8080', 'job': 'spring-petclinic', 'pool': 'HikariPool-1'}",10,same_network,3,300
2026-07-24T22:03:36.216559+00:00,2026-07-24T22:03:36.446000+00:00,hikaricp_connections_pending,customers-service,10.42.0.186:8080,"{'__name__': 'hikaricp_connections_pending', 'instance': '10.42.0.186:8080', 'job': 'spring-petclinic', 'pool': 'HikariPool-1'}",0,same_network,3,300
2026-07-24T22:03:36.216559+00:00,2026-07-24T22:03:36.446000+00:00,hikaricp_connections_pending,visits-service,10.42.1.122:8080,"{'__name__': 'hikaricp_connections_pending', 'instance': '10.42.1.122:8080', 'job': 'spring-petclinic', 'pool': 'HikariPool-1'}",0,same_network,3,300
2026-07-24T22:03:36.216559+00:00,2026-07-24T22:03:36.446000+00:00,hikaricp_connections_pending,vets-service,10.42.1.123:8080,"{'__name__': 'hikaricp_connections_pending', 'instance': '10.42.1.123:8080', 'job': 'spring-petclinic', 'pool': 'HikariPool-1'}",0,same_network,3,300
2026-07-24T22:03:36.216559+00:00,2026-07-24T22:03:36.446000+00:00,hikaricp_connections_pending,vets-service,10.42.1.124:8080,"{'__name__': 'hikaricp_connections_pending', 'instance': '10.42.1.124:8080', 'job': 'spring-petclinic', 'pool': 'HikariPool-1'}",0,same_network,3,300
2026-07-24T22:03:36.216559+00:00,2026-07-24T22:03:36.446000+00:00,hikaricp_connections_pending,visits-service,10.42.1.125:8080,"{'__name__': 'hikaricp_connections_pending', 'instance': '10.42.1.125:8080', 'job': 'spring-petclinic', 'pool': 'HikariPool-1'}",0,same_network,3,300
2026-07-24T22:03:36.216559+00:00,2026-07-24T22:03:36.446000+00:00,hikaricp_connections_pending,customers-service,10.42.1.126:8080,"{'__name__': 'hikaricp_connections_pending', 'instance': '10.42.1.126:8080', 'job': 'spring-petclinic', 'pool': 'HikariPool-1'}",0,same_network,3,300
2026-07-24T22:03:36.216559+00:00,2026-07-24T22:03:36.452000+00:00,hikaricp_connections_timeout_total,customers-service,10.42.0.186:8080,"{'__name__': 'hikaricp_connections_timeout_total', 'instance': '10.42.0.186:8080', 'job': 'spring-petclinic', 'pool': 'HikariPool-1'}",2,same_network,3,300
2026-07-24T22:03:36.216559+00:00,2026-07-24T22:03:36.452000+00:00,hikaricp_connections_timeout_total,visits-service,10.42.1.122:8080,"{'__name__': 'hikaricp_connections_timeout_total', 'instance': '10.42.1.122:8080', 'job': 'spring-petclinic', 'pool': 'HikariPool-1'}",0,same_network,3,300
2026-07-24T22:03:36.216559+00:00,2026-07-24T22:03:36.452000+00:00,hikaricp_connections_timeout_total,vets-service,10.42.1.123:8080,"{'__name__': 'hikaricp_connections_timeout_total', 'instance': '10.42.1.123:8080', 'job': 'spring-petclinic', 'pool': 'HikariPool-1'}",0,same_network,3,300
2026-07-24T22:03:36.216559+00:00,2026-07-24T22:03:36.452000+00:00,hikaricp_connections_timeout_total,vets-service,10.42.1.124:8080,"{'__name__': 'hikaricp_connections_timeout_total', 'instance': '10.42.1.124:8080', 'job': 'spring-petclinic', 'pool': 'HikariPool-1'}",0,same_network,3,300
2026-07-24T22:03:36.216559+00:00,2026-07-24T22:03:36.452000+00:00,hikaricp_connections_timeout_total,visits-service,10.42.1.125:8080,"{'__name__': 'hikaricp_connections_timeout_total', 'instance': '10.42.1.125:8080', 'job': 'spring-petclinic', 'pool': 'HikariPool-1'}",0,same_network,3,300
2026-07-24T22:03:36.216559+00:00,2026-07-24T22:03:36.452000+00:00,hikaricp_connections_timeout_total,customers-service,10.42.1.126:8080,"{'__name__': 'hikaricp_connections_timeout_total', 'instance': '10.42.1.126:8080', 'job': 'spring-petclinic', 'pool': 'HikariPool-1'}",0,same_network,3,300
2026-07-24T22:03:36.216559+00:00,2026-07-24T22:03:36.458000+00:00,hikaricp_connections_acquire_seconds_count,customers-service,10.42.0.186:8080,"{'__name__': 'hikaricp_connections_acquire_seconds_count', 'instance': '10.42.0.186:8080', 'job': 'spring-petclinic', 'pool': 'HikariPool-1'}",604311,same_network,3,300
2026-07-24T22:03:36.216559+00:00,2026-07-24T22:03:36.458000+00:00,hikaricp_connections_acquire_seconds_count,visits-service,10.42.1.122:8080,"{'__name__': 'hikaricp_connections_acquire_seconds_count', 'instance': '10.42.1.122:8080', 'job': 'spring-petclinic', 'pool': 'HikariPool-1'}",296225,same_network,3,300
2026-07-24T22:03:36.216559+00:00,2026-07-24T22:03:36.458000+00:00,hikaricp_connections_acquire_seconds_count,vets-service,10.42.1.123:8080,"{'__name__': 'hikaricp_connections_acquire_seconds_count', 'instance': '10.42.1.123:8080', 'job': 'spring-petclinic', 'pool': 'HikariPool-1'}",290938,same_network,3,300
2026-07-24T22:03:36.216559+00:00,2026-07-24T22:03:36.458000+00:00,hikaricp_connections_acquire_seconds_count,vets-service,10.42.1.124:8080,"{'__name__': 'hikaricp_connections_acquire_seconds_count', 'instance': '10.42.1.124:8080', 'job': 'spring-petclinic', 'pool': 'HikariPool-1'}",296300,same_network,3,300
2026-07-24T22:03:36.216559+00:00,2026-07-24T22:03:36.458000+00:00,hikaricp_connections_acquire_seconds_count,visits-service,10.42.1.125:8080,"{'__name__': 'hikaricp_connections_acquire_seconds_count', 'instance': '10.42.1.125:8080', 'job': 'spring-petclinic', 'pool': 'HikariPool-1'}",292059,same_network,3,300
2026-07-24T22:03:36.216559+00:00,2026-07-24T22:03:36.458000+00:00,hikaricp_connections_acquire_seconds_count,customers-service,10.42.1.126:8080,"{'__name__': 'hikaricp_connections_acquire_seconds_count', 'instance': '10.42.1.126:8080', 'job': 'spring-petclinic', 'pool': 'HikariPool-1'}",580758,same_network,3,300
2026-07-24T22:03:36.216559+00:00,2026-07-24T22:03:36.464000+00:00,hikaricp_connections_acquire_seconds_max,customers-service,10.42.0.186:8080,"{'__name__': 'hikaricp_connections_acquire_seconds_max', 'instance': '10.42.0.186:8080', 'job': 'spring-petclinic', 'pool': 'HikariPool-1'}",4.845450249,same_network,3,300
2026-07-24T22:03:36.216559+00:00,2026-07-24T22:03:36.464000+00:00,hikaricp_connections_acquire_seconds_max,visits-service,10.42.1.122:8080,"{'__name__': 'hikaricp_connections_acquire_seconds_max', 'instance': '10.42.1.122:8080', 'job': 'spring-petclinic', 'pool': 'HikariPool-1'}",0.744401943,same_network,3,300
2026-07-24T22:03:36.216559+00:00,2026-07-24T22:03:36.464000+00:00,hikaricp_connections_acquire_seconds_max,vets-service,10.42.1.123:8080,"{'__name__': 'hikaricp_connections_acquire_seconds_max', 'instance': '10.42.1.123:8080', 'job': 'spring-petclinic', 'pool': 'HikariPool-1'}",3.023508524,same_network,3,300
2026-07-24T22:03:36.216559+00:00,2026-07-24T22:03:36.464000+00:00,hikaricp_connections_acquire_seconds_max,vets-service,10.42.1.124:8080,"{'__name__': 'hikaricp_connections_acquire_seconds_max', 'instance': '10.42.1.124:8080', 'job': 'spring-petclinic', 'pool': 'HikariPool-1'}",3.796091782,same_network,3,300
2026-07-24T22:03:36.216559+00:00,2026-07-24T22:03:36.464000+00:00,hikaricp_connections_acquire_seconds_max,visits-service,10.42.1.125:8080,"{'__name__': 'hikaricp_connections_acquire_seconds_max', 'instance': '10.42.1.125:8080', 'job': 'spring-petclinic', 'pool': 'HikariPool-1'}",1.134829173,same_network,3,300
2026-07-24T22:03:36.216559+00:00,2026-07-24T22:03:36.464000+00:00,hikaricp_connections_acquire_seconds_max,customers-service,10.42.1.126:8080,"{'__name__': 'hikaricp_connections_acquire_seconds_max', 'instance': '10.42.1.126:8080', 'job': 'spring-petclinic', 'pool': 'HikariPool-1'}",6.438136837,same_network,3,300
2026-07-24T22:03:36.216559+00:00,2026-07-24T22:03:36.470000+00:00,hikaricp_connections_acquire_seconds_sum,customers-service,10.42.0.186:8080,"{'__name__': 'hikaricp_connections_acquire_seconds_sum', 'instance': '10.42.0.186:8080', 'job': 'spring-petclinic', 'pool': 'HikariPool-1'}",61049.930199541,same_network,3,300
2026-07-24T22:03:36.216559+00:00,2026-07-24T22:03:36.470000+00:00,hikaricp_connections_acquire_seconds_sum,visits-service,10.42.1.122:8080,"{'__name__': 'hikaricp_connections_acquire_seconds_sum', 'instance': '10.42.1.122:8080', 'job': 'spring-petclinic', 'pool': 'HikariPool-1'}",695.414069822,same_network,3,300
2026-07-24T22:03:36.216559+00:00,2026-07-24T22:03:36.470000+00:00,hikaricp_connections_acquire_seconds_sum,vets-service,10.42.1.123:8080,"{'__name__': 'hikaricp_connections_acquire_seconds_sum', 'instance': '10.42.1.123:8080', 'job': 'spring-petclinic', 'pool': 'HikariPool-1'}",7625.694457771,same_network,3,300
2026-07-24T22:03:36.216559+00:00,2026-07-24T22:03:36.470000+00:00,hikaricp_connections_acquire_seconds_sum,vets-service,10.42.1.124:8080,"{'__name__': 'hikaricp_connections_acquire_seconds_sum', 'instance': '10.42.1.124:8080', 'job': 'spring-petclinic', 'pool': 'HikariPool-1'}",8015.474486761,same_network,3,300
2026-07-24T22:03:36.216559+00:00,2026-07-24T22:03:36.470000+00:00,hikaricp_connections_acquire_seconds_sum,visits-service,10.42.1.125:8080,"{'__name__': 'hikaricp_connections_acquire_seconds_sum', 'instance': '10.42.1.125:8080', 'job': 'spring-petclinic', 'pool': 'HikariPool-1'}",526.524498085,same_network,3,300
2026-07-24T22:03:36.216559+00:00,2026-07-24T22:03:36.470000+00:00,hikaricp_connections_acquire_seconds_sum,customers-service,10.42.1.126:8080,"{'__name__': 'hikaricp_connections_acquire_seconds_sum', 'instance': '10.42.1.126:8080', 'job': 'spring-petclinic', 'pool': 'HikariPool-1'}",43474.440804122,same_network,3,300
2026-07-24T22:03:36.216559+00:00,2026-07-24T22:03:36.476000+00:00,hikaricp_connections_creation_seconds_count,customers-service,10.42.0.186:8080,"{'__name__': 'hikaricp_connections_creation_seconds_count', 'instance': '10.42.0.186:8080', 'job': 'spring-petclinic', 'pool': 'HikariPool-1'}",80,same_network,3,300
2026-07-24T22:03:36.216559+00:00,2026-07-24T22:03:36.476000+00:00,hikaricp_connections_creation_seconds_count,visits-service,10.42.1.122:8080,"{'__name__': 'hikaricp_connections_creation_seconds_count', 'instance': '10.42.1.122:8080', 'job': 'spring-petclinic', 'pool': 'HikariPool-1'}",281,same_network,3,300
2026-07-24T22:03:36.216559+00:00,2026-07-24T22:03:36.476000+00:00,hikaricp_connections_creation_seconds_count,vets-service,10.42.1.123:8080,"{'__name__': 'hikaricp_connections_creation_seconds_count', 'instance': '10.42.1.123:8080', 'job': 'spring-petclinic', 'pool': 'HikariPool-1'}",278,same_network,3,300
2026-07-24T22:03:36.216559+00:00,2026-07-24T22:03:36.476000+00:00,hikaricp_connections_creation_seconds_count,vets-service,10.42.1.124:8080,"{'__name__': 'hikaricp_connections_creation_seconds_count', 'instance': '10.42.1.124:8080', 'job': 'spring-petclinic', 'pool': 'HikariPool-1'}",268,same_network,3,300
2026-07-24T22:03:36.216559+00:00,2026-07-24T22:03:36.476000+00:00,hikaricp_connections_creation_seconds_count,visits-service,10.42.1.125:8080,"{'__name__': 'hikaricp_connections_creation_seconds_count', 'instance': '10.42.1.125:8080', 'job': 'spring-petclinic', 'pool': 'HikariPool-1'}",268,same_network,3,300
2026-07-24T22:03:36.216559+00:00,2026-07-24T22:03:36.476000+00:00,hikaricp_connections_creation_seconds_count,customers-service,10.42.1.126:8080,"{'__name__': 'hikaricp_connections_creation_seconds_count', 'instance': '10.42.1.126:8080', 'job': 'spring-petclinic', 'pool': 'HikariPool-1'}",266,same_network,3,300
2026-07-24T22:03:36.216559+00:00,2026-07-24T22:03:36.480000+00:00,hikaricp_connections_creation_seconds_max,customers-service,10.42.0.186:8080,"{'__name__': 'hikaricp_connections_creation_seconds_max', 'instance': '10.42.0.186:8080', 'job': 'spring-petclinic', 'pool': 'HikariPool-1'}",0.103,same_network,3,300
2026-07-24T22:03:36.216559+00:00,2026-07-24T22:03:36.480000+00:00,hikaricp_connections_creation_seconds_max,visits-service,10.42.1.122:8080,"{'__name__': 'hikaricp_connections_creation_seconds_max', 'instance': '10.42.1.122:8080', 'job': 'spring-petclinic', 'pool': 'HikariPool-1'}",0.11,same_network,3,300
2026-07-24T22:03:36.216559+00:00,2026-07-24T22:03:36.480000+00:00,hikaricp_connections_creation_seconds_max,vets-service,10.42.1.123:8080,"{'__name__': 'hikaricp_connections_creation_seconds_max', 'instance': '10.42.1.123:8080', 'job': 'spring-petclinic', 'pool': 'HikariPool-1'}",0.137,same_network,3,300
2026-07-24T22:03:36.216559+00:00,2026-07-24T22:03:36.480000+00:00,hikaricp_connections_creation_seconds_max,vets-service,10.42.1.124:8080,"{'__name__': 'hikaricp_connections_creation_seconds_max', 'instance': '10.42.1.124:8080', 'job': 'spring-petclinic', 'pool': 'HikariPool-1'}",1.048,same_network,3,300
2026-07-24T22:03:36.216559+00:00,2026-07-24T22:03:36.480000+00:00,hikaricp_connections_creation_seconds_max,visits-service,10.42.1.125:8080,"{'__name__': 'hikaricp_connections_creation_seconds_max', 'instance': '10.42.1.125:8080', 'job': 'spring-petclinic', 'pool': 'HikariPool-1'}",3.242,same_network,3,300
2026-07-24T22:03:36.216559+00:00,2026-07-24T22:03:36.480000+00:00,hikaricp_connections_creation_seconds_max,customers-service,10.42.1.126:8080,"{'__name__': 'hikaricp_connections_creation_seconds_max', 'instance': '10.42.1.126:8080', 'job': 'spring-petclinic', 'pool': 'HikariPool-1'}",1.371,same_network,3,300
2026-07-24T22:03:36.216559+00:00,2026-07-24T22:03:36.485000+00:00,hikaricp_connections_creation_seconds_sum,customers-service,10.42.0.186:8080,"{'__name__': 'hikaricp_connections_creation_seconds_sum', 'instance': '10.42.0.186:8080', 'job': 'spring-petclinic', 'pool': 'HikariPool-1'}",7.66,same_network,3,300
2026-07-24T22:03:36.216559+00:00,2026-07-24T22:03:36.485000+00:00,hikaricp_connections_creation_seconds_sum,visits-service,10.42.1.122:8080,"{'__name__': 'hikaricp_connections_creation_seconds_sum', 'instance': '10.42.1.122:8080', 'job': 'spring-petclinic', 'pool': 'HikariPool-1'}",970.766,same_network,3,300
2026-07-24T22:03:36.216559+00:00,2026-07-24T22:03:36.485000+00:00,hikaricp_connections_creation_seconds_sum,vets-service,10.42.1.123:8080,"{'__name__': 'hikaricp_connections_creation_seconds_sum', 'instance': '10.42.1.123:8080', 'job': 'spring-petclinic', 'pool': 'HikariPool-1'}",958.596,same_network,3,300
2026-07-24T22:03:36.216559+00:00,2026-07-24T22:03:36.485000+00:00,hikaricp_connections_creation_seconds_sum,vets-service,10.42.1.124:8080,"{'__name__': 'hikaricp_connections_creation_seconds_sum', 'instance': '10.42.1.124:8080', 'job': 'spring-petclinic', 'pool': 'HikariPool-1'}",909.837,same_network,3,300
2026-07-24T22:03:36.216559+00:00,2026-07-24T22:03:36.485000+00:00,hikaricp_connections_creation_seconds_sum,visits-service,10.42.1.125:8080,"{'__name__': 'hikaricp_connections_creation_seconds_sum', 'instance': '10.42.1.125:8080', 'job': 'spring-petclinic', 'pool': 'HikariPool-1'}",916.395,same_network,3,300
2026-07-24T22:03:36.216559+00:00,2026-07-24T22:03:36.485000+00:00,hikaricp_connections_creation_seconds_sum,customers-service,10.42.1.126:8080,"{'__name__': 'hikaricp_connections_creation_seconds_sum', 'instance': '10.42.1.126:8080', 'job': 'spring-petclinic', 'pool': 'HikariPool-1'}",901.866,same_network,3,300
2026-07-24T22:03:36.216559+00:00,2026-07-24T22:03:36.496000+00:00,hikaricp_connections_usage_seconds_count,customers-service,10.42.0.186:8080,"{'__name__': 'hikaricp_connections_usage_seconds_count', 'instance': '10.42.0.186:8080', 'job': 'spring-petclinic', 'pool': 'HikariPool-1'}",604289,same_network,3,300
2026-07-24T22:03:36.216559+00:00,2026-07-24T22:03:36.496000+00:00,hikaricp_connections_usage_seconds_count,visits-service,10.42.1.122:8080,"{'__name__': 'hikaricp_connections_usage_seconds_count', 'instance': '10.42.1.122:8080', 'job': 'spring-petclinic', 'pool': 'HikariPool-1'}",296225,same_network,3,300
2026-07-24T22:03:36.216559+00:00,2026-07-24T22:03:36.496000+00:00,hikaricp_connections_usage_seconds_count,vets-service,10.42.1.123:8080,"{'__name__': 'hikaricp_connections_usage_seconds_count', 'instance': '10.42.1.123:8080', 'job': 'spring-petclinic', 'pool': 'HikariPool-1'}",290930,same_network,3,300
2026-07-24T22:03:36.216559+00:00,2026-07-24T22:03:36.496000+00:00,hikaricp_connections_usage_seconds_count,vets-service,10.42.1.124:8080,"{'__name__': 'hikaricp_connections_usage_seconds_count', 'instance': '10.42.1.124:8080', 'job': 'spring-petclinic', 'pool': 'HikariPool-1'}",296297,same_network,3,300
2026-07-24T22:03:36.216559+00:00,2026-07-24T22:03:36.496000+00:00,hikaricp_connections_usage_seconds_count,visits-service,10.42.1.125:8080,"{'__name__': 'hikaricp_connections_usage_seconds_count', 'instance': '10.42.1.125:8080', 'job': 'spring-petclinic', 'pool': 'HikariPool-1'}",292059,same_network,3,300
2026-07-24T22:03:36.216559+00:00,2026-07-24T22:03:36.496000+00:00,hikaricp_connections_usage_seconds_count,customers-service,10.42.1.126:8080,"{'__name__': 'hikaricp_connections_usage_seconds_count', 'instance': '10.42.1.126:8080', 'job': 'spring-petclinic', 'pool': 'HikariPool-1'}",580750,same_network,3,300
2026-07-24T22:03:36.216559+00:00,2026-07-24T22:03:36.501000+00:00,hikaricp_connections_usage_seconds_max,customers-service,10.42.0.186:8080,"{'__name__': 'hikaricp_connections_usage_seconds_max', 'instance': '10.42.0.186:8080', 'job': 'spring-petclinic', 'pool': 'HikariPool-1'}",1.404,same_network,3,300
2026-07-24T22:03:36.216559+00:00,2026-07-24T22:03:36.501000+00:00,hikaricp_connections_usage_seconds_max,visits-service,10.42.1.122:8080,"{'__name__': 'hikaricp_connections_usage_seconds_max', 'instance': '10.42.1.122:8080', 'job': 'spring-petclinic', 'pool': 'HikariPool-1'}",1.495,same_network,3,300
2026-07-24T22:03:36.216559+00:00,2026-07-24T22:03:36.501000+00:00,hikaricp_connections_usage_seconds_max,vets-service,10.42.1.123:8080,"{'__name__': 'hikaricp_connections_usage_seconds_max', 'instance': '10.42.1.123:8080', 'job': 'spring-petclinic', 'pool': 'HikariPool-1'}",1.165,same_network,3,300
2026-07-24T22:03:36.216559+00:00,2026-07-24T22:03:36.501000+00:00,hikaricp_connections_usage_seconds_max,vets-service,10.42.1.124:8080,"{'__name__': 'hikaricp_connections_usage_seconds_max', 'instance': '10.42.1.124:8080', 'job': 'spring-petclinic', 'pool': 'HikariPool-1'}",5.054,same_network,3,300
2026-07-24T22:03:36.216559+00:00,2026-07-24T22:03:36.501000+00:00,hikaricp_connections_usage_seconds_max,visits-service,10.42.1.125:8080,"{'__name__': 'hikaricp_connections_usage_seconds_max', 'instance': '10.42.1.125:8080', 'job': 'spring-petclinic', 'pool': 'HikariPool-1'}",1.076,same_network,3,300
2026-07-24T22:03:36.216559+00:00,2026-07-24T22:03:36.501000+00:00,hikaricp_connections_usage_seconds_max,customers-service,10.42.1.126:8080,"{'__name__': 'hikaricp_connections_usage_seconds_max', 'instance': '10.42.1.126:8080', 'job': 'spring-petclinic', 'pool': 'HikariPool-1'}",5.283,same_network,3,300
2026-07-24T22:03:36.216559+00:00,2026-07-24T22:03:36.508000+00:00,hikaricp_connections_usage_seconds_sum,customers-service,10.42.0.186:8080,"{'__name__': 'hikaricp_connections_usage_seconds_sum', 'instance': '10.42.0.186:8080', 'job': 'spring-petclinic', 'pool': 'HikariPool-1'}",54740.007,same_network,3,300
2026-07-24T22:03:36.216559+00:00,2026-07-24T22:03:36.508000+00:00,hikaricp_connections_usage_seconds_sum,visits-service,10.42.1.122:8080,"{'__name__': 'hikaricp_connections_usage_seconds_sum', 'instance': '10.42.1.122:8080', 'job': 'spring-petclinic', 'pool': 'HikariPool-1'}",3017.872,same_network,3,300
2026-07-24T22:03:36.216559+00:00,2026-07-24T22:03:36.508000+00:00,hikaricp_connections_usage_seconds_sum,vets-service,10.42.1.123:8080,"{'__name__': 'hikaricp_connections_usage_seconds_sum', 'instance': '10.42.1.123:8080', 'job': 'spring-petclinic', 'pool': 'HikariPool-1'}",31567.127,same_network,3,300
2026-07-24T22:03:36.216559+00:00,2026-07-24T22:03:36.508000+00:00,hikaricp_connections_usage_seconds_sum,vets-service,10.42.1.124:8080,"{'__name__': 'hikaricp_connections_usage_seconds_sum', 'instance': '10.42.1.124:8080', 'job': 'spring-petclinic', 'pool': 'HikariPool-1'}",32078.043,same_network,3,300
2026-07-24T22:03:36.216559+00:00,2026-07-24T22:03:36.508000+00:00,hikaricp_connections_usage_seconds_sum,visits-service,10.42.1.125:8080,"{'__name__': 'hikaricp_connections_usage_seconds_sum', 'instance': '10.42.1.125:8080', 'job': 'spring-petclinic', 'pool': 'HikariPool-1'}",3043.566,same_network,3,300
2026-07-24T22:03:36.216559+00:00,2026-07-24T22:03:36.508000+00:00,hikaricp_connections_usage_seconds_sum,customers-service,10.42.1.126:8080,"{'__name__': 'hikaricp_connections_usage_seconds_sum', 'instance': '10.42.1.126:8080', 'job': 'spring-petclinic', 'pool': 'HikariPool-1'}",56873.471,same_network,3,300
2026-07-24T22:03:36.216559+00:00,2026-07-24T22:03:36.513000+00:00,jdbc_connections_active,customers-service,10.42.0.186:8080,"{'__name__': 'jdbc_connections_active', 'instance': '10.42.0.186:8080', 'job': 'spring-petclinic', 'name': 'dataSource'}",10,same_network,3,300
2026-07-24T22:03:36.216559+00:00,2026-07-24T22:03:36.513000+00:00,jdbc_connections_active,visits-service,10.42.1.122:8080,"{'__name__': 'jdbc_connections_active', 'instance': '10.42.1.122:8080', 'job': 'spring-petclinic', 'name': 'dataSource'}",0,same_network,3,300
2026-07-24T22:03:36.216559+00:00,2026-07-24T22:03:36.513000+00:00,jdbc_connections_active,vets-service,10.42.1.123:8080,"{'__name__': 'jdbc_connections_active', 'instance': '10.42.1.123:8080', 'job': 'spring-petclinic', 'name': 'dataSource'}",8,same_network,3,300
2026-07-24T22:03:36.216559+00:00,2026-07-24T22:03:36.513000+00:00,jdbc_connections_active,vets-service,10.42.1.124:8080,"{'__name__': 'jdbc_connections_active', 'instance': '10.42.1.124:8080', 'job': 'spring-petclinic', 'name': 'dataSource'}",3,same_network,3,300
2026-07-24T22:03:36.216559+00:00,2026-07-24T22:03:36.513000+00:00,jdbc_connections_active,visits-service,10.42.1.125:8080,"{'__name__': 'jdbc_connections_active', 'instance': '10.42.1.125:8080', 'job': 'spring-petclinic', 'name': 'dataSource'}",0,same_network,3,300
2026-07-24T22:03:36.216559+00:00,2026-07-24T22:03:36.513000+00:00,jdbc_connections_active,customers-service,10.42.1.126:8080,"{'__name__': 'jdbc_connections_active', 'instance': '10.42.1.126:8080', 'job': 'spring-petclinic', 'name': 'dataSource'}",8,same_network,3,300
2026-07-24T22:03:36.216559+00:00,2026-07-24T22:03:36.528000+00:00,jdbc_connections_idle,customers-service,10.42.0.186:8080,"{'__name__': 'jdbc_connections_idle', 'instance': '10.42.0.186:8080', 'job': 'spring-petclinic', 'name': 'dataSource'}",0,same_network,3,300
2026-07-24T22:03:36.216559+00:00,2026-07-24T22:03:36.528000+00:00,jdbc_connections_idle,visits-service,10.42.1.122:8080,"{'__name__': 'jdbc_connections_idle', 'instance': '10.42.1.122:8080', 'job': 'spring-petclinic', 'name': 'dataSource'}",10,same_network,3,300
2026-07-24T22:03:36.216559+00:00,2026-07-24T22:03:36.528000+00:00,jdbc_connections_idle,vets-service,10.42.1.123:8080,"{'__name__': 'jdbc_connections_idle', 'instance': '10.42.1.123:8080', 'job': 'spring-petclinic', 'name': 'dataSource'}",2,same_network,3,300
2026-07-24T22:03:36.216559+00:00,2026-07-24T22:03:36.528000+00:00,jdbc_connections_idle,vets-service,10.42.1.124:8080,"{'__name__': 'jdbc_connections_idle', 'instance': '10.42.1.124:8080', 'job': 'spring-petclinic', 'name': 'dataSource'}",7,same_network,3,300
2026-07-24T22:03:36.216559+00:00,2026-07-24T22:03:36.528000+00:00,jdbc_connections_idle,visits-service,10.42.1.125:8080,"{'__name__': 'jdbc_connections_idle', 'instance': '10.42.1.125:8080', 'job': 'spring-petclinic', 'name': 'dataSource'}",10,same_network,3,300
2026-07-24T22:03:36.216559+00:00,2026-07-24T22:03:36.528000+00:00,jdbc_connections_idle,customers-service,10.42.1.126:8080,"{'__name__': 'jdbc_connections_idle', 'instance': '10.42.1.126:8080', 'job': 'spring-petclinic', 'name': 'dataSource'}",2,same_network,3,300
2026-07-24T22:03:36.216559+00:00,2026-07-24T22:03:36.536000+00:00,jdbc_connections_max,customers-service,10.42.0.186:8080,"{'__name__': 'jdbc_connections_max', 'instance': '10.42.0.186:8080', 'job': 'spring-petclinic', 'name': 'dataSource'}",10,same_network,3,300
2026-07-24T22:03:36.216559+00:00,2026-07-24T22:03:36.536000+00:00,jdbc_connections_max,visits-service,10.42.1.122:8080,"{'__name__': 'jdbc_connections_max', 'instance': '10.42.1.122:8080', 'job': 'spring-petclinic', 'name': 'dataSource'}",10,same_network,3,300
2026-07-24T22:03:36.216559+00:00,2026-07-24T22:03:36.536000+00:00,jdbc_connections_max,vets-service,10.42.1.123:8080,"{'__name__': 'jdbc_connections_max', 'instance': '10.42.1.123:8080', 'job': 'spring-petclinic', 'name': 'dataSource'}",10,same_network,3,300
2026-07-24T22:03:36.216559+00:00,2026-07-24T22:03:36.536000+00:00,jdbc_connections_max,vets-service,10.42.1.124:8080,"{'__name__': 'jdbc_connections_max', 'instance': '10.42.1.124:8080', 'job': 'spring-petclinic', 'name': 'dataSource'}",10,same_network,3,300
2026-07-24T22:03:36.216559+00:00,2026-07-24T22:03:36.536000+00:00,jdbc_connections_max,visits-service,10.42.1.125:8080,"{'__name__': 'jdbc_connections_max', 'instance': '10.42.1.125:8080', 'job': 'spring-petclinic', 'name': 'dataSource'}",10,same_network,3,300
2026-07-24T22:03:36.216559+00:00,2026-07-24T22:03:36.536000+00:00,jdbc_connections_max,customers-service,10.42.1.126:8080,"{'__name__': 'jdbc_connections_max', 'instance': '10.42.1.126:8080', 'job': 'spring-petclinic', 'name': 'dataSource'}",10,same_network,3,300
2026-07-24T22:03:36.216559+00:00,2026-07-24T22:03:36.541000+00:00,jdbc_connections_min,customers-service,10.42.0.186:8080,"{'__name__': 'jdbc_connections_min', 'instance': '10.42.0.186:8080', 'job': 'spring-petclinic', 'name': 'dataSource'}",10,same_network,3,300
2026-07-24T22:03:36.216559+00:00,2026-07-24T22:03:36.541000+00:00,jdbc_connections_min,visits-service,10.42.1.122:8080,"{'__name__': 'jdbc_connections_min', 'instance': '10.42.1.122:8080', 'job': 'spring-petclinic', 'name': 'dataSource'}",10,same_network,3,300
2026-07-24T22:03:36.216559+00:00,2026-07-24T22:03:36.541000+00:00,jdbc_connections_min,vets-service,10.42.1.123:8080,"{'__name__': 'jdbc_connections_min', 'instance': '10.42.1.123:8080', 'job': 'spring-petclinic', 'name': 'dataSource'}",10,same_network,3,300
2026-07-24T22:03:36.216559+00:00,2026-07-24T22:03:36.541000+00:00,jdbc_connections_min,vets-service,10.42.1.124:8080,"{'__name__': 'jdbc_connections_min', 'instance': '10.42.1.124:8080', 'job': 'spring-petclinic', 'name': 'dataSource'}",10,same_network,3,300
2026-07-24T22:03:36.216559+00:00,2026-07-24T22:03:36.541000+00:00,jdbc_connections_min,visits-service,10.42.1.125:8080,"{'__name__': 'jdbc_connections_min', 'instance': '10.42.1.125:8080', 'job': 'spring-petclinic', 'name': 'dataSource'}",10,same_network,3,300
2026-07-24T22:03:36.216559+00:00,2026-07-24T22:03:36.541000+00:00,jdbc_connections_min,customers-service,10.42.1.126:8080,"{'__name__': 'jdbc_connections_min', 'instance': '10.42.1.126:8080', 'job': 'spring-petclinic', 'name': 'dataSource'}",10,same_network,3,300
2026-07-24T22:03:36.216559+00:00,2026-07-24T22:03:36.547000+00:00,container_network_receive_bytes_total,visits-service,augusto-almondes,"{'__name__': 'container_network_receive_bytes_total', 'beta_kubernetes_io_arch': 'amd64', 'beta_kubernetes_io_instance_type': 'k3s', 'beta_kubernetes_io_os': 'linux', 'id': '/kubepods.slice/kubepods-besteffort.slice/kubepods-besteffort-pod07c98de3_903e_4594_897f_2c8d02326386.slice/cri-containerd-78cb0991f2215bba7766e453130cd6629145f4cb69967ab6841e765a002dd5bd.scope', 'image': 'docker.io/rancher/mirrored-pause:3.6', 'instance': 'augusto-almondes', 'interface': 'eth0', 'job': 'kubernetes-cadvisor', 'kubernetes_io_arch': 'amd64', 'kubernetes_io_hostname': 'augusto-almondes', 'kubernetes_io_os': 'linux', 'name': '78cb0991f2215bba7766e453130cd6629145f4cb69967ab6841e765a002dd5bd', 'namespace': 'spring-petclinic', 'node_kubernetes_io_instance_type': 'k3s', 'pod': 'visits-service-859d489b98-v28jh'}",324194444,same_network,3,300
2026-07-24T22:03:36.216559+00:00,2026-07-24T22:03:36.547000+00:00,container_network_receive_bytes_total,vets-service,augusto-almondes,"{'__name__': 'container_network_receive_bytes_total', 'beta_kubernetes_io_arch': 'amd64', 'beta_kubernetes_io_instance_type': 'k3s', 'beta_kubernetes_io_os': 'linux', 'id': '/kubepods.slice/kubepods-besteffort.slice/kubepods-besteffort-pod37c58633_3a89_4b91_8817_d95841fa9c04.slice/cri-containerd-3d072be83235a90f43adf1b2786dedb708b2eadf4ce06678d0446a5c1cf7d1bf.scope', 'image': 'docker.io/rancher/mirrored-pause:3.6', 'instance': 'augusto-almondes', 'interface': 'eth0', 'job': 'kubernetes-cadvisor', 'kubernetes_io_arch': 'amd64', 'kubernetes_io_hostname': 'augusto-almondes', 'kubernetes_io_os': 'linux', 'name': '3d072be83235a90f43adf1b2786dedb708b2eadf4ce06678d0446a5c1cf7d1bf', 'namespace': 'spring-petclinic', 'node_kubernetes_io_instance_type': 'k3s', 'pod': 'vets-service-68cc5897b6-gr89c'}",1281622579,same_network,3,300
2026-07-24T22:03:36.216559+00:00,2026-07-24T22:03:36.547000+00:00,container_network_receive_bytes_total,customers-service,notebook-vivy,"{'__name__': 'container_network_receive_bytes_total', 'beta_kubernetes_io_arch': 'amd64', 'beta_kubernetes_io_instance_type': 'k3s', 'beta_kubernetes_io_os': 'linux', 'id': '/kubepods.slice/kubepods-besteffort.slice/kubepods-besteffort-pod461d7b21_3e4e_4af8_ae9e_5c2edf453cf6.slice/cri-containerd-fd1e043bde697e972772a0aa9fe92c09dc38468de0e796b4fcc7ccb62c2cc331.scope', 'image': 'docker.io/rancher/mirrored-pause:3.6', 'instance': 'notebook-vivy', 'interface': 'eth0', 'job': 'kubernetes-cadvisor', 'kubernetes_io_arch': 'amd64', 'kubernetes_io_hostname': 'notebook-vivy', 'kubernetes_io_os': 'linux', 'name': 'fd1e043bde697e972772a0aa9fe92c09dc38468de0e796b4fcc7ccb62c2cc331', 'namespace': 'spring-petclinic', 'node_kubernetes_io_instance_type': 'k3s', 'node_role_kubernetes_io_control_plane': 'true', 'pod': 'customers-service-754bdcc448-g5gns'}",3892060005,same_network,3,300
2026-07-24T22:03:36.216559+00:00,2026-07-24T22:03:36.547000+00:00,container_network_receive_bytes_total,,notebook-vivy,"{'__name__': 'container_network_receive_bytes_total', 'beta_kubernetes_io_arch': 'amd64', 'beta_kubernetes_io_instance_type': 'k3s', 'beta_kubernetes_io_os': 'linux', 'id': '/kubepods.slice/kubepods-besteffort.slice/kubepods-besteffort-pod61c59b0e_baf9_48d9_ae8a_9a9a72cf52af.slice/cri-containerd-1adc220d89ff318103e137809efebdbdb53d40bfc366b15aebb7dda0164e3c84.scope', 'image': 'docker.io/rancher/mirrored-pause:3.6', 'instance': 'notebook-vivy', 'interface': 'eth0', 'job': 'kubernetes-cadvisor', 'kubernetes_io_arch': 'amd64', 'kubernetes_io_hostname': 'notebook-vivy', 'kubernetes_io_os': 'linux', 'name': '1adc220d89ff318103e137809efebdbdb53d40bfc366b15aebb7dda0164e3c84', 'namespace': 'spring-petclinic', 'node_kubernetes_io_instance_type': 'k3s', 'node_role_kubernetes_io_control_plane': 'true', 'pod': 'prometheus-6d9b5b9b7c-c9njq'}",965652221,same_network,3,300
2026-07-24T22:03:36.216559+00:00,2026-07-24T22:03:36.547000+00:00,container_network_receive_bytes_total,visits-service,augusto-almondes,"{'__name__': 'container_network_receive_bytes_total', 'beta_kubernetes_io_arch': 'amd64', 'beta_kubernetes_io_instance_type': 'k3s', 'beta_kubernetes_io_os': 'linux', 'id': '/kubepods.slice/kubepods-besteffort.slice/kubepods-besteffort-pod6e6c7e0b_abf8_47e8_9b7f_73fed236fe33.slice/cri-containerd-36634f28d8d5262f3c40800bd8233f19285c32bdf1c30883fc9d08ad552c5fcc.scope', 'image': 'docker.io/rancher/mirrored-pause:3.6', 'instance': 'augusto-almondes', 'interface': 'eth0', 'job': 'kubernetes-cadvisor', 'kubernetes_io_arch': 'amd64', 'kubernetes_io_hostname': 'augusto-almondes', 'kubernetes_io_os': 'linux', 'name': '36634f28d8d5262f3c40800bd8233f19285c32bdf1c30883fc9d08ad552c5fcc', 'namespace': 'spring-petclinic', 'node_kubernetes_io_instance_type': 'k3s', 'pod': 'visits-service-859d489b98-qpm6m'}",320278051,same_network,3,300
2026-07-24T22:03:36.216559+00:00,2026-07-24T22:03:36.547000+00:00,container_network_receive_bytes_total,,notebook-vivy,"{'__name__': 'container_network_receive_bytes_total', 'beta_kubernetes_io_arch': 'amd64', 'beta_kubernetes_io_instance_type': 'k3s', 'beta_kubernetes_io_os': 'linux', 'id': '/kubepods.slice/kubepods-besteffort.slice/kubepods-besteffort-pod818aa63c_0637_4d0f_bd16_9785508f386f.slice/cri-containerd-257fc1a313926de0c88bf51147ec32916a10686b887e16d8bb4ca05843baf589.scope', 'image': 'docker.io/rancher/mirrored-pause:3.6', 'instance': 'notebook-vivy', 'interface': 'eth0', 'job': 'kubernetes-cadvisor', 'kubernetes_io_arch': 'amd64', 'kubernetes_io_hostname': 'notebook-vivy', 'kubernetes_io_os': 'linux', 'name': '257fc1a313926de0c88bf51147ec32916a10686b887e16d8bb4ca05843baf589', 'namespace': 'spring-petclinic', 'node_kubernetes_io_instance_type': 'k3s', 'node_role_kubernetes_io_control_plane': 'true', 'pod': 'config-server-799b6bb84c-g2tr5'}",6936,same_network,3,300
2026-07-24T22:03:36.216559+00:00,2026-07-24T22:03:36.547000+00:00,container_network_receive_bytes_total,,macbookair-vivy,"{'__name__': 'container_network_receive_bytes_total', 'beta_kubernetes_io_arch': 'amd64', 'beta_kubernetes_io_instance_type': 'k3s', 'beta_kubernetes_io_os': 'linux', 'id': '/kubepods.slice/kubepods-besteffort.slice/kubepods-besteffort-podbb8e7e86_67b2_4503_b6ea_265ba0e9fc0c.slice/cri-containerd-41001c13718012a62944ab802abddb11401442e875bc7d1cf10aa9c870850224.scope', 'image': 'docker.io/rancher/mirrored-pause:3.6', 'instance': 'macbookair-vivy', 'interface': 'eth0', 'job': 'kubernetes-cadvisor', 'kubernetes_io_arch': 'amd64', 'kubernetes_io_hostname': 'macbookair-vivy', 'kubernetes_io_os': 'linux', 'name': '41001c13718012a62944ab802abddb11401442e875bc7d1cf10aa9c870850224', 'namespace': 'spring-petclinic', 'node_kubernetes_io_instance_type': 'k3s', 'pod': 'mysql-7dcf5984bc-22j65', 'role': 'database'}",8760509519,same_network,3,300
2026-07-24T22:03:36.216559+00:00,2026-07-24T22:03:36.547000+00:00,container_network_receive_bytes_total,,notebook-vivy,"{'__name__': 'container_network_receive_bytes_total', 'beta_kubernetes_io_arch': 'amd64', 'beta_kubernetes_io_instance_type': 'k3s', 'beta_kubernetes_io_os': 'linux', 'id': '/kubepods.slice/kubepods-besteffort.slice/kubepods-besteffort-podceb031e9_6468_4f4b_80a0_24260acd6e8a.slice/cri-containerd-40053313449c00a55736ce939108bea56e6a102b12b42e1a31bd001b2cb943bb.scope', 'image': 'docker.io/rancher/mirrored-pause:3.6', 'instance': 'notebook-vivy', 'interface': 'eth0', 'job': 'kubernetes-cadvisor', 'kubernetes_io_arch': 'amd64', 'kubernetes_io_hostname': 'notebook-vivy', 'kubernetes_io_os': 'linux', 'name': '40053313449c00a55736ce939108bea56e6a102b12b42e1a31bd001b2cb943bb', 'namespace': 'spring-petclinic', 'node_kubernetes_io_instance_type': 'k3s', 'node_role_kubernetes_io_control_plane': 'true', 'pod': 'discovery-server-6694f65985-cr2kx'}",6978,same_network,3,300
2026-07-24T22:03:36.216559+00:00,2026-07-24T22:03:36.547000+00:00,container_network_receive_bytes_total,customers-service,augusto-almondes,"{'__name__': 'container_network_receive_bytes_total', 'beta_kubernetes_io_arch': 'amd64', 'beta_kubernetes_io_instance_type': 'k3s', 'beta_kubernetes_io_os': 'linux', 'id': '/kubepods.slice/kubepods-besteffort.slice/kubepods-besteffort-pode37399aa_5830_4643_8b7d_68f55d86f0b1.slice/cri-containerd-e7e17f8994d91ad485dcadb505533c11157a9c4ea3fe4f1d557d045c51189815.scope', 'image': 'docker.io/rancher/mirrored-pause:3.6', 'instance': 'augusto-almondes', 'interface': 'eth0', 'job': 'kubernetes-cadvisor', 'kubernetes_io_arch': 'amd64', 'kubernetes_io_hostname': 'augusto-almondes', 'kubernetes_io_os': 'linux', 'name': 'e7e17f8994d91ad485dcadb505533c11157a9c4ea3fe4f1d557d045c51189815', 'namespace': 'spring-petclinic', 'node_kubernetes_io_instance_type': 'k3s', 'pod': 'customers-service-754bdcc448-vqzd7'}",3764839801,same_network,3,300
2026-07-24T22:03:36.216559+00:00,2026-07-24T22:03:36.547000+00:00,container_network_receive_bytes_total,vets-service,augusto-almondes,"{'__name__': 'container_network_receive_bytes_total', 'beta_kubernetes_io_arch': 'amd64', 'beta_kubernetes_io_instance_type': 'k3s', 'beta_kubernetes_io_os': 'linux', 'id': '/kubepods.slice/kubepods-besteffort.slice/kubepods-besteffort-pode8be662b_d64d_4461_b18e_e524621757f2.slice/cri-containerd-1858b7a840027f969d237d1c10d7ecc22ef5e38a29d202d5760513652eb60797.scope', 'image': 'docker.io/rancher/mirrored-pause:3.6', 'instance': 'augusto-almondes', 'interface': 'eth0', 'job': 'kubernetes-cadvisor', 'kubernetes_io_arch': 'amd64', 'kubernetes_io_hostname': 'augusto-almondes', 'kubernetes_io_os': 'linux', 'name': '1858b7a840027f969d237d1c10d7ecc22ef5e38a29d202d5760513652eb60797', 'namespace': 'spring-petclinic', 'node_kubernetes_io_instance_type': 'k3s', 'pod': 'vets-service-68cc5897b6-cj224'}",1308480521,same_network,3,300
2026-07-24T22:03:36.216559+00:00,2026-07-24T22:03:36.547000+00:00,container_network_receive_bytes_total,api-gateway,notebook-vivy,"{'__name__': 'container_network_receive_bytes_total', 'beta_kubernetes_io_arch': 'amd64', 'beta_kubernetes_io_instance_type': 'k3s', 'beta_kubernetes_io_os': 'linux', 'id': '/kubepods.slice/kubepods-burstable.slice/kubepods-burstable-pod0938bf77_f775_4395_8d68_3f3e730442fa.slice/cri-containerd-a6fd5250d3bfc2badbe10894f62c473ef988a39eb319025e754de23b80c1ab4c.scope', 'image': 'docker.io/rancher/mirrored-pause:3.6', 'instance': 'notebook-vivy', 'interface': 'eth0', 'job': 'kubernetes-cadvisor', 'kubernetes_io_arch': 'amd64', 'kubernetes_io_hostname': 'notebook-vivy', 'kubernetes_io_os': 'linux', 'name': 'a6fd5250d3bfc2badbe10894f62c473ef988a39eb319025e754de23b80c1ab4c', 'namespace': 'spring-petclinic', 'node_kubernetes_io_instance_type': 'k3s', 'node_role_kubernetes_io_control_plane': 'true', 'pod': 'api-gateway-78f775b647-m4zpr'}",3530709977,same_network,3,300
2026-07-24T22:03:36.216559+00:00,2026-07-24T22:03:36.547000+00:00,container_network_receive_bytes_total,,notebook-vivy,"{'__name__': 'container_network_receive_bytes_total', 'beta_kubernetes_io_arch': 'amd64', 'beta_kubernetes_io_instance_type': 'k3s', 'beta_kubernetes_io_os': 'linux', 'id': '/kubepods.slice/kubepods-burstable.slice/kubepods-burstable-pod09c597ef_7768_4ae9_a0f5_1a6a4d12429f.slice/cri-containerd-71a203b5d7433062735bda847d7d37feb6bf4a60472b7731f6d1b0fe96211934.scope', 'image': 'docker.io/rancher/mirrored-pause:3.6', 'instance': 'notebook-vivy', 'interface': 'eth0', 'job': 'kubernetes-cadvisor', 'kubernetes_io_arch': 'amd64', 'kubernetes_io_hostname': 'notebook-vivy', 'kubernetes_io_os': 'linux', 'name': '71a203b5d7433062735bda847d7d37feb6bf4a60472b7731f6d1b0fe96211934', 'namespace': 'spring-petclinic', 'node_kubernetes_io_instance_type': 'k3s', 'node_role_kubernetes_io_control_plane': 'true', 'pod': 'zipkin-76d97d46df-4kcr9'}",4716578158,same_network,3,300
2026-07-24T22:03:36.216559+00:00,2026-07-24T22:03:36.547000+00:00,container_network_receive_bytes_total,,augusto-almondes,"{'__name__': 'container_network_receive_bytes_total', 'beta_kubernetes_io_arch': 'amd64', 'beta_kubernetes_io_instance_type': 'k3s', 'beta_kubernetes_io_os': 'linux', 'id': '/kubepods.slice/kubepods-burstable.slice/kubepods-burstable-pod1f46dbde_909b_4d3f_b97d_2a39953c86a7.slice/cri-containerd-ba8d023b76c7725ee06abbed55f557de3ff14db60b35b51171c3b1a89ccf72e2.scope', 'image': 'docker.io/rancher/mirrored-pause:3.6', 'instance': 'augusto-almondes', 'interface': 'eth0', 'job': 'kubernetes-cadvisor', 'kubernetes_io_arch': 'amd64', 'kubernetes_io_hostname': 'augusto-almondes', 'kubernetes_io_os': 'linux', 'name': 'ba8d023b76c7725ee06abbed55f557de3ff14db60b35b51171c3b1a89ccf72e2', 'namespace': 'spring-petclinic', 'node_kubernetes_io_instance_type': 'k3s', 'pod': 'promtail-f6prj'}",6939923,same_network,3,300
2026-07-24T22:03:36.216559+00:00,2026-07-24T22:03:36.547000+00:00,container_network_receive_bytes_total,,notebook-vivy,"{'__name__': 'container_network_receive_bytes_total', 'beta_kubernetes_io_arch': 'amd64', 'beta_kubernetes_io_instance_type': 'k3s', 'beta_kubernetes_io_os': 'linux', 'id': '/kubepods.slice/kubepods-burstable.slice/kubepods-burstable-pod4150c254_a41f_4f8b_8f98_d26a0c6ac7e0.slice/cri-containerd-5a7cfa41636ef4b9b6979fd30de1bffc1033fc4d1a59062a0d942b86307ef87a.scope', 'image': 'docker.io/rancher/mirrored-pause:3.6', 'instance': 'notebook-vivy', 'interface': 'eth0', 'job': 'kubernetes-cadvisor', 'kubernetes_io_arch': 'amd64', 'kubernetes_io_hostname': 'notebook-vivy', 'kubernetes_io_os': 'linux', 'name': '5a7cfa41636ef4b9b6979fd30de1bffc1033fc4d1a59062a0d942b86307ef87a', 'namespace': 'spring-petclinic', 'node_kubernetes_io_instance_type': 'k3s', 'node_role_kubernetes_io_control_plane': 'true', 'pod': 'loki-84cd674d9f-5jbmr'}",953487599,same_network,3,300
2026-07-24T22:03:36.216559+00:00,2026-07-24T22:03:36.547000+00:00,container_network_receive_bytes_total,api-gateway,augusto-almondes,"{'__name__': 'container_network_receive_bytes_total', 'beta_kubernetes_io_arch': 'amd64', 'beta_kubernetes_io_instance_type': 'k3s', 'beta_kubernetes_io_os': 'linux', 'id': '/kubepods.slice/kubepods-burstable.slice/kubepods-burstable-pod8329aa55_845e_49e6_bc48_19166a540b8f.slice/cri-containerd-faae04884b29c370b3bb7fec91e75dac682e34a15f8a391ce4220d76bdf21c1c.scope', 'image': 'docker.io/rancher/mirrored-pause:3.6', 'instance': 'augusto-almondes', 'interface': 'eth0', 'job': 'kubernetes-cadvisor', 'kubernetes_io_arch': 'amd64', 'kubernetes_io_hostname': 'augusto-almondes', 'kubernetes_io_os': 'linux', 'name': 'faae04884b29c370b3bb7fec91e75dac682e34a15f8a391ce4220d76bdf21c1c', 'namespace': 'spring-petclinic', 'node_kubernetes_io_instance_type': 'k3s', 'pod': 'api-gateway-78f775b647-cs4l5'}",15283880,same_network,3,300
2026-07-24T22:03:36.216559+00:00,2026-07-24T22:03:36.547000+00:00,container_network_receive_bytes_total,,macbookair-vivy,"{'__name__': 'container_network_receive_bytes_total', 'beta_kubernetes_io_arch': 'amd64', 'beta_kubernetes_io_instance_type': 'k3s', 'beta_kubernetes_io_os': 'linux', 'id': '/kubepods.slice/kubepods-burstable.slice/kubepods-burstable-pod83bca641_4313_46eb_880d_ed7d9b73c3b4.slice/cri-containerd-fa71dc8ca33ab1aaee8733e1064f6c903582a47168f208c39fa0d84958e0adf6.scope', 'image': 'docker.io/rancher/mirrored-pause:3.6', 'instance': 'macbookair-vivy', 'interface': 'eth0', 'job': 'kubernetes-cadvisor', 'kubernetes_io_arch': 'amd64', 'kubernetes_io_hostname': 'macbookair-vivy', 'kubernetes_io_os': 'linux', 'name': 'fa71dc8ca33ab1aaee8733e1064f6c903582a47168f208c39fa0d84958e0adf6', 'namespace': 'spring-petclinic', 'node_kubernetes_io_instance_type': 'k3s', 'pod': 'promtail-6th4p', 'role': 'database'}",1744581,same_network,3,300
2026-07-24T22:03:36.216559+00:00,2026-07-24T22:03:36.547000+00:00,container_network_receive_bytes_total,,notebook-vivy,"{'__name__': 'container_network_receive_bytes_total', 'beta_kubernetes_io_arch': 'amd64', 'beta_kubernetes_io_instance_type': 'k3s', 'beta_kubernetes_io_os': 'linux', 'id': '/kubepods.slice/kubepods-burstable.slice/kubepods-burstable-podb25714d0_13cb_4579_b8b1_7a8606f015ca.slice/cri-containerd-42cc5d6d1ba003bd2b36c4cfe046d938102ebaf4057c03c2ebe008cb716d2ac8.scope', 'image': 'docker.io/rancher/mirrored-pause:3.6', 'instance': 'notebook-vivy', 'interface': 'eth0', 'job': 'kubernetes-cadvisor', 'kubernetes_io_arch': 'amd64', 'kubernetes_io_hostname': 'notebook-vivy', 'kubernetes_io_os': 'linux', 'name': '42cc5d6d1ba003bd2b36c4cfe046d938102ebaf4057c03c2ebe008cb716d2ac8', 'namespace': 'spring-petclinic', 'node_kubernetes_io_instance_type': 'k3s', 'node_role_kubernetes_io_control_plane': 'true', 'pod': 'promtail-rsjq4'}",12101596,same_network,3,300
2026-07-24T22:03:36.216559+00:00,2026-07-24T22:03:36.556000+00:00,container_network_transmit_bytes_total,visits-service,augusto-almondes,"{'__name__': 'container_network_transmit_bytes_total', 'beta_kubernetes_io_arch': 'amd64', 'beta_kubernetes_io_instance_type': 'k3s', 'beta_kubernetes_io_os': 'linux', 'id': '/kubepods.slice/kubepods-besteffort.slice/kubepods-besteffort-pod07c98de3_903e_4594_897f_2c8d02326386.slice/cri-containerd-78cb0991f2215bba7766e453130cd6629145f4cb69967ab6841e765a002dd5bd.scope', 'image': 'docker.io/rancher/mirrored-pause:3.6', 'instance': 'augusto-almondes', 'interface': 'eth0', 'job': 'kubernetes-cadvisor', 'kubernetes_io_arch': 'amd64', 'kubernetes_io_hostname': 'augusto-almondes', 'kubernetes_io_os': 'linux', 'name': '78cb0991f2215bba7766e453130cd6629145f4cb69967ab6841e765a002dd5bd', 'namespace': 'spring-petclinic', 'node_kubernetes_io_instance_type': 'k3s', 'pod': 'visits-service-859d489b98-v28jh'}",355901208,same_network,3,300
2026-07-24T22:03:36.216559+00:00,2026-07-24T22:03:36.556000+00:00,container_network_transmit_bytes_total,vets-service,augusto-almondes,"{'__name__': 'container_network_transmit_bytes_total', 'beta_kubernetes_io_arch': 'amd64', 'beta_kubernetes_io_instance_type': 'k3s', 'beta_kubernetes_io_os': 'linux', 'id': '/kubepods.slice/kubepods-besteffort.slice/kubepods-besteffort-pod37c58633_3a89_4b91_8817_d95841fa9c04.slice/cri-containerd-3d072be83235a90f43adf1b2786dedb708b2eadf4ce06678d0446a5c1cf7d1bf.scope', 'image': 'docker.io/rancher/mirrored-pause:3.6', 'instance': 'augusto-almondes', 'interface': 'eth0', 'job': 'kubernetes-cadvisor', 'kubernetes_io_arch': 'amd64', 'kubernetes_io_hostname': 'augusto-almondes', 'kubernetes_io_os': 'linux', 'name': '3d072be83235a90f43adf1b2786dedb708b2eadf4ce06678d0446a5c1cf7d1bf', 'namespace': 'spring-petclinic', 'node_kubernetes_io_instance_type': 'k3s', 'pod': 'vets-service-68cc5897b6-gr89c'}",1591513495,same_network,3,300
2026-07-24T22:03:36.216559+00:00,2026-07-24T22:03:36.556000+00:00,container_network_transmit_bytes_total,customers-service,notebook-vivy,"{'__name__': 'container_network_transmit_bytes_total', 'beta_kubernetes_io_arch': 'amd64', 'beta_kubernetes_io_instance_type': 'k3s', 'beta_kubernetes_io_os': 'linux', 'id': '/kubepods.slice/kubepods-besteffort.slice/kubepods-besteffort-pod461d7b21_3e4e_4af8_ae9e_5c2edf453cf6.slice/cri-containerd-fd1e043bde697e972772a0aa9fe92c09dc38468de0e796b4fcc7ccb62c2cc331.scope', 'image': 'docker.io/rancher/mirrored-pause:3.6', 'instance': 'notebook-vivy', 'interface': 'eth0', 'job': 'kubernetes-cadvisor', 'kubernetes_io_arch': 'amd64', 'kubernetes_io_hostname': 'notebook-vivy', 'kubernetes_io_os': 'linux', 'name': 'fd1e043bde697e972772a0aa9fe92c09dc38468de0e796b4fcc7ccb62c2cc331', 'namespace': 'spring-petclinic', 'node_kubernetes_io_instance_type': 'k3s', 'node_role_kubernetes_io_control_plane': 'true', 'pod': 'customers-service-754bdcc448-g5gns'}",3871600359,same_network,3,300
2026-07-24T22:03:36.216559+00:00,2026-07-24T22:03:36.556000+00:00,container_network_transmit_bytes_total,,notebook-vivy,"{'__name__': 'container_network_transmit_bytes_total', 'beta_kubernetes_io_arch': 'amd64', 'beta_kubernetes_io_instance_type': 'k3s', 'beta_kubernetes_io_os': 'linux', 'id': '/kubepods.slice/kubepods-besteffort.slice/kubepods-besteffort-pod61c59b0e_baf9_48d9_ae8a_9a9a72cf52af.slice/cri-containerd-1adc220d89ff318103e137809efebdbdb53d40bfc366b15aebb7dda0164e3c84.scope', 'image': 'docker.io/rancher/mirrored-pause:3.6', 'instance': 'notebook-vivy', 'interface': 'eth0', 'job': 'kubernetes-cadvisor', 'kubernetes_io_arch': 'amd64', 'kubernetes_io_hostname': 'notebook-vivy', 'kubernetes_io_os': 'linux', 'name': '1adc220d89ff318103e137809efebdbdb53d40bfc366b15aebb7dda0164e3c84', 'namespace': 'spring-petclinic', 'node_kubernetes_io_instance_type': 'k3s', 'node_role_kubernetes_io_control_plane': 'true', 'pod': 'prometheus-6d9b5b9b7c-c9njq'}",109390369,same_network,3,300
2026-07-24T22:03:36.216559+00:00,2026-07-24T22:03:36.556000+00:00,container_network_transmit_bytes_total,visits-service,augusto-almondes,"{'__name__': 'container_network_transmit_bytes_total', 'beta_kubernetes_io_arch': 'amd64', 'beta_kubernetes_io_instance_type': 'k3s', 'beta_kubernetes_io_os': 'linux', 'id': '/kubepods.slice/kubepods-besteffort.slice/kubepods-besteffort-pod6e6c7e0b_abf8_47e8_9b7f_73fed236fe33.slice/cri-containerd-36634f28d8d5262f3c40800bd8233f19285c32bdf1c30883fc9d08ad552c5fcc.scope', 'image': 'docker.io/rancher/mirrored-pause:3.6', 'instance': 'augusto-almondes', 'interface': 'eth0', 'job': 'kubernetes-cadvisor', 'kubernetes_io_arch': 'amd64', 'kubernetes_io_hostname': 'augusto-almondes', 'kubernetes_io_os': 'linux', 'name': '36634f28d8d5262f3c40800bd8233f19285c32bdf1c30883fc9d08ad552c5fcc', 'namespace': 'spring-petclinic', 'node_kubernetes_io_instance_type': 'k3s', 'pod': 'visits-service-859d489b98-qpm6m'}",351578792,same_network,3,300
2026-07-24T22:03:36.216559+00:00,2026-07-24T22:03:36.556000+00:00,container_network_transmit_bytes_total,,notebook-vivy,"{'__name__': 'container_network_transmit_bytes_total', 'beta_kubernetes_io_arch': 'amd64', 'beta_kubernetes_io_instance_type': 'k3s', 'beta_kubernetes_io_os': 'linux', 'id': '/kubepods.slice/kubepods-besteffort.slice/kubepods-besteffort-pod818aa63c_0637_4d0f_bd16_9785508f386f.slice/cri-containerd-257fc1a313926de0c88bf51147ec32916a10686b887e16d8bb4ca05843baf589.scope', 'image': 'docker.io/rancher/mirrored-pause:3.6', 'instance': 'notebook-vivy', 'interface': 'eth0', 'job': 'kubernetes-cadvisor', 'kubernetes_io_arch': 'amd64', 'kubernetes_io_hostname': 'notebook-vivy', 'kubernetes_io_os': 'linux', 'name': '257fc1a313926de0c88bf51147ec32916a10686b887e16d8bb4ca05843baf589', 'namespace': 'spring-petclinic', 'node_kubernetes_io_instance_type': 'k3s', 'node_role_kubernetes_io_control_plane': 'true', 'pod': 'config-server-799b6bb84c-g2tr5'}",42,same_network,3,300
2026-07-24T22:03:36.216559+00:00,2026-07-24T22:03:36.556000+00:00,container_network_transmit_bytes_total,,macbookair-vivy,"{'__name__': 'container_network_transmit_bytes_total', 'beta_kubernetes_io_arch': 'amd64', 'beta_kubernetes_io_instance_type': 'k3s', 'beta_kubernetes_io_os': 'linux', 'id': '/kubepods.slice/kubepods-besteffort.slice/kubepods-besteffort-podbb8e7e86_67b2_4503_b6ea_265ba0e9fc0c.slice/cri-containerd-41001c13718012a62944ab802abddb11401442e875bc7d1cf10aa9c870850224.scope', 'image': 'docker.io/rancher/mirrored-pause:3.6', 'instance': 'macbookair-vivy', 'interface': 'eth0', 'job': 'kubernetes-cadvisor', 'kubernetes_io_arch': 'amd64', 'kubernetes_io_hostname': 'macbookair-vivy', 'kubernetes_io_os': 'linux', 'name': '41001c13718012a62944ab802abddb11401442e875bc7d1cf10aa9c870850224', 'namespace': 'spring-petclinic', 'node_kubernetes_io_instance_type': 'k3s', 'pod': 'mysql-7dcf5984bc-22j65', 'role': 'database'}",12166965718,same_network,3,300
2026-07-24T22:03:36.216559+00:00,2026-07-24T22:03:36.556000+00:00,container_network_transmit_bytes_total,,notebook-vivy,"{'__name__': 'container_network_transmit_bytes_total', 'beta_kubernetes_io_arch': 'amd64', 'beta_kubernetes_io_instance_type': 'k3s', 'beta_kubernetes_io_os': 'linux', 'id': '/kubepods.slice/kubepods-besteffort.slice/kubepods-besteffort-podceb031e9_6468_4f4b_80a0_24260acd6e8a.slice/cri-containerd-40053313449c00a55736ce939108bea56e6a102b12b42e1a31bd001b2cb943bb.scope', 'image': 'docker.io/rancher/mirrored-pause:3.6', 'instance': 'notebook-vivy', 'interface': 'eth0', 'job': 'kubernetes-cadvisor', 'kubernetes_io_arch': 'amd64', 'kubernetes_io_hostname': 'notebook-vivy', 'kubernetes_io_os': 'linux', 'name': '40053313449c00a55736ce939108bea56e6a102b12b42e1a31bd001b2cb943bb', 'namespace': 'spring-petclinic', 'node_kubernetes_io_instance_type': 'k3s', 'node_role_kubernetes_io_control_plane': 'true', 'pod': 'discovery-server-6694f65985-cr2kx'}",42,same_network,3,300
2026-07-24T22:03:36.216559+00:00,2026-07-24T22:03:36.556000+00:00,container_network_transmit_bytes_total,customers-service,augusto-almondes,"{'__name__': 'container_network_transmit_bytes_total', 'beta_kubernetes_io_arch': 'amd64', 'beta_kubernetes_io_instance_type': 'k3s', 'beta_kubernetes_io_os': 'linux', 'id': '/kubepods.slice/kubepods-besteffort.slice/kubepods-besteffort-pode37399aa_5830_4643_8b7d_68f55d86f0b1.slice/cri-containerd-e7e17f8994d91ad485dcadb505533c11157a9c4ea3fe4f1d557d045c51189815.scope', 'image': 'docker.io/rancher/mirrored-pause:3.6', 'instance': 'augusto-almondes', 'interface': 'eth0', 'job': 'kubernetes-cadvisor', 'kubernetes_io_arch': 'amd64', 'kubernetes_io_hostname': 'augusto-almondes', 'kubernetes_io_os': 'linux', 'name': 'e7e17f8994d91ad485dcadb505533c11157a9c4ea3fe4f1d557d045c51189815', 'namespace': 'spring-petclinic', 'node_kubernetes_io_instance_type': 'k3s', 'pod': 'customers-service-754bdcc448-vqzd7'}",3740213546,same_network,3,300
2026-07-24T22:03:36.216559+00:00,2026-07-24T22:03:36.556000+00:00,container_network_transmit_bytes_total,vets-service,augusto-almondes,"{'__name__': 'container_network_transmit_bytes_total', 'beta_kubernetes_io_arch': 'amd64', 'beta_kubernetes_io_instance_type': 'k3s', 'beta_kubernetes_io_os': 'linux', 'id': '/kubepods.slice/kubepods-besteffort.slice/kubepods-besteffort-pode8be662b_d64d_4461_b18e_e524621757f2.slice/cri-containerd-1858b7a840027f969d237d1c10d7ecc22ef5e38a29d202d5760513652eb60797.scope', 'image': 'docker.io/rancher/mirrored-pause:3.6', 'instance': 'augusto-almondes', 'interface': 'eth0', 'job': 'kubernetes-cadvisor', 'kubernetes_io_arch': 'amd64', 'kubernetes_io_hostname': 'augusto-almondes', 'kubernetes_io_os': 'linux', 'name': '1858b7a840027f969d237d1c10d7ecc22ef5e38a29d202d5760513652eb60797', 'namespace': 'spring-petclinic', 'node_kubernetes_io_instance_type': 'k3s', 'pod': 'vets-service-68cc5897b6-cj224'}",1624073088,same_network,3,300
2026-07-24T22:03:36.216559+00:00,2026-07-24T22:03:36.556000+00:00,container_network_transmit_bytes_total,api-gateway,notebook-vivy,"{'__name__': 'container_network_transmit_bytes_total', 'beta_kubernetes_io_arch': 'amd64', 'beta_kubernetes_io_instance_type': 'k3s', 'beta_kubernetes_io_os': 'linux', 'id': '/kubepods.slice/kubepods-burstable.slice/kubepods-burstable-pod0938bf77_f775_4395_8d68_3f3e730442fa.slice/cri-containerd-a6fd5250d3bfc2badbe10894f62c473ef988a39eb319025e754de23b80c1ab4c.scope', 'image': 'docker.io/rancher/mirrored-pause:3.6', 'instance': 'notebook-vivy', 'interface': 'eth0', 'job': 'kubernetes-cadvisor', 'kubernetes_io_arch': 'amd64', 'kubernetes_io_hostname': 'notebook-vivy', 'kubernetes_io_os': 'linux', 'name': 'a6fd5250d3bfc2badbe10894f62c473ef988a39eb319025e754de23b80c1ab4c', 'namespace': 'spring-petclinic', 'node_kubernetes_io_instance_type': 'k3s', 'node_role_kubernetes_io_control_plane': 'true', 'pod': 'api-gateway-78f775b647-m4zpr'}",6260164479,same_network,3,300
2026-07-24T22:03:36.216559+00:00,2026-07-24T22:03:36.556000+00:00,container_network_transmit_bytes_total,,notebook-vivy,"{'__name__': 'container_network_transmit_bytes_total', 'beta_kubernetes_io_arch': 'amd64', 'beta_kubernetes_io_instance_type': 'k3s', 'beta_kubernetes_io_os': 'linux', 'id': '/kubepods.slice/kubepods-burstable.slice/kubepods-burstable-pod09c597ef_7768_4ae9_a0f5_1a6a4d12429f.slice/cri-containerd-71a203b5d7433062735bda847d7d37feb6bf4a60472b7731f6d1b0fe96211934.scope', 'image': 'docker.io/rancher/mirrored-pause:3.6', 'instance': 'notebook-vivy', 'interface': 'eth0', 'job': 'kubernetes-cadvisor', 'kubernetes_io_arch': 'amd64', 'kubernetes_io_hostname': 'notebook-vivy', 'kubernetes_io_os': 'linux', 'name': '71a203b5d7433062735bda847d7d37feb6bf4a60472b7731f6d1b0fe96211934', 'namespace': 'spring-petclinic', 'node_kubernetes_io_instance_type': 'k3s', 'node_role_kubernetes_io_control_plane': 'true', 'pod': 'zipkin-76d97d46df-4kcr9'}",666616036,same_network,3,300
2026-07-24T22:03:36.216559+00:00,2026-07-24T22:03:36.556000+00:00,container_network_transmit_bytes_total,,augusto-almondes,"{'__name__': 'container_network_transmit_bytes_total', 'beta_kubernetes_io_arch': 'amd64', 'beta_kubernetes_io_instance_type': 'k3s', 'beta_kubernetes_io_os': 'linux', 'id': '/kubepods.slice/kubepods-burstable.slice/kubepods-burstable-pod1f46dbde_909b_4d3f_b97d_2a39953c86a7.slice/cri-containerd-ba8d023b76c7725ee06abbed55f557de3ff14db60b35b51171c3b1a89ccf72e2.scope', 'image': 'docker.io/rancher/mirrored-pause:3.6', 'instance': 'augusto-almondes', 'interface': 'eth0', 'job': 'kubernetes-cadvisor', 'kubernetes_io_arch': 'amd64', 'kubernetes_io_hostname': 'augusto-almondes', 'kubernetes_io_os': 'linux', 'name': 'ba8d023b76c7725ee06abbed55f557de3ff14db60b35b51171c3b1a89ccf72e2', 'namespace': 'spring-petclinic', 'node_kubernetes_io_instance_type': 'k3s', 'pod': 'promtail-f6prj'}",299539588,same_network,3,300
2026-07-24T22:03:36.216559+00:00,2026-07-24T22:03:36.556000+00:00,container_network_transmit_bytes_total,,notebook-vivy,"{'__name__': 'container_network_transmit_bytes_total', 'beta_kubernetes_io_arch': 'amd64', 'beta_kubernetes_io_instance_type': 'k3s', 'beta_kubernetes_io_os': 'linux', 'id': '/kubepods.slice/kubepods-burstable.slice/kubepods-burstable-pod4150c254_a41f_4f8b_8f98_d26a0c6ac7e0.slice/cri-containerd-5a7cfa41636ef4b9b6979fd30de1bffc1033fc4d1a59062a0d942b86307ef87a.scope', 'image': 'docker.io/rancher/mirrored-pause:3.6', 'instance': 'notebook-vivy', 'interface': 'eth0', 'job': 'kubernetes-cadvisor', 'kubernetes_io_arch': 'amd64', 'kubernetes_io_hostname': 'notebook-vivy', 'kubernetes_io_os': 'linux', 'name': '5a7cfa41636ef4b9b6979fd30de1bffc1033fc4d1a59062a0d942b86307ef87a', 'namespace': 'spring-petclinic', 'node_kubernetes_io_instance_type': 'k3s', 'node_role_kubernetes_io_control_plane': 'true', 'pod': 'loki-84cd674d9f-5jbmr'}",339473176,same_network,3,300
2026-07-24T22:03:36.216559+00:00,2026-07-24T22:03:36.556000+00:00,container_network_transmit_bytes_total,api-gateway,augusto-almondes,"{'__name__': 'container_network_transmit_bytes_total', 'beta_kubernetes_io_arch': 'amd64', 'beta_kubernetes_io_instance_type': 'k3s', 'beta_kubernetes_io_os': 'linux', 'id': '/kubepods.slice/kubepods-burstable.slice/kubepods-burstable-pod8329aa55_845e_49e6_bc48_19166a540b8f.slice/cri-containerd-faae04884b29c370b3bb7fec91e75dac682e34a15f8a391ce4220d76bdf21c1c.scope', 'image': 'docker.io/rancher/mirrored-pause:3.6', 'instance': 'augusto-almondes', 'interface': 'eth0', 'job': 'kubernetes-cadvisor', 'kubernetes_io_arch': 'amd64', 'kubernetes_io_hostname': 'augusto-almondes', 'kubernetes_io_os': 'linux', 'name': 'faae04884b29c370b3bb7fec91e75dac682e34a15f8a391ce4220d76bdf21c1c', 'namespace': 'spring-petclinic', 'node_kubernetes_io_instance_type': 'k3s', 'pod': 'api-gateway-78f775b647-cs4l5'}",27137956,same_network,3,300
2026-07-24T22:03:36.216559+00:00,2026-07-24T22:03:36.556000+00:00,container_network_transmit_bytes_total,,macbookair-vivy,"{'__name__': 'container_network_transmit_bytes_total', 'beta_kubernetes_io_arch': 'amd64', 'beta_kubernetes_io_instance_type': 'k3s', 'beta_kubernetes_io_os': 'linux', 'id': '/kubepods.slice/kubepods-burstable.slice/kubepods-burstable-pod83bca641_4313_46eb_880d_ed7d9b73c3b4.slice/cri-containerd-fa71dc8ca33ab1aaee8733e1064f6c903582a47168f208c39fa0d84958e0adf6.scope', 'image': 'docker.io/rancher/mirrored-pause:3.6', 'instance': 'macbookair-vivy', 'interface': 'eth0', 'job': 'kubernetes-cadvisor', 'kubernetes_io_arch': 'amd64', 'kubernetes_io_hostname': 'macbookair-vivy', 'kubernetes_io_os': 'linux', 'name': 'fa71dc8ca33ab1aaee8733e1064f6c903582a47168f208c39fa0d84958e0adf6', 'namespace': 'spring-petclinic', 'node_kubernetes_io_instance_type': 'k3s', 'pod': 'promtail-6th4p', 'role': 'database'}",562661,same_network,3,300
2026-07-24T22:03:36.216559+00:00,2026-07-24T22:03:36.556000+00:00,container_network_transmit_bytes_total,,notebook-vivy,"{'__name__': 'container_network_transmit_bytes_total', 'beta_kubernetes_io_arch': 'amd64', 'beta_kubernetes_io_instance_type': 'k3s', 'beta_kubernetes_io_os': 'linux', 'id': '/kubepods.slice/kubepods-burstable.slice/kubepods-burstable-podb25714d0_13cb_4579_b8b1_7a8606f015ca.slice/cri-containerd-42cc5d6d1ba003bd2b36c4cfe046d938102ebaf4057c03c2ebe008cb716d2ac8.scope', 'image': 'docker.io/rancher/mirrored-pause:3.6', 'instance': 'notebook-vivy', 'interface': 'eth0', 'job': 'kubernetes-cadvisor', 'kubernetes_io_arch': 'amd64', 'kubernetes_io_hostname': 'notebook-vivy', 'kubernetes_io_os': 'linux', 'name': '42cc5d6d1ba003bd2b36c4cfe046d938102ebaf4057c03c2ebe008cb716d2ac8', 'namespace': 'spring-petclinic', 'node_kubernetes_io_instance_type': 'k3s', 'node_role_kubernetes_io_control_plane': 'true', 'pod': 'promtail-rsjq4'}",301639199,same_network,3,300
2026-07-24T22:03:36.216559+00:00,2026-07-24T22:03:36.566000+00:00,executor_active_threads,customers-service,10.42.0.186:8080,"{'__name__': 'executor_active_threads', 'instance': '10.42.0.186:8080', 'job': 'spring-petclinic', 'name': 'applicationTaskExecutor'}",0,same_network,3,300
2026-07-24T22:03:36.216559+00:00,2026-07-24T22:03:36.566000+00:00,executor_active_threads,api-gateway,10.42.0.187:8080,"{'__name__': 'executor_active_threads', 'instance': '10.42.0.187:8080', 'job': 'spring-petclinic', 'name': 'applicationTaskExecutor'}",0,same_network,3,300
2026-07-24T22:03:36.216559+00:00,2026-07-24T22:03:36.566000+00:00,executor_active_threads,visits-service,10.42.1.122:8080,"{'__name__': 'executor_active_threads', 'instance': '10.42.1.122:8080', 'job': 'spring-petclinic', 'name': 'applicationTaskExecutor'}",0,same_network,3,300
2026-07-24T22:03:36.216559+00:00,2026-07-24T22:03:36.566000+00:00,executor_active_threads,vets-service,10.42.1.123:8080,"{'__name__': 'executor_active_threads', 'instance': '10.42.1.123:8080', 'job': 'spring-petclinic', 'name': 'applicationTaskExecutor'}",0,same_network,3,300
2026-07-24T22:03:36.216559+00:00,2026-07-24T22:03:36.566000+00:00,executor_active_threads,vets-service,10.42.1.124:8080,"{'__name__': 'executor_active_threads', 'instance': '10.42.1.124:8080', 'job': 'spring-petclinic', 'name': 'applicationTaskExecutor'}",0,same_network,3,300
2026-07-24T22:03:36.216559+00:00,2026-07-24T22:03:36.566000+00:00,executor_active_threads,visits-service,10.42.1.125:8080,"{'__name__': 'executor_active_threads', 'instance': '10.42.1.125:8080', 'job': 'spring-petclinic', 'name': 'applicationTaskExecutor'}",0,same_network,3,300
2026-07-24T22:03:36.216559+00:00,2026-07-24T22:03:36.566000+00:00,executor_active_threads,customers-service,10.42.1.126:8080,"{'__name__': 'executor_active_threads', 'instance': '10.42.1.126:8080', 'job': 'spring-petclinic', 'name': 'applicationTaskExecutor'}",0,same_network,3,300
2026-07-24T22:03:36.216559+00:00,2026-07-24T22:03:36.566000+00:00,executor_active_threads,api-gateway,10.42.1.129:8080,"{'__name__': 'executor_active_threads', 'instance': '10.42.1.129:8080', 'job': 'spring-petclinic', 'name': 'applicationTaskExecutor'}",0,same_network,3,300
2026-07-24T22:03:36.216559+00:00,2026-07-24T22:03:36.574000+00:00,executor_completed_tasks_total,customers-service,10.42.0.186:8080,"{'__name__': 'executor_completed_tasks_total', 'instance': '10.42.0.186:8080', 'job': 'spring-petclinic', 'name': 'applicationTaskExecutor'}",0,same_network,3,300
2026-07-24T22:03:36.216559+00:00,2026-07-24T22:03:36.574000+00:00,executor_completed_tasks_total,api-gateway,10.42.0.187:8080,"{'__name__': 'executor_completed_tasks_total', 'instance': '10.42.0.187:8080', 'job': 'spring-petclinic', 'name': 'applicationTaskExecutor'}",0,same_network,3,300
2026-07-24T22:03:36.216559+00:00,2026-07-24T22:03:36.574000+00:00,executor_completed_tasks_total,visits-service,10.42.1.122:8080,"{'__name__': 'executor_completed_tasks_total', 'instance': '10.42.1.122:8080', 'job': 'spring-petclinic', 'name': 'applicationTaskExecutor'}",0,same_network,3,300
2026-07-24T22:03:36.216559+00:00,2026-07-24T22:03:36.574000+00:00,executor_completed_tasks_total,vets-service,10.42.1.123:8080,"{'__name__': 'executor_completed_tasks_total', 'instance': '10.42.1.123:8080', 'job': 'spring-petclinic', 'name': 'applicationTaskExecutor'}",0,same_network,3,300
2026-07-24T22:03:36.216559+00:00,2026-07-24T22:03:36.574000+00:00,executor_completed_tasks_total,vets-service,10.42.1.124:8080,"{'__name__': 'executor_completed_tasks_total', 'instance': '10.42.1.124:8080', 'job': 'spring-petclinic', 'name': 'applicationTaskExecutor'}",0,same_network,3,300
2026-07-24T22:03:36.216559+00:00,2026-07-24T22:03:36.574000+00:00,executor_completed_tasks_total,visits-service,10.42.1.125:8080,"{'__name__': 'executor_completed_tasks_total', 'instance': '10.42.1.125:8080', 'job': 'spring-petclinic', 'name': 'applicationTaskExecutor'}",0,same_network,3,300
2026-07-24T22:03:36.216559+00:00,2026-07-24T22:03:36.574000+00:00,executor_completed_tasks_total,customers-service,10.42.1.126:8080,"{'__name__': 'executor_completed_tasks_total', 'instance': '10.42.1.126:8080', 'job': 'spring-petclinic', 'name': 'applicationTaskExecutor'}",0,same_network,3,300
2026-07-24T22:03:36.216559+00:00,2026-07-24T22:03:36.574000+00:00,executor_completed_tasks_total,api-gateway,10.42.1.129:8080,"{'__name__': 'executor_completed_tasks_total', 'instance': '10.42.1.129:8080', 'job': 'spring-petclinic', 'name': 'applicationTaskExecutor'}",0,same_network,3,300
2026-07-24T22:03:36.216559+00:00,2026-07-24T22:03:36.579000+00:00,executor_pool_core_threads,customers-service,10.42.0.186:8080,"{'__name__': 'executor_pool_core_threads', 'instance': '10.42.0.186:8080', 'job': 'spring-petclinic', 'name': 'applicationTaskExecutor'}",8,same_network,3,300
2026-07-24T22:03:36.216559+00:00,2026-07-24T22:03:36.579000+00:00,executor_pool_core_threads,api-gateway,10.42.0.187:8080,"{'__name__': 'executor_pool_core_threads', 'instance': '10.42.0.187:8080', 'job': 'spring-petclinic', 'name': 'applicationTaskExecutor'}",8,same_network,3,300
2026-07-24T22:03:36.216559+00:00,2026-07-24T22:03:36.579000+00:00,executor_pool_core_threads,visits-service,10.42.1.122:8080,"{'__name__': 'executor_pool_core_threads', 'instance': '10.42.1.122:8080', 'job': 'spring-petclinic', 'name': 'applicationTaskExecutor'}",8,same_network,3,300
2026-07-24T22:03:36.216559+00:00,2026-07-24T22:03:36.579000+00:00,executor_pool_core_threads,vets-service,10.42.1.123:8080,"{'__name__': 'executor_pool_core_threads', 'instance': '10.42.1.123:8080', 'job': 'spring-petclinic', 'name': 'applicationTaskExecutor'}",8,same_network,3,300
2026-07-24T22:03:36.216559+00:00,2026-07-24T22:03:36.579000+00:00,executor_pool_core_threads,vets-service,10.42.1.124:8080,"{'__name__': 'executor_pool_core_threads', 'instance': '10.42.1.124:8080', 'job': 'spring-petclinic', 'name': 'applicationTaskExecutor'}",8,same_network,3,300
2026-07-24T22:03:36.216559+00:00,2026-07-24T22:03:36.579000+00:00,executor_pool_core_threads,visits-service,10.42.1.125:8080,"{'__name__': 'executor_pool_core_threads', 'instance': '10.42.1.125:8080', 'job': 'spring-petclinic', 'name': 'applicationTaskExecutor'}",8,same_network,3,300
2026-07-24T22:03:36.216559+00:00,2026-07-24T22:03:36.579000+00:00,executor_pool_core_threads,customers-service,10.42.1.126:8080,"{'__name__': 'executor_pool_core_threads', 'instance': '10.42.1.126:8080', 'job': 'spring-petclinic', 'name': 'applicationTaskExecutor'}",8,same_network,3,300
2026-07-24T22:03:36.216559+00:00,2026-07-24T22:03:36.579000+00:00,executor_pool_core_threads,api-gateway,10.42.1.129:8080,"{'__name__': 'executor_pool_core_threads', 'instance': '10.42.1.129:8080', 'job': 'spring-petclinic', 'name': 'applicationTaskExecutor'}",8,same_network,3,300
2026-07-24T22:03:36.216559+00:00,2026-07-24T22:03:36.584000+00:00,executor_pool_max_threads,customers-service,10.42.0.186:8080,"{'__name__': 'executor_pool_max_threads', 'instance': '10.42.0.186:8080', 'job': 'spring-petclinic', 'name': 'applicationTaskExecutor'}",2147483647,same_network,3,300
2026-07-24T22:03:36.216559+00:00,2026-07-24T22:03:36.584000+00:00,executor_pool_max_threads,api-gateway,10.42.0.187:8080,"{'__name__': 'executor_pool_max_threads', 'instance': '10.42.0.187:8080', 'job': 'spring-petclinic', 'name': 'applicationTaskExecutor'}",2147483647,same_network,3,300
2026-07-24T22:03:36.216559+00:00,2026-07-24T22:03:36.584000+00:00,executor_pool_max_threads,visits-service,10.42.1.122:8080,"{'__name__': 'executor_pool_max_threads', 'instance': '10.42.1.122:8080', 'job': 'spring-petclinic', 'name': 'applicationTaskExecutor'}",2147483647,same_network,3,300
2026-07-24T22:03:36.216559+00:00,2026-07-24T22:03:36.584000+00:00,executor_pool_max_threads,vets-service,10.42.1.123:8080,"{'__name__': 'executor_pool_max_threads', 'instance': '10.42.1.123:8080', 'job': 'spring-petclinic', 'name': 'applicationTaskExecutor'}",2147483647,same_network,3,300
2026-07-24T22:03:36.216559+00:00,2026-07-24T22:03:36.584000+00:00,executor_pool_max_threads,vets-service,10.42.1.124:8080,"{'__name__': 'executor_pool_max_threads', 'instance': '10.42.1.124:8080', 'job': 'spring-petclinic', 'name': 'applicationTaskExecutor'}",2147483647,same_network,3,300
2026-07-24T22:03:36.216559+00:00,2026-07-24T22:03:36.584000+00:00,executor_pool_max_threads,visits-service,10.42.1.125:8080,"{'__name__': 'executor_pool_max_threads', 'instance': '10.42.1.125:8080', 'job': 'spring-petclinic', 'name': 'applicationTaskExecutor'}",2147483647,same_network,3,300
2026-07-24T22:03:36.216559+00:00,2026-07-24T22:03:36.584000+00:00,executor_pool_max_threads,customers-service,10.42.1.126:8080,"{'__name__': 'executor_pool_max_threads', 'instance': '10.42.1.126:8080', 'job': 'spring-petclinic', 'name': 'applicationTaskExecutor'}",2147483647,same_network,3,300
2026-07-24T22:03:36.216559+00:00,2026-07-24T22:03:36.584000+00:00,executor_pool_max_threads,api-gateway,10.42.1.129:8080,"{'__name__': 'executor_pool_max_threads', 'instance': '10.42.1.129:8080', 'job': 'spring-petclinic', 'name': 'applicationTaskExecutor'}",2147483647,same_network,3,300
2026-07-24T22:03:36.216559+00:00,2026-07-24T22:03:36.589000+00:00,executor_pool_size_threads,customers-service,10.42.0.186:8080,"{'__name__': 'executor_pool_size_threads', 'instance': '10.42.0.186:8080', 'job': 'spring-petclinic', 'name': 'applicationTaskExecutor'}",0,same_network,3,300
2026-07-24T22:03:36.216559+00:00,2026-07-24T22:03:36.589000+00:00,executor_pool_size_threads,api-gateway,10.42.0.187:8080,"{'__name__': 'executor_pool_size_threads', 'instance': '10.42.0.187:8080', 'job': 'spring-petclinic', 'name': 'applicationTaskExecutor'}",0,same_network,3,300
2026-07-24T22:03:36.216559+00:00,2026-07-24T22:03:36.589000+00:00,executor_pool_size_threads,visits-service,10.42.1.122:8080,"{'__name__': 'executor_pool_size_threads', 'instance': '10.42.1.122:8080', 'job': 'spring-petclinic', 'name': 'applicationTaskExecutor'}",0,same_network,3,300
2026-07-24T22:03:36.216559+00:00,2026-07-24T22:03:36.589000+00:00,executor_pool_size_threads,vets-service,10.42.1.123:8080,"{'__name__': 'executor_pool_size_threads', 'instance': '10.42.1.123:8080', 'job': 'spring-petclinic', 'name': 'applicationTaskExecutor'}",0,same_network,3,300
2026-07-24T22:03:36.216559+00:00,2026-07-24T22:03:36.589000+00:00,executor_pool_size_threads,vets-service,10.42.1.124:8080,"{'__name__': 'executor_pool_size_threads', 'instance': '10.42.1.124:8080', 'job': 'spring-petclinic', 'name': 'applicationTaskExecutor'}",0,same_network,3,300
2026-07-24T22:03:36.216559+00:00,2026-07-24T22:03:36.589000+00:00,executor_pool_size_threads,visits-service,10.42.1.125:8080,"{'__name__': 'executor_pool_size_threads', 'instance': '10.42.1.125:8080', 'job': 'spring-petclinic', 'name': 'applicationTaskExecutor'}",0,same_network,3,300
2026-07-24T22:03:36.216559+00:00,2026-07-24T22:03:36.589000+00:00,executor_pool_size_threads,customers-service,10.42.1.126:8080,"{'__name__': 'executor_pool_size_threads', 'instance': '10.42.1.126:8080', 'job': 'spring-petclinic', 'name': 'applicationTaskExecutor'}",0,same_network,3,300
2026-07-24T22:03:36.216559+00:00,2026-07-24T22:03:36.589000+00:00,executor_pool_size_threads,api-gateway,10.42.1.129:8080,"{'__name__': 'executor_pool_size_threads', 'instance': '10.42.1.129:8080', 'job': 'spring-petclinic', 'name': 'applicationTaskExecutor'}",0,same_network,3,300
2026-07-24T22:03:36.216559+00:00,2026-07-24T22:03:36.593000+00:00,executor_queue_remaining_tasks,customers-service,10.42.0.186:8080,"{'__name__': 'executor_queue_remaining_tasks', 'instance': '10.42.0.186:8080', 'job': 'spring-petclinic', 'name': 'applicationTaskExecutor'}",2147483647,same_network,3,300
2026-07-24T22:03:36.216559+00:00,2026-07-24T22:03:36.593000+00:00,executor_queue_remaining_tasks,api-gateway,10.42.0.187:8080,"{'__name__': 'executor_queue_remaining_tasks', 'instance': '10.42.0.187:8080', 'job': 'spring-petclinic', 'name': 'applicationTaskExecutor'}",2147483647,same_network,3,300
2026-07-24T22:03:36.216559+00:00,2026-07-24T22:03:36.593000+00:00,executor_queue_remaining_tasks,visits-service,10.42.1.122:8080,"{'__name__': 'executor_queue_remaining_tasks', 'instance': '10.42.1.122:8080', 'job': 'spring-petclinic', 'name': 'applicationTaskExecutor'}",2147483647,same_network,3,300
2026-07-24T22:03:36.216559+00:00,2026-07-24T22:03:36.593000+00:00,executor_queue_remaining_tasks,vets-service,10.42.1.123:8080,"{'__name__': 'executor_queue_remaining_tasks', 'instance': '10.42.1.123:8080', 'job': 'spring-petclinic', 'name': 'applicationTaskExecutor'}",2147483647,same_network,3,300
2026-07-24T22:03:36.216559+00:00,2026-07-24T22:03:36.593000+00:00,executor_queue_remaining_tasks,vets-service,10.42.1.124:8080,"{'__name__': 'executor_queue_remaining_tasks', 'instance': '10.42.1.124:8080', 'job': 'spring-petclinic', 'name': 'applicationTaskExecutor'}",2147483647,same_network,3,300
2026-07-24T22:03:36.216559+00:00,2026-07-24T22:03:36.593000+00:00,executor_queue_remaining_tasks,visits-service,10.42.1.125:8080,"{'__name__': 'executor_queue_remaining_tasks', 'instance': '10.42.1.125:8080', 'job': 'spring-petclinic', 'name': 'applicationTaskExecutor'}",2147483647,same_network,3,300
2026-07-24T22:03:36.216559+00:00,2026-07-24T22:03:36.593000+00:00,executor_queue_remaining_tasks,customers-service,10.42.1.126:8080,"{'__name__': 'executor_queue_remaining_tasks', 'instance': '10.42.1.126:8080', 'job': 'spring-petclinic', 'name': 'applicationTaskExecutor'}",2147483647,same_network,3,300
2026-07-24T22:03:36.216559+00:00,2026-07-24T22:03:36.593000+00:00,executor_queue_remaining_tasks,api-gateway,10.42.1.129:8080,"{'__name__': 'executor_queue_remaining_tasks', 'instance': '10.42.1.129:8080', 'job': 'spring-petclinic', 'name': 'applicationTaskExecutor'}",2147483647,same_network,3,300
2026-07-24T22:03:36.216559+00:00,2026-07-24T22:03:36.599000+00:00,executor_queued_tasks,customers-service,10.42.0.186:8080,"{'__name__': 'executor_queued_tasks', 'instance': '10.42.0.186:8080', 'job': 'spring-petclinic', 'name': 'applicationTaskExecutor'}",0,same_network,3,300
2026-07-24T22:03:36.216559+00:00,2026-07-24T22:03:36.599000+00:00,executor_queued_tasks,api-gateway,10.42.0.187:8080,"{'__name__': 'executor_queued_tasks', 'instance': '10.42.0.187:8080', 'job': 'spring-petclinic', 'name': 'applicationTaskExecutor'}",0,same_network,3,300
2026-07-24T22:03:36.216559+00:00,2026-07-24T22:03:36.599000+00:00,executor_queued_tasks,visits-service,10.42.1.122:8080,"{'__name__': 'executor_queued_tasks', 'instance': '10.42.1.122:8080', 'job': 'spring-petclinic', 'name': 'applicationTaskExecutor'}",0,same_network,3,300
2026-07-24T22:03:36.216559+00:00,2026-07-24T22:03:36.599000+00:00,executor_queued_tasks,vets-service,10.42.1.123:8080,"{'__name__': 'executor_queued_tasks', 'instance': '10.42.1.123:8080', 'job': 'spring-petclinic', 'name': 'applicationTaskExecutor'}",0,same_network,3,300
2026-07-24T22:03:36.216559+00:00,2026-07-24T22:03:36.599000+00:00,executor_queued_tasks,vets-service,10.42.1.124:8080,"{'__name__': 'executor_queued_tasks', 'instance': '10.42.1.124:8080', 'job': 'spring-petclinic', 'name': 'applicationTaskExecutor'}",0,same_network,3,300
2026-07-24T22:03:36.216559+00:00,2026-07-24T22:03:36.599000+00:00,executor_queued_tasks,visits-service,10.42.1.125:8080,"{'__name__': 'executor_queued_tasks', 'instance': '10.42.1.125:8080', 'job': 'spring-petclinic', 'name': 'applicationTaskExecutor'}",0,same_network,3,300
2026-07-24T22:03:36.216559+00:00,2026-07-24T22:03:36.599000+00:00,executor_queued_tasks,customers-service,10.42.1.126:8080,"{'__name__': 'executor_queued_tasks', 'instance': '10.42.1.126:8080', 'job': 'spring-petclinic', 'name': 'applicationTaskExecutor'}",0,same_network,3,300
2026-07-24T22:03:36.216559+00:00,2026-07-24T22:03:36.599000+00:00,executor_queued_tasks,api-gateway,10.42.1.129:8080,"{'__name__': 'executor_queued_tasks', 'instance': '10.42.1.129:8080', 'job': 'spring-petclinic', 'name': 'applicationTaskExecutor'}",0,same_network,3,300
2026-07-24T22:03:36.216559+00:00,2026-07-24T22:03:36.603000+00:00,jvm_threads_daemon_threads,customers-service,10.42.0.186:8080,"{'__name__': 'jvm_threads_daemon_threads', 'instance': '10.42.0.186:8080', 'job': 'spring-petclinic'}",215,same_network,3,300
2026-07-24T22:03:36.216559+00:00,2026-07-24T22:03:36.603000+00:00,jvm_threads_daemon_threads,api-gateway,10.42.0.187:8080,"{'__name__': 'jvm_threads_daemon_threads', 'instance': '10.42.0.187:8080', 'job': 'spring-petclinic'}",38,same_network,3,300
2026-07-24T22:03:36.216559+00:00,2026-07-24T22:03:36.603000+00:00,jvm_threads_daemon_threads,visits-service,10.42.1.122:8080,"{'__name__': 'jvm_threads_daemon_threads', 'instance': '10.42.1.122:8080', 'job': 'spring-petclinic'}",36,same_network,3,300
2026-07-24T22:03:36.216559+00:00,2026-07-24T22:03:36.603000+00:00,jvm_threads_daemon_threads,vets-service,10.42.1.123:8080,"{'__name__': 'jvm_threads_daemon_threads', 'instance': '10.42.1.123:8080', 'job': 'spring-petclinic'}",115,same_network,3,300
2026-07-24T22:03:36.216559+00:00,2026-07-24T22:03:36.603000+00:00,jvm_threads_daemon_threads,vets-service,10.42.1.124:8080,"{'__name__': 'jvm_threads_daemon_threads', 'instance': '10.42.1.124:8080', 'job': 'spring-petclinic'}",96,same_network,3,300
2026-07-24T22:03:36.216559+00:00,2026-07-24T22:03:36.603000+00:00,jvm_threads_daemon_threads,visits-service,10.42.1.125:8080,"{'__name__': 'jvm_threads_daemon_threads', 'instance': '10.42.1.125:8080', 'job': 'spring-petclinic'}",39,same_network,3,300
2026-07-24T22:03:36.216559+00:00,2026-07-24T22:03:36.603000+00:00,jvm_threads_daemon_threads,customers-service,10.42.1.126:8080,"{'__name__': 'jvm_threads_daemon_threads', 'instance': '10.42.1.126:8080', 'job': 'spring-petclinic'}",217,same_network,3,300
2026-07-24T22:03:36.216559+00:00,2026-07-24T22:03:36.603000+00:00,jvm_threads_daemon_threads,api-gateway,10.42.1.129:8080,"{'__name__': 'jvm_threads_daemon_threads', 'instance': '10.42.1.129:8080', 'job': 'spring-petclinic'}",31,same_network,3,300
2026-07-24T22:03:36.216559+00:00,2026-07-24T22:03:36.609000+00:00,jvm_threads_live_threads,customers-service,10.42.0.186:8080,"{'__name__': 'jvm_threads_live_threads', 'instance': '10.42.0.186:8080', 'job': 'spring-petclinic'}",224,same_network,3,300
2026-07-24T22:03:36.216559+00:00,2026-07-24T22:03:36.609000+00:00,jvm_threads_live_threads,api-gateway,10.42.0.187:8080,"{'__name__': 'jvm_threads_live_threads', 'instance': '10.42.0.187:8080', 'job': 'spring-petclinic'}",45,same_network,3,300
2026-07-24T22:03:36.216559+00:00,2026-07-24T22:03:36.609000+00:00,jvm_threads_live_threads,visits-service,10.42.1.122:8080,"{'__name__': 'jvm_threads_live_threads', 'instance': '10.42.1.122:8080', 'job': 'spring-petclinic'}",45,same_network,3,300
2026-07-24T22:03:36.216559+00:00,2026-07-24T22:03:36.609000+00:00,jvm_threads_live_threads,vets-service,10.42.1.123:8080,"{'__name__': 'jvm_threads_live_threads', 'instance': '10.42.1.123:8080', 'job': 'spring-petclinic'}",124,same_network,3,300
2026-07-24T22:03:36.216559+00:00,2026-07-24T22:03:36.609000+00:00,jvm_threads_live_threads,vets-service,10.42.1.124:8080,"{'__name__': 'jvm_threads_live_threads', 'instance': '10.42.1.124:8080', 'job': 'spring-petclinic'}",105,same_network,3,300
2026-07-24T22:03:36.216559+00:00,2026-07-24T22:03:36.609000+00:00,jvm_threads_live_threads,visits-service,10.42.1.125:8080,"{'__name__': 'jvm_threads_live_threads', 'instance': '10.42.1.125:8080', 'job': 'spring-petclinic'}",48,same_network,3,300
2026-07-24T22:03:36.216559+00:00,2026-07-24T22:03:36.609000+00:00,jvm_threads_live_threads,customers-service,10.42.1.126:8080,"{'__name__': 'jvm_threads_live_threads', 'instance': '10.42.1.126:8080', 'job': 'spring-petclinic'}",226,same_network,3,300
2026-07-24T22:03:36.216559+00:00,2026-07-24T22:03:36.609000+00:00,jvm_threads_live_threads,api-gateway,10.42.1.129:8080,"{'__name__': 'jvm_threads_live_threads', 'instance': '10.42.1.129:8080', 'job': 'spring-petclinic'}",40,same_network,3,300
2026-07-24T22:03:36.216559+00:00,2026-07-24T22:03:36.613000+00:00,jvm_threads_peak_threads,customers-service,10.42.0.186:8080,"{'__name__': 'jvm_threads_peak_threads', 'instance': '10.42.0.186:8080', 'job': 'spring-petclinic'}",232,same_network,3,300
2026-07-24T22:03:36.216559+00:00,2026-07-24T22:03:36.613000+00:00,jvm_threads_peak_threads,api-gateway,10.42.0.187:8080,"{'__name__': 'jvm_threads_peak_threads', 'instance': '10.42.0.187:8080', 'job': 'spring-petclinic'}",61,same_network,3,300
2026-07-24T22:03:36.216559+00:00,2026-07-24T22:03:36.613000+00:00,jvm_threads_peak_threads,visits-service,10.42.1.122:8080,"{'__name__': 'jvm_threads_peak_threads', 'instance': '10.42.1.122:8080', 'job': 'spring-petclinic'}",133,same_network,3,300
2026-07-24T22:03:36.216559+00:00,2026-07-24T22:03:36.613000+00:00,jvm_threads_peak_threads,vets-service,10.42.1.123:8080,"{'__name__': 'jvm_threads_peak_threads', 'instance': '10.42.1.123:8080', 'job': 'spring-petclinic'}",223,same_network,3,300
2026-07-24T22:03:36.216559+00:00,2026-07-24T22:03:36.613000+00:00,jvm_threads_peak_threads,vets-service,10.42.1.124:8080,"{'__name__': 'jvm_threads_peak_threads', 'instance': '10.42.1.124:8080', 'job': 'spring-petclinic'}",219,same_network,3,300
2026-07-24T22:03:36.216559+00:00,2026-07-24T22:03:36.613000+00:00,jvm_threads_peak_threads,visits-service,10.42.1.125:8080,"{'__name__': 'jvm_threads_peak_threads', 'instance': '10.42.1.125:8080', 'job': 'spring-petclinic'}",113,same_network,3,300
2026-07-24T22:03:36.216559+00:00,2026-07-24T22:03:36.613000+00:00,jvm_threads_peak_threads,customers-service,10.42.1.126:8080,"{'__name__': 'jvm_threads_peak_threads', 'instance': '10.42.1.126:8080', 'job': 'spring-petclinic'}",235,same_network,3,300
2026-07-24T22:03:36.216559+00:00,2026-07-24T22:03:36.613000+00:00,jvm_threads_peak_threads,api-gateway,10.42.1.129:8080,"{'__name__': 'jvm_threads_peak_threads', 'instance': '10.42.1.129:8080', 'job': 'spring-petclinic'}",40,same_network,3,300
2026-07-24T22:03:36.216559+00:00,2026-07-24T22:03:36.617000+00:00,jvm_threads_states_threads,customers-service,10.42.0.186:8080,"{'__name__': 'jvm_threads_states_threads', 'instance': '10.42.0.186:8080', 'job': 'spring-petclinic', 'state': 'blocked'}",0,same_network,3,300
2026-07-24T22:03:36.216559+00:00,2026-07-24T22:03:36.617000+00:00,jvm_threads_states_threads,customers-service,10.42.0.186:8080,"{'__name__': 'jvm_threads_states_threads', 'instance': '10.42.0.186:8080', 'job': 'spring-petclinic', 'state': 'new'}",0,same_network,3,300
2026-07-24T22:03:36.216559+00:00,2026-07-24T22:03:36.617000+00:00,jvm_threads_states_threads,customers-service,10.42.0.186:8080,"{'__name__': 'jvm_threads_states_threads', 'instance': '10.42.0.186:8080', 'job': 'spring-petclinic', 'state': 'runnable'}",18,same_network,3,300
2026-07-24T22:03:36.216559+00:00,2026-07-24T22:03:36.617000+00:00,jvm_threads_states_threads,customers-service,10.42.0.186:8080,"{'__name__': 'jvm_threads_states_threads', 'instance': '10.42.0.186:8080', 'job': 'spring-petclinic', 'state': 'terminated'}",0,same_network,3,300
2026-07-24T22:03:36.216559+00:00,2026-07-24T22:03:36.617000+00:00,jvm_threads_states_threads,customers-service,10.42.0.186:8080,"{'__name__': 'jvm_threads_states_threads', 'instance': '10.42.0.186:8080', 'job': 'spring-petclinic', 'state': 'timed-waiting'}",192,same_network,3,300
2026-07-24T22:03:36.216559+00:00,2026-07-24T22:03:36.617000+00:00,jvm_threads_states_threads,customers-service,10.42.0.186:8080,"{'__name__': 'jvm_threads_states_threads', 'instance': '10.42.0.186:8080', 'job': 'spring-petclinic', 'state': 'waiting'}",14,same_network,3,300
2026-07-24T22:03:36.216559+00:00,2026-07-24T22:03:36.617000+00:00,jvm_threads_states_threads,api-gateway,10.42.0.187:8080,"{'__name__': 'jvm_threads_states_threads', 'instance': '10.42.0.187:8080', 'job': 'spring-petclinic', 'state': 'blocked'}",0,same_network,3,300
2026-07-24T22:03:36.216559+00:00,2026-07-24T22:03:36.617000+00:00,jvm_threads_states_threads,api-gateway,10.42.0.187:8080,"{'__name__': 'jvm_threads_states_threads', 'instance': '10.42.0.187:8080', 'job': 'spring-petclinic', 'state': 'new'}",0,same_network,3,300
2026-07-24T22:03:36.216559+00:00,2026-07-24T22:03:36.617000+00:00,jvm_threads_states_threads,api-gateway,10.42.0.187:8080,"{'__name__': 'jvm_threads_states_threads', 'instance': '10.42.0.187:8080', 'job': 'spring-petclinic', 'state': 'runnable'}",14,same_network,3,300
2026-07-24T22:03:36.216559+00:00,2026-07-24T22:03:36.617000+00:00,jvm_threads_states_threads,api-gateway,10.42.0.187:8080,"{'__name__': 'jvm_threads_states_threads', 'instance': '10.42.0.187:8080', 'job': 'spring-petclinic', 'state': 'terminated'}",0,same_network,3,300
2026-07-24T22:03:36.216559+00:00,2026-07-24T22:03:36.617000+00:00,jvm_threads_states_threads,api-gateway,10.42.0.187:8080,"{'__name__': 'jvm_threads_states_threads', 'instance': '10.42.0.187:8080', 'job': 'spring-petclinic', 'state': 'timed-waiting'}",6,same_network,3,300
2026-07-24T22:03:36.216559+00:00,2026-07-24T22:03:36.617000+00:00,jvm_threads_states_threads,api-gateway,10.42.0.187:8080,"{'__name__': 'jvm_threads_states_threads', 'instance': '10.42.0.187:8080', 'job': 'spring-petclinic', 'state': 'waiting'}",25,same_network,3,300
2026-07-24T22:03:36.216559+00:00,2026-07-24T22:03:36.617000+00:00,jvm_threads_states_threads,visits-service,10.42.1.122:8080,"{'__name__': 'jvm_threads_states_threads', 'instance': '10.42.1.122:8080', 'job': 'spring-petclinic', 'state': 'blocked'}",0,same_network,3,300
2026-07-24T22:03:36.216559+00:00,2026-07-24T22:03:36.617000+00:00,jvm_threads_states_threads,visits-service,10.42.1.122:8080,"{'__name__': 'jvm_threads_states_threads', 'instance': '10.42.1.122:8080', 'job': 'spring-petclinic', 'state': 'new'}",0,same_network,3,300
2026-07-24T22:03:36.216559+00:00,2026-07-24T22:03:36.617000+00:00,jvm_threads_states_threads,visits-service,10.42.1.122:8080,"{'__name__': 'jvm_threads_states_threads', 'instance': '10.42.1.122:8080', 'job': 'spring-petclinic', 'state': 'runnable'}",8,same_network,3,300
2026-07-24T22:03:36.216559+00:00,2026-07-24T22:03:36.617000+00:00,jvm_threads_states_threads,visits-service,10.42.1.122:8080,"{'__name__': 'jvm_threads_states_threads', 'instance': '10.42.1.122:8080', 'job': 'spring-petclinic', 'state': 'terminated'}",0,same_network,3,300
2026-07-24T22:03:36.216559+00:00,2026-07-24T22:03:36.617000+00:00,jvm_threads_states_threads,visits-service,10.42.1.122:8080,"{'__name__': 'jvm_threads_states_threads', 'instance': '10.42.1.122:8080', 'job': 'spring-petclinic', 'state': 'timed-waiting'}",22,same_network,3,300
2026-07-24T22:03:36.216559+00:00,2026-07-24T22:03:36.617000+00:00,jvm_threads_states_threads,visits-service,10.42.1.122:8080,"{'__name__': 'jvm_threads_states_threads', 'instance': '10.42.1.122:8080', 'job': 'spring-petclinic', 'state': 'waiting'}",14,same_network,3,300
2026-07-24T22:03:36.216559+00:00,2026-07-24T22:03:36.617000+00:00,jvm_threads_states_threads,vets-service,10.42.1.123:8080,"{'__name__': 'jvm_threads_states_threads', 'instance': '10.42.1.123:8080', 'job': 'spring-petclinic', 'state': 'blocked'}",0,same_network,3,300
2026-07-24T22:03:36.216559+00:00,2026-07-24T22:03:36.617000+00:00,jvm_threads_states_threads,vets-service,10.42.1.123:8080,"{'__name__': 'jvm_threads_states_threads', 'instance': '10.42.1.123:8080', 'job': 'spring-petclinic', 'state': 'new'}",0,same_network,3,300
2026-07-24T22:03:36.216559+00:00,2026-07-24T22:03:36.617000+00:00,jvm_threads_states_threads,vets-service,10.42.1.123:8080,"{'__name__': 'jvm_threads_states_threads', 'instance': '10.42.1.123:8080', 'job': 'spring-petclinic', 'state': 'runnable'}",16,same_network,3,300
2026-07-24T22:03:36.216559+00:00,2026-07-24T22:03:36.617000+00:00,jvm_threads_states_threads,vets-service,10.42.1.123:8080,"{'__name__': 'jvm_threads_states_threads', 'instance': '10.42.1.123:8080', 'job': 'spring-petclinic', 'state': 'terminated'}",0,same_network,3,300
2026-07-24T22:03:36.216559+00:00,2026-07-24T22:03:36.617000+00:00,jvm_threads_states_threads,vets-service,10.42.1.123:8080,"{'__name__': 'jvm_threads_states_threads', 'instance': '10.42.1.123:8080', 'job': 'spring-petclinic', 'state': 'timed-waiting'}",94,same_network,3,300
2026-07-24T22:03:36.216559+00:00,2026-07-24T22:03:36.617000+00:00,jvm_threads_states_threads,vets-service,10.42.1.123:8080,"{'__name__': 'jvm_threads_states_threads', 'instance': '10.42.1.123:8080', 'job': 'spring-petclinic', 'state': 'waiting'}",14,same_network,3,300
2026-07-24T22:03:36.216559+00:00,2026-07-24T22:03:36.617000+00:00,jvm_threads_states_threads,vets-service,10.42.1.124:8080,"{'__name__': 'jvm_threads_states_threads', 'instance': '10.42.1.124:8080', 'job': 'spring-petclinic', 'state': 'blocked'}",0,same_network,3,300
2026-07-24T22:03:36.216559+00:00,2026-07-24T22:03:36.617000+00:00,jvm_threads_states_threads,vets-service,10.42.1.124:8080,"{'__name__': 'jvm_threads_states_threads', 'instance': '10.42.1.124:8080', 'job': 'spring-petclinic', 'state': 'new'}",0,same_network,3,300
2026-07-24T22:03:36.216559+00:00,2026-07-24T22:03:36.617000+00:00,jvm_threads_states_threads,vets-service,10.42.1.124:8080,"{'__name__': 'jvm_threads_states_threads', 'instance': '10.42.1.124:8080', 'job': 'spring-petclinic', 'state': 'runnable'}",11,same_network,3,300
2026-07-24T22:03:36.216559+00:00,2026-07-24T22:03:36.617000+00:00,jvm_threads_states_threads,vets-service,10.42.1.124:8080,"{'__name__': 'jvm_threads_states_threads', 'instance': '10.42.1.124:8080', 'job': 'spring-petclinic', 'state': 'terminated'}",0,same_network,3,300
2026-07-24T22:03:36.216559+00:00,2026-07-24T22:03:36.617000+00:00,jvm_threads_states_threads,vets-service,10.42.1.124:8080,"{'__name__': 'jvm_threads_states_threads', 'instance': '10.42.1.124:8080', 'job': 'spring-petclinic', 'state': 'timed-waiting'}",80,same_network,3,300
2026-07-24T22:03:36.216559+00:00,2026-07-24T22:03:36.617000+00:00,jvm_threads_states_threads,vets-service,10.42.1.124:8080,"{'__name__': 'jvm_threads_states_threads', 'instance': '10.42.1.124:8080', 'job': 'spring-petclinic', 'state': 'waiting'}",14,same_network,3,300
2026-07-24T22:03:36.216559+00:00,2026-07-24T22:03:36.617000+00:00,jvm_threads_states_threads,visits-service,10.42.1.125:8080,"{'__name__': 'jvm_threads_states_threads', 'instance': '10.42.1.125:8080', 'job': 'spring-petclinic', 'state': 'blocked'}",0,same_network,3,300
2026-07-24T22:03:36.216559+00:00,2026-07-24T22:03:36.617000+00:00,jvm_threads_states_threads,visits-service,10.42.1.125:8080,"{'__name__': 'jvm_threads_states_threads', 'instance': '10.42.1.125:8080', 'job': 'spring-petclinic', 'state': 'new'}",0,same_network,3,300
2026-07-24T22:03:36.216559+00:00,2026-07-24T22:03:36.617000+00:00,jvm_threads_states_threads,visits-service,10.42.1.125:8080,"{'__name__': 'jvm_threads_states_threads', 'instance': '10.42.1.125:8080', 'job': 'spring-petclinic', 'state': 'runnable'}",8,same_network,3,300
2026-07-24T22:03:36.216559+00:00,2026-07-24T22:03:36.617000+00:00,jvm_threads_states_threads,visits-service,10.42.1.125:8080,"{'__name__': 'jvm_threads_states_threads', 'instance': '10.42.1.125:8080', 'job': 'spring-petclinic', 'state': 'terminated'}",0,same_network,3,300
2026-07-24T22:03:36.216559+00:00,2026-07-24T22:03:36.617000+00:00,jvm_threads_states_threads,visits-service,10.42.1.125:8080,"{'__name__': 'jvm_threads_states_threads', 'instance': '10.42.1.125:8080', 'job': 'spring-petclinic', 'state': 'timed-waiting'}",26,same_network,3,300
2026-07-24T22:03:36.216559+00:00,2026-07-24T22:03:36.617000+00:00,jvm_threads_states_threads,visits-service,10.42.1.125:8080,"{'__name__': 'jvm_threads_states_threads', 'instance': '10.42.1.125:8080', 'job': 'spring-petclinic', 'state': 'waiting'}",14,same_network,3,300
2026-07-24T22:03:36.216559+00:00,2026-07-24T22:03:36.617000+00:00,jvm_threads_states_threads,customers-service,10.42.1.126:8080,"{'__name__': 'jvm_threads_states_threads', 'instance': '10.42.1.126:8080', 'job': 'spring-petclinic', 'state': 'blocked'}",0,same_network,3,300
2026-07-24T22:03:36.216559+00:00,2026-07-24T22:03:36.617000+00:00,jvm_threads_states_threads,customers-service,10.42.1.126:8080,"{'__name__': 'jvm_threads_states_threads', 'instance': '10.42.1.126:8080', 'job': 'spring-petclinic', 'state': 'new'}",0,same_network,3,300
2026-07-24T22:03:36.216559+00:00,2026-07-24T22:03:36.617000+00:00,jvm_threads_states_threads,customers-service,10.42.1.126:8080,"{'__name__': 'jvm_threads_states_threads', 'instance': '10.42.1.126:8080', 'job': 'spring-petclinic', 'state': 'runnable'}",16,same_network,3,300
2026-07-24T22:03:36.216559+00:00,2026-07-24T22:03:36.617000+00:00,jvm_threads_states_threads,customers-service,10.42.1.126:8080,"{'__name__': 'jvm_threads_states_threads', 'instance': '10.42.1.126:8080', 'job': 'spring-petclinic', 'state': 'terminated'}",0,same_network,3,300
2026-07-24T22:03:36.216559+00:00,2026-07-24T22:03:36.617000+00:00,jvm_threads_states_threads,customers-service,10.42.1.126:8080,"{'__name__': 'jvm_threads_states_threads', 'instance': '10.42.1.126:8080', 'job': 'spring-petclinic', 'state': 'timed-waiting'}",195,same_network,3,300
2026-07-24T22:03:36.216559+00:00,2026-07-24T22:03:36.617000+00:00,jvm_threads_states_threads,customers-service,10.42.1.126:8080,"{'__name__': 'jvm_threads_states_threads', 'instance': '10.42.1.126:8080', 'job': 'spring-petclinic', 'state': 'waiting'}",14,same_network,3,300
2026-07-24T22:03:36.216559+00:00,2026-07-24T22:03:36.617000+00:00,jvm_threads_states_threads,api-gateway,10.42.1.129:8080,"{'__name__': 'jvm_threads_states_threads', 'instance': '10.42.1.129:8080', 'job': 'spring-petclinic', 'state': 'blocked'}",0,same_network,3,300
2026-07-24T22:03:36.216559+00:00,2026-07-24T22:03:36.617000+00:00,jvm_threads_states_threads,api-gateway,10.42.1.129:8080,"{'__name__': 'jvm_threads_states_threads', 'instance': '10.42.1.129:8080', 'job': 'spring-petclinic', 'state': 'new'}",0,same_network,3,300
2026-07-24T22:03:36.216559+00:00,2026-07-24T22:03:36.617000+00:00,jvm_threads_states_threads,api-gateway,10.42.1.129:8080,"{'__name__': 'jvm_threads_states_threads', 'instance': '10.42.1.129:8080', 'job': 'spring-petclinic', 'state': 'runnable'}",15,same_network,3,300
2026-07-24T22:03:36.216559+00:00,2026-07-24T22:03:36.617000+00:00,jvm_threads_states_threads,api-gateway,10.42.1.129:8080,"{'__name__': 'jvm_threads_states_threads', 'instance': '10.42.1.129:8080', 'job': 'spring-petclinic', 'state': 'terminated'}",0,same_network,3,300
2026-07-24T22:03:36.216559+00:00,2026-07-24T22:03:36.617000+00:00,jvm_threads_states_threads,api-gateway,10.42.1.129:8080,"{'__name__': 'jvm_threads_states_threads', 'instance': '10.42.1.129:8080', 'job': 'spring-petclinic', 'state': 'timed-waiting'}",8,same_network,3,300
2026-07-24T22:03:36.216559+00:00,2026-07-24T22:03:36.617000+00:00,jvm_threads_states_threads,api-gateway,10.42.1.129:8080,"{'__name__': 'jvm_threads_states_threads', 'instance': '10.42.1.129:8080', 'job': 'spring-petclinic', 'state': 'waiting'}",17,same_network,3,300
2026-07-24T22:03:36.216559+00:00,2026-07-24T22:03:36.624000+00:00,logback_events_total,customers-service,10.42.0.186:8080,"{'__name__': 'logback_events_total', 'instance': '10.42.0.186:8080', 'job': 'spring-petclinic', 'level': 'debug'}",1213359,same_network,3,300
2026-07-24T22:03:36.216559+00:00,2026-07-24T22:03:36.624000+00:00,logback_events_total,customers-service,10.42.0.186:8080,"{'__name__': 'logback_events_total', 'instance': '10.42.0.186:8080', 'job': 'spring-petclinic', 'level': 'error'}",27,same_network,3,300
2026-07-24T22:03:36.216559+00:00,2026-07-24T22:03:36.624000+00:00,logback_events_total,customers-service,10.42.0.186:8080,"{'__name__': 'logback_events_total', 'instance': '10.42.0.186:8080', 'job': 'spring-petclinic', 'level': 'info'}",39,same_network,3,300
2026-07-24T22:03:36.216559+00:00,2026-07-24T22:03:36.624000+00:00,logback_events_total,customers-service,10.42.0.186:8080,"{'__name__': 'logback_events_total', 'instance': '10.42.0.186:8080', 'job': 'spring-petclinic', 'level': 'trace'}",0,same_network,3,300
2026-07-24T22:03:36.216559+00:00,2026-07-24T22:03:36.624000+00:00,logback_events_total,customers-service,10.42.0.186:8080,"{'__name__': 'logback_events_total', 'instance': '10.42.0.186:8080', 'job': 'spring-petclinic', 'level': 'warn'}",29,same_network,3,300
2026-07-24T22:03:36.216559+00:00,2026-07-24T22:03:36.624000+00:00,logback_events_total,api-gateway,10.42.0.187:8080,"{'__name__': 'logback_events_total', 'instance': '10.42.0.187:8080', 'job': 'spring-petclinic', 'level': 'debug'}",0,same_network,3,300
2026-07-24T22:03:36.216559+00:00,2026-07-24T22:03:36.624000+00:00,logback_events_total,api-gateway,10.42.0.187:8080,"{'__name__': 'logback_events_total', 'instance': '10.42.0.187:8080', 'job': 'spring-petclinic', 'level': 'error'}",51,same_network,3,300
2026-07-24T22:03:36.216559+00:00,2026-07-24T22:03:36.624000+00:00,logback_events_total,api-gateway,10.42.0.187:8080,"{'__name__': 'logback_events_total', 'instance': '10.42.0.187:8080', 'job': 'spring-petclinic', 'level': 'info'}",32,same_network,3,300
2026-07-24T22:03:36.216559+00:00,2026-07-24T22:03:36.624000+00:00,logback_events_total,api-gateway,10.42.0.187:8080,"{'__name__': 'logback_events_total', 'instance': '10.42.0.187:8080', 'job': 'spring-petclinic', 'level': 'trace'}",0,same_network,3,300
2026-07-24T22:03:36.216559+00:00,2026-07-24T22:03:36.624000+00:00,logback_events_total,api-gateway,10.42.0.187:8080,"{'__name__': 'logback_events_total', 'instance': '10.42.0.187:8080', 'job': 'spring-petclinic', 'level': 'warn'}",9,same_network,3,300
2026-07-24T22:03:36.216559+00:00,2026-07-24T22:03:36.624000+00:00,logback_events_total,visits-service,10.42.1.122:8080,"{'__name__': 'logback_events_total', 'instance': '10.42.1.122:8080', 'job': 'spring-petclinic', 'level': 'debug'}",598137,same_network,3,300
2026-07-24T22:03:36.216559+00:00,2026-07-24T22:03:36.624000+00:00,logback_events_total,visits-service,10.42.1.122:8080,"{'__name__': 'logback_events_total', 'instance': '10.42.1.122:8080', 'job': 'spring-petclinic', 'level': 'error'}",317,same_network,3,300
2026-07-24T22:03:36.216559+00:00,2026-07-24T22:03:36.624000+00:00,logback_events_total,visits-service,10.42.1.122:8080,"{'__name__': 'logback_events_total', 'instance': '10.42.1.122:8080', 'job': 'spring-petclinic', 'level': 'info'}",367,same_network,3,300
2026-07-24T22:03:36.216559+00:00,2026-07-24T22:03:36.624000+00:00,logback_events_total,visits-service,10.42.1.122:8080,"{'__name__': 'logback_events_total', 'instance': '10.42.1.122:8080', 'job': 'spring-petclinic', 'level': 'trace'}",0,same_network,3,300
2026-07-24T22:03:36.216559+00:00,2026-07-24T22:03:36.624000+00:00,logback_events_total,visits-service,10.42.1.122:8080,"{'__name__': 'logback_events_total', 'instance': '10.42.1.122:8080', 'job': 'spring-petclinic', 'level': 'warn'}",16,same_network,3,300
2026-07-24T22:03:36.216559+00:00,2026-07-24T22:03:36.624000+00:00,logback_events_total,vets-service,10.42.1.123:8080,"{'__name__': 'logback_events_total', 'instance': '10.42.1.123:8080', 'job': 'spring-petclinic', 'level': 'debug'}",587557,same_network,3,300
2026-07-24T22:03:36.216559+00:00,2026-07-24T22:03:36.624000+00:00,logback_events_total,vets-service,10.42.1.123:8080,"{'__name__': 'logback_events_total', 'instance': '10.42.1.123:8080', 'job': 'spring-petclinic', 'level': 'error'}",317,same_network,3,300
2026-07-24T22:03:36.216559+00:00,2026-07-24T22:03:36.624000+00:00,logback_events_total,vets-service,10.42.1.123:8080,"{'__name__': 'logback_events_total', 'instance': '10.42.1.123:8080', 'job': 'spring-petclinic', 'level': 'info'}",367,same_network,3,300
2026-07-24T22:03:36.216559+00:00,2026-07-24T22:03:36.624000+00:00,logback_events_total,vets-service,10.42.1.123:8080,"{'__name__': 'logback_events_total', 'instance': '10.42.1.123:8080', 'job': 'spring-petclinic', 'level': 'trace'}",0,same_network,3,300
2026-07-24T22:03:36.216559+00:00,2026-07-24T22:03:36.624000+00:00,logback_events_total,vets-service,10.42.1.123:8080,"{'__name__': 'logback_events_total', 'instance': '10.42.1.123:8080', 'job': 'spring-petclinic', 'level': 'warn'}",15,same_network,3,300
2026-07-24T22:03:36.216559+00:00,2026-07-24T22:03:36.624000+00:00,logback_events_total,vets-service,10.42.1.124:8080,"{'__name__': 'logback_events_total', 'instance': '10.42.1.124:8080', 'job': 'spring-petclinic', 'level': 'debug'}",598240,same_network,3,300
2026-07-24T22:03:36.216559+00:00,2026-07-24T22:03:36.624000+00:00,logback_events_total,vets-service,10.42.1.124:8080,"{'__name__': 'logback_events_total', 'instance': '10.42.1.124:8080', 'job': 'spring-petclinic', 'level': 'error'}",316,same_network,3,300
2026-07-24T22:03:36.216559+00:00,2026-07-24T22:03:36.624000+00:00,logback_events_total,vets-service,10.42.1.124:8080,"{'__name__': 'logback_events_total', 'instance': '10.42.1.124:8080', 'job': 'spring-petclinic', 'level': 'info'}",366,same_network,3,300
2026-07-24T22:03:36.216559+00:00,2026-07-24T22:03:36.624000+00:00,logback_events_total,vets-service,10.42.1.124:8080,"{'__name__': 'logback_events_total', 'instance': '10.42.1.124:8080', 'job': 'spring-petclinic', 'level': 'trace'}",0,same_network,3,300
2026-07-24T22:03:36.216559+00:00,2026-07-24T22:03:36.624000+00:00,logback_events_total,vets-service,10.42.1.124:8080,"{'__name__': 'logback_events_total', 'instance': '10.42.1.124:8080', 'job': 'spring-petclinic', 'level': 'warn'}",15,same_network,3,300
2026-07-24T22:03:36.216559+00:00,2026-07-24T22:03:36.624000+00:00,logback_events_total,visits-service,10.42.1.125:8080,"{'__name__': 'logback_events_total', 'instance': '10.42.1.125:8080', 'job': 'spring-petclinic', 'level': 'debug'}",589757,same_network,3,300
2026-07-24T22:03:36.216559+00:00,2026-07-24T22:03:36.624000+00:00,logback_events_total,visits-service,10.42.1.125:8080,"{'__name__': 'logback_events_total', 'instance': '10.42.1.125:8080', 'job': 'spring-petclinic', 'level': 'error'}",315,same_network,3,300
2026-07-24T22:03:36.216559+00:00,2026-07-24T22:03:36.624000+00:00,logback_events_total,visits-service,10.42.1.125:8080,"{'__name__': 'logback_events_total', 'instance': '10.42.1.125:8080', 'job': 'spring-petclinic', 'level': 'info'}",365,same_network,3,300
2026-07-24T22:03:36.216559+00:00,2026-07-24T22:03:36.624000+00:00,logback_events_total,visits-service,10.42.1.125:8080,"{'__name__': 'logback_events_total', 'instance': '10.42.1.125:8080', 'job': 'spring-petclinic', 'level': 'trace'}",0,same_network,3,300
2026-07-24T22:03:36.216559+00:00,2026-07-24T22:03:36.624000+00:00,logback_events_total,visits-service,10.42.1.125:8080,"{'__name__': 'logback_events_total', 'instance': '10.42.1.125:8080', 'job': 'spring-petclinic', 'level': 'warn'}",15,same_network,3,300
2026-07-24T22:03:36.216559+00:00,2026-07-24T22:03:36.624000+00:00,logback_events_total,customers-service,10.42.1.126:8080,"{'__name__': 'logback_events_total', 'instance': '10.42.1.126:8080', 'job': 'spring-petclinic', 'level': 'debug'}",1167121,same_network,3,300
2026-07-24T22:03:36.216559+00:00,2026-07-24T22:03:36.624000+00:00,logback_events_total,customers-service,10.42.1.126:8080,"{'__name__': 'logback_events_total', 'instance': '10.42.1.126:8080', 'job': 'spring-petclinic', 'level': 'error'}",316,same_network,3,300
2026-07-24T22:03:36.216559+00:00,2026-07-24T22:03:36.624000+00:00,logback_events_total,customers-service,10.42.1.126:8080,"{'__name__': 'logback_events_total', 'instance': '10.42.1.126:8080', 'job': 'spring-petclinic', 'level': 'info'}",366,same_network,3,300
2026-07-24T22:03:36.216559+00:00,2026-07-24T22:03:36.624000+00:00,logback_events_total,customers-service,10.42.1.126:8080,"{'__name__': 'logback_events_total', 'instance': '10.42.1.126:8080', 'job': 'spring-petclinic', 'level': 'trace'}",0,same_network,3,300
2026-07-24T22:03:36.216559+00:00,2026-07-24T22:03:36.624000+00:00,logback_events_total,customers-service,10.42.1.126:8080,"{'__name__': 'logback_events_total', 'instance': '10.42.1.126:8080', 'job': 'spring-petclinic', 'level': 'warn'}",15,same_network,3,300
2026-07-24T22:03:36.216559+00:00,2026-07-24T22:03:36.624000+00:00,logback_events_total,api-gateway,10.42.1.129:8080,"{'__name__': 'logback_events_total', 'instance': '10.42.1.129:8080', 'job': 'spring-petclinic', 'level': 'debug'}",0,same_network,3,300
2026-07-24T22:03:36.216559+00:00,2026-07-24T22:03:36.624000+00:00,logback_events_total,api-gateway,10.42.1.129:8080,"{'__name__': 'logback_events_total', 'instance': '10.42.1.129:8080', 'job': 'spring-petclinic', 'level': 'error'}",0,same_network,3,300
2026-07-24T22:03:36.216559+00:00,2026-07-24T22:03:36.624000+00:00,logback_events_total,api-gateway,10.42.1.129:8080,"{'__name__': 'logback_events_total', 'instance': '10.42.1.129:8080', 'job': 'spring-petclinic', 'level': 'info'}",32,same_network,3,300
2026-07-24T22:03:36.216559+00:00,2026-07-24T22:03:36.624000+00:00,logback_events_total,api-gateway,10.42.1.129:8080,"{'__name__': 'logback_events_total', 'instance': '10.42.1.129:8080', 'job': 'spring-petclinic', 'level': 'trace'}",0,same_network,3,300
2026-07-24T22:03:36.216559+00:00,2026-07-24T22:03:36.624000+00:00,logback_events_total,api-gateway,10.42.1.129:8080,"{'__name__': 'logback_events_total', 'instance': '10.42.1.129:8080', 'job': 'spring-petclinic', 'level': 'warn'}",8,same_network,3,300
2026-07-24T22:03:36.216559+00:00,2026-07-24T22:03:36.630000+00:00,process_files_open_files,customers-service,10.42.0.186:8080,"{'__name__': 'process_files_open_files', 'instance': '10.42.0.186:8080', 'job': 'spring-petclinic'}",221,same_network,3,300
2026-07-24T22:03:36.216559+00:00,2026-07-24T22:03:36.630000+00:00,process_files_open_files,api-gateway,10.42.0.187:8080,"{'__name__': 'process_files_open_files', 'instance': '10.42.0.187:8080', 'job': 'spring-petclinic'}",749,same_network,3,300
2026-07-24T22:03:36.216559+00:00,2026-07-24T22:03:36.630000+00:00,process_files_open_files,visits-service,10.42.1.122:8080,"{'__name__': 'process_files_open_files', 'instance': '10.42.1.122:8080', 'job': 'spring-petclinic'}",30,same_network,3,300
2026-07-24T22:03:36.216559+00:00,2026-07-24T22:03:36.630000+00:00,process_files_open_files,vets-service,10.42.1.123:8080,"{'__name__': 'process_files_open_files', 'instance': '10.42.1.123:8080', 'job': 'spring-petclinic'}",114,same_network,3,300
2026-07-24T22:03:36.216559+00:00,2026-07-24T22:03:36.630000+00:00,process_files_open_files,vets-service,10.42.1.124:8080,"{'__name__': 'process_files_open_files', 'instance': '10.42.1.124:8080', 'job': 'spring-petclinic'}",98,same_network,3,300
2026-07-24T22:03:36.216559+00:00,2026-07-24T22:03:36.630000+00:00,process_files_open_files,visits-service,10.42.1.125:8080,"{'__name__': 'process_files_open_files', 'instance': '10.42.1.125:8080', 'job': 'spring-petclinic'}",29,same_network,3,300
2026-07-24T22:03:36.216559+00:00,2026-07-24T22:03:36.630000+00:00,process_files_open_files,customers-service,10.42.1.126:8080,"{'__name__': 'process_files_open_files', 'instance': '10.42.1.126:8080', 'job': 'spring-petclinic'}",218,same_network,3,300
2026-07-24T22:03:36.216559+00:00,2026-07-24T22:03:36.630000+00:00,process_files_open_files,api-gateway,10.42.1.129:8080,"{'__name__': 'process_files_open_files', 'instance': '10.42.1.129:8080', 'job': 'spring-petclinic'}",476,same_network,3,300
2026-07-24T22:03:36.216559+00:00,2026-07-24T22:03:36.637000+00:00,up,customers-service,10.42.0.186:8080,"{'__name__': 'up', 'instance': '10.42.0.186:8080', 'job': 'spring-petclinic'}",1,same_network,3,300
2026-07-24T22:03:36.216559+00:00,2026-07-24T22:03:36.637000+00:00,up,api-gateway,10.42.0.187:8080,"{'__name__': 'up', 'instance': '10.42.0.187:8080', 'job': 'spring-petclinic'}",1,same_network,3,300
2026-07-24T22:03:36.216559+00:00,2026-07-24T22:03:36.637000+00:00,up,visits-service,10.42.1.122:8080,"{'__name__': 'up', 'instance': '10.42.1.122:8080', 'job': 'spring-petclinic'}",1,same_network,3,300
2026-07-24T22:03:36.216559+00:00,2026-07-24T22:03:36.637000+00:00,up,vets-service,10.42.1.123:8080,"{'__name__': 'up', 'instance': '10.42.1.123:8080', 'job': 'spring-petclinic'}",1,same_network,3,300
2026-07-24T22:03:36.216559+00:00,2026-07-24T22:03:36.637000+00:00,up,vets-service,10.42.1.124:8080,"{'__name__': 'up', 'instance': '10.42.1.124:8080', 'job': 'spring-petclinic'}",1,same_network,3,300
2026-07-24T22:03:36.216559+00:00,2026-07-24T22:03:36.637000+00:00,up,visits-service,10.42.1.125:8080,"{'__name__': 'up', 'instance': '10.42.1.125:8080', 'job': 'spring-petclinic'}",1,same_network,3,300
2026-07-24T22:03:36.216559+00:00,2026-07-24T22:03:36.637000+00:00,up,customers-service,10.42.1.126:8080,"{'__name__': 'up', 'instance': '10.42.1.126:8080', 'job': 'spring-petclinic'}",1,same_network,3,300
2026-07-24T22:03:36.216559+00:00,2026-07-24T22:03:36.637000+00:00,up,api-gateway,10.42.1.129:8080,"{'__name__': 'up', 'instance': '10.42.1.129:8080', 'job': 'spring-petclinic'}",1,same_network,3,300
2026-07-24T22:03:36.216559+00:00,2026-07-24T22:03:36.642000+00:00,zipkin_reporter_messages_bytes_total,customers-service,10.42.0.186:8080,"{'__name__': 'zipkin_reporter_messages_bytes_total', 'instance': '10.42.0.186:8080', 'job': 'spring-petclinic'}",607095859,same_network,3,300
2026-07-24T22:03:36.216559+00:00,2026-07-24T22:03:36.642000+00:00,zipkin_reporter_messages_bytes_total,api-gateway,10.42.0.187:8080,"{'__name__': 'zipkin_reporter_messages_bytes_total', 'instance': '10.42.0.187:8080', 'job': 'spring-petclinic'}",1373197194,same_network,3,300
2026-07-24T22:03:36.216559+00:00,2026-07-24T22:03:36.642000+00:00,zipkin_reporter_messages_bytes_total,visits-service,10.42.1.122:8080,"{'__name__': 'zipkin_reporter_messages_bytes_total', 'instance': '10.42.1.122:8080', 'job': 'spring-petclinic'}",137278386,same_network,3,300
2026-07-24T22:03:36.216559+00:00,2026-07-24T22:03:36.642000+00:00,zipkin_reporter_messages_bytes_total,vets-service,10.42.1.123:8080,"{'__name__': 'zipkin_reporter_messages_bytes_total', 'instance': '10.42.1.123:8080', 'job': 'spring-petclinic'}",289194982,same_network,3,300
2026-07-24T22:03:36.216559+00:00,2026-07-24T22:03:36.642000+00:00,zipkin_reporter_messages_bytes_total,vets-service,10.42.1.124:8080,"{'__name__': 'zipkin_reporter_messages_bytes_total', 'instance': '10.42.1.124:8080', 'job': 'spring-petclinic'}",294530268,same_network,3,300
2026-07-24T22:03:36.216559+00:00,2026-07-24T22:03:36.642000+00:00,zipkin_reporter_messages_bytes_total,visits-service,10.42.1.125:8080,"{'__name__': 'zipkin_reporter_messages_bytes_total', 'instance': '10.42.1.125:8080', 'job': 'spring-petclinic'}",135364860,same_network,3,300
2026-07-24T22:03:36.216559+00:00,2026-07-24T22:03:36.642000+00:00,zipkin_reporter_messages_bytes_total,customers-service,10.42.1.126:8080,"{'__name__': 'zipkin_reporter_messages_bytes_total', 'instance': '10.42.1.126:8080', 'job': 'spring-petclinic'}",583384810,same_network,3,300
2026-07-24T22:03:36.216559+00:00,2026-07-24T22:03:36.642000+00:00,zipkin_reporter_messages_bytes_total,api-gateway,10.42.1.129:8080,"{'__name__': 'zipkin_reporter_messages_bytes_total', 'instance': '10.42.1.129:8080', 'job': 'spring-petclinic'}",6106689,same_network,3,300
2026-07-24T22:03:36.216559+00:00,2026-07-24T22:03:36.648000+00:00,zipkin_reporter_messages_dropped_total,customers-service,10.42.0.186:8080,"{'__name__': 'zipkin_reporter_messages_dropped_total', 'cause': 'ResourceAccessException', 'instance': '10.42.0.186:8080', 'job': 'spring-petclinic'}",83,same_network,3,300
2026-07-24T22:03:36.216559+00:00,2026-07-24T22:03:36.648000+00:00,zipkin_reporter_messages_dropped_total,api-gateway,10.42.0.187:8080,"{'__name__': 'zipkin_reporter_messages_dropped_total', 'cause': 'ResourceAccessException', 'instance': '10.42.0.187:8080', 'job': 'spring-petclinic'}",98,same_network,3,300
2026-07-24T22:03:36.216559+00:00,2026-07-24T22:03:36.648000+00:00,zipkin_reporter_messages_dropped_total,visits-service,10.42.1.122:8080,"{'__name__': 'zipkin_reporter_messages_dropped_total', 'cause': 'ResourceAccessException', 'instance': '10.42.1.122:8080', 'job': 'spring-petclinic'}",97,same_network,3,300
2026-07-24T22:03:36.216559+00:00,2026-07-24T22:03:36.648000+00:00,zipkin_reporter_messages_dropped_total,vets-service,10.42.1.123:8080,"{'__name__': 'zipkin_reporter_messages_dropped_total', 'cause': 'ResourceAccessException', 'instance': '10.42.1.123:8080', 'job': 'spring-petclinic'}",96,same_network,3,300
2026-07-24T22:03:36.216559+00:00,2026-07-24T22:03:36.648000+00:00,zipkin_reporter_messages_dropped_total,vets-service,10.42.1.124:8080,"{'__name__': 'zipkin_reporter_messages_dropped_total', 'cause': 'ResourceAccessException', 'instance': '10.42.1.124:8080', 'job': 'spring-petclinic'}",90,same_network,3,300
2026-07-24T22:03:36.216559+00:00,2026-07-24T22:03:36.648000+00:00,zipkin_reporter_messages_dropped_total,visits-service,10.42.1.125:8080,"{'__name__': 'zipkin_reporter_messages_dropped_total', 'cause': 'ResourceAccessException', 'instance': '10.42.1.125:8080', 'job': 'spring-petclinic'}",92,same_network,3,300
2026-07-24T22:03:36.216559+00:00,2026-07-24T22:03:36.648000+00:00,zipkin_reporter_messages_dropped_total,customers-service,10.42.1.126:8080,"{'__name__': 'zipkin_reporter_messages_dropped_total', 'cause': 'ResourceAccessException', 'instance': '10.42.1.126:8080', 'job': 'spring-petclinic'}",99,same_network,3,300
2026-07-24T22:03:36.216559+00:00,2026-07-24T22:03:36.648000+00:00,zipkin_reporter_messages_dropped_total,api-gateway,10.42.1.129:8080,"{'__name__': 'zipkin_reporter_messages_dropped_total', 'cause': 'ResourceAccessException', 'instance': '10.42.1.129:8080', 'job': 'spring-petclinic'}",2,same_network,3,300
2026-07-24T22:03:36.216559+00:00,2026-07-24T22:03:36.658000+00:00,zipkin_reporter_messages_total,customers-service,10.42.0.186:8080,"{'__name__': 'zipkin_reporter_messages_total', 'instance': '10.42.0.186:8080', 'job': 'spring-petclinic'}",9647,same_network,3,300
2026-07-24T22:03:36.216559+00:00,2026-07-24T22:03:36.658000+00:00,zipkin_reporter_messages_total,api-gateway,10.42.0.187:8080,"{'__name__': 'zipkin_reporter_messages_total', 'instance': '10.42.0.187:8080', 'job': 'spring-petclinic'}",9639,same_network,3,300
2026-07-24T22:03:36.216559+00:00,2026-07-24T22:03:36.658000+00:00,zipkin_reporter_messages_total,visits-service,10.42.1.122:8080,"{'__name__': 'zipkin_reporter_messages_total', 'instance': '10.42.1.122:8080', 'job': 'spring-petclinic'}",9821,same_network,3,300
2026-07-24T22:03:36.216559+00:00,2026-07-24T22:03:36.658000+00:00,zipkin_reporter_messages_total,vets-service,10.42.1.123:8080,"{'__name__': 'zipkin_reporter_messages_total', 'instance': '10.42.1.123:8080', 'job': 'spring-petclinic'}",9857,same_network,3,300
2026-07-24T22:03:36.216559+00:00,2026-07-24T22:03:36.658000+00:00,zipkin_reporter_messages_total,vets-service,10.42.1.124:8080,"{'__name__': 'zipkin_reporter_messages_total', 'instance': '10.42.1.124:8080', 'job': 'spring-petclinic'}",9854,same_network,3,300
2026-07-24T22:03:36.216559+00:00,2026-07-24T22:03:36.658000+00:00,zipkin_reporter_messages_total,visits-service,10.42.1.125:8080,"{'__name__': 'zipkin_reporter_messages_total', 'instance': '10.42.1.125:8080', 'job': 'spring-petclinic'}",9676,same_network,3,300
2026-07-24T22:03:36.216559+00:00,2026-07-24T22:03:36.658000+00:00,zipkin_reporter_messages_total,customers-service,10.42.1.126:8080,"{'__name__': 'zipkin_reporter_messages_total', 'instance': '10.42.1.126:8080', 'job': 'spring-petclinic'}",9779,same_network,3,300
2026-07-24T22:03:36.216559+00:00,2026-07-24T22:03:36.658000+00:00,zipkin_reporter_messages_total,api-gateway,10.42.1.129:8080,"{'__name__': 'zipkin_reporter_messages_total', 'instance': '10.42.1.129:8080', 'job': 'spring-petclinic'}",91,same_network,3,300
2026-07-24T22:03:36.216559+00:00,2026-07-24T22:03:36.666000+00:00,zipkin_reporter_queue_bytes,customers-service,10.42.0.186:8080,"{'__name__': 'zipkin_reporter_queue_bytes', 'instance': '10.42.0.186:8080', 'job': 'spring-petclinic'}",0,same_network,3,300
2026-07-24T22:03:36.216559+00:00,2026-07-24T22:03:36.666000+00:00,zipkin_reporter_queue_bytes,api-gateway,10.42.0.187:8080,"{'__name__': 'zipkin_reporter_queue_bytes', 'instance': '10.42.0.187:8080', 'job': 'spring-petclinic'}",0,same_network,3,300
2026-07-24T22:03:36.216559+00:00,2026-07-24T22:03:36.666000+00:00,zipkin_reporter_queue_bytes,visits-service,10.42.1.122:8080,"{'__name__': 'zipkin_reporter_queue_bytes', 'instance': '10.42.1.122:8080', 'job': 'spring-petclinic'}",0,same_network,3,300
2026-07-24T22:03:36.216559+00:00,2026-07-24T22:03:36.666000+00:00,zipkin_reporter_queue_bytes,vets-service,10.42.1.123:8080,"{'__name__': 'zipkin_reporter_queue_bytes', 'instance': '10.42.1.123:8080', 'job': 'spring-petclinic'}",0,same_network,3,300
2026-07-24T22:03:36.216559+00:00,2026-07-24T22:03:36.666000+00:00,zipkin_reporter_queue_bytes,vets-service,10.42.1.124:8080,"{'__name__': 'zipkin_reporter_queue_bytes', 'instance': '10.42.1.124:8080', 'job': 'spring-petclinic'}",0,same_network,3,300
2026-07-24T22:03:36.216559+00:00,2026-07-24T22:03:36.666000+00:00,zipkin_reporter_queue_bytes,visits-service,10.42.1.125:8080,"{'__name__': 'zipkin_reporter_queue_bytes', 'instance': '10.42.1.125:8080', 'job': 'spring-petclinic'}",0,same_network,3,300
2026-07-24T22:03:36.216559+00:00,2026-07-24T22:03:36.666000+00:00,zipkin_reporter_queue_bytes,customers-service,10.42.1.126:8080,"{'__name__': 'zipkin_reporter_queue_bytes', 'instance': '10.42.1.126:8080', 'job': 'spring-petclinic'}",0,same_network,3,300
2026-07-24T22:03:36.216559+00:00,2026-07-24T22:03:36.666000+00:00,zipkin_reporter_queue_bytes,api-gateway,10.42.1.129:8080,"{'__name__': 'zipkin_reporter_queue_bytes', 'instance': '10.42.1.129:8080', 'job': 'spring-petclinic'}",0,same_network,3,300
2026-07-24T22:03:36.216559+00:00,2026-07-24T22:03:36.671000+00:00,zipkin_reporter_queue_spans,customers-service,10.42.0.186:8080,"{'__name__': 'zipkin_reporter_queue_spans', 'instance': '10.42.0.186:8080', 'job': 'spring-petclinic'}",0,same_network,3,300
2026-07-24T22:03:36.216559+00:00,2026-07-24T22:03:36.671000+00:00,zipkin_reporter_queue_spans,api-gateway,10.42.0.187:8080,"{'__name__': 'zipkin_reporter_queue_spans', 'instance': '10.42.0.187:8080', 'job': 'spring-petclinic'}",0,same_network,3,300
2026-07-24T22:03:36.216559+00:00,2026-07-24T22:03:36.671000+00:00,zipkin_reporter_queue_spans,visits-service,10.42.1.122:8080,"{'__name__': 'zipkin_reporter_queue_spans', 'instance': '10.42.1.122:8080', 'job': 'spring-petclinic'}",0,same_network,3,300
2026-07-24T22:03:36.216559+00:00,2026-07-24T22:03:36.671000+00:00,zipkin_reporter_queue_spans,vets-service,10.42.1.123:8080,"{'__name__': 'zipkin_reporter_queue_spans', 'instance': '10.42.1.123:8080', 'job': 'spring-petclinic'}",0,same_network,3,300
2026-07-24T22:03:36.216559+00:00,2026-07-24T22:03:36.671000+00:00,zipkin_reporter_queue_spans,vets-service,10.42.1.124:8080,"{'__name__': 'zipkin_reporter_queue_spans', 'instance': '10.42.1.124:8080', 'job': 'spring-petclinic'}",0,same_network,3,300
2026-07-24T22:03:36.216559+00:00,2026-07-24T22:03:36.671000+00:00,zipkin_reporter_queue_spans,visits-service,10.42.1.125:8080,"{'__name__': 'zipkin_reporter_queue_spans', 'instance': '10.42.1.125:8080', 'job': 'spring-petclinic'}",0,same_network,3,300
2026-07-24T22:03:36.216559+00:00,2026-07-24T22:03:36.671000+00:00,zipkin_reporter_queue_spans,customers-service,10.42.1.126:8080,"{'__name__': 'zipkin_reporter_queue_spans', 'instance': '10.42.1.126:8080', 'job': 'spring-petclinic'}",0,same_network,3,300
2026-07-24T22:03:36.216559+00:00,2026-07-24T22:03:36.671000+00:00,zipkin_reporter_queue_spans,api-gateway,10.42.1.129:8080,"{'__name__': 'zipkin_reporter_queue_spans', 'instance': '10.42.1.129:8080', 'job': 'spring-petclinic'}",0,same_network,3,300
2026-07-24T22:03:36.216559+00:00,2026-07-24T22:03:36.678000+00:00,zipkin_reporter_spans_bytes_total,customers-service,10.42.0.186:8080,"{'__name__': 'zipkin_reporter_spans_bytes_total', 'instance': '10.42.0.186:8080', 'job': 'spring-petclinic'}",605893630,same_network,3,300
2026-07-24T22:03:36.216559+00:00,2026-07-24T22:03:36.678000+00:00,zipkin_reporter_spans_bytes_total,api-gateway,10.42.0.187:8080,"{'__name__': 'zipkin_reporter_spans_bytes_total', 'instance': '10.42.0.187:8080', 'job': 'spring-petclinic'}",1370917134,same_network,3,300
2026-07-24T22:03:36.216559+00:00,2026-07-24T22:03:36.678000+00:00,zipkin_reporter_spans_bytes_total,visits-service,10.42.1.122:8080,"{'__name__': 'zipkin_reporter_spans_bytes_total', 'instance': '10.42.1.122:8080', 'job': 'spring-petclinic'}",136987638,same_network,3,300
2026-07-24T22:03:36.216559+00:00,2026-07-24T22:03:36.678000+00:00,zipkin_reporter_spans_bytes_total,vets-service,10.42.1.123:8080,"{'__name__': 'zipkin_reporter_spans_bytes_total', 'instance': '10.42.1.123:8080', 'job': 'spring-petclinic'}",288618190,same_network,3,300
2026-07-24T22:03:36.216559+00:00,2026-07-24T22:03:36.678000+00:00,zipkin_reporter_spans_bytes_total,vets-service,10.42.1.124:8080,"{'__name__': 'zipkin_reporter_spans_bytes_total', 'instance': '10.42.1.124:8080', 'job': 'spring-petclinic'}",293941750,same_network,3,300
2026-07-24T22:03:36.216559+00:00,2026-07-24T22:03:36.678000+00:00,zipkin_reporter_spans_bytes_total,visits-service,10.42.1.125:8080,"{'__name__': 'zipkin_reporter_spans_bytes_total', 'instance': '10.42.1.125:8080', 'job': 'spring-petclinic'}",135068224,same_network,3,300
2026-07-24T22:03:36.216559+00:00,2026-07-24T22:03:36.678000+00:00,zipkin_reporter_spans_bytes_total,customers-service,10.42.1.126:8080,"{'__name__': 'zipkin_reporter_spans_bytes_total', 'instance': '10.42.1.126:8080', 'job': 'spring-petclinic'}",582280891,same_network,3,300
2026-07-24T22:03:36.216559+00:00,2026-07-24T22:03:36.678000+00:00,zipkin_reporter_spans_bytes_total,api-gateway,10.42.1.129:8080,"{'__name__': 'zipkin_reporter_spans_bytes_total', 'instance': '10.42.1.129:8080', 'job': 'spring-petclinic'}",6146865,same_network,3,300
2026-07-24T22:03:36.216559+00:00,2026-07-24T22:03:36.686000+00:00,zipkin_reporter_spans_dropped_total,customers-service,10.42.0.186:8080,"{'__name__': 'zipkin_reporter_spans_dropped_total', 'instance': '10.42.0.186:8080', 'job': 'spring-petclinic'}",13169,same_network,3,300
2026-07-24T22:03:36.216559+00:00,2026-07-24T22:03:36.686000+00:00,zipkin_reporter_spans_dropped_total,api-gateway,10.42.0.187:8080,"{'__name__': 'zipkin_reporter_spans_dropped_total', 'instance': '10.42.0.187:8080', 'job': 'spring-petclinic'}",65084,same_network,3,300
2026-07-24T22:03:36.216559+00:00,2026-07-24T22:03:36.686000+00:00,zipkin_reporter_spans_dropped_total,visits-service,10.42.1.122:8080,"{'__name__': 'zipkin_reporter_spans_dropped_total', 'instance': '10.42.1.122:8080', 'job': 'spring-petclinic'}",3411,same_network,3,300
2026-07-24T22:03:36.216559+00:00,2026-07-24T22:03:36.686000+00:00,zipkin_reporter_spans_dropped_total,vets-service,10.42.1.123:8080,"{'__name__': 'zipkin_reporter_spans_dropped_total', 'instance': '10.42.1.123:8080', 'job': 'spring-petclinic'}",6685,same_network,3,300
2026-07-24T22:03:36.216559+00:00,2026-07-24T22:03:36.686000+00:00,zipkin_reporter_spans_dropped_total,vets-service,10.42.1.124:8080,"{'__name__': 'zipkin_reporter_spans_dropped_total', 'instance': '10.42.1.124:8080', 'job': 'spring-petclinic'}",6712,same_network,3,300
2026-07-24T22:03:36.216559+00:00,2026-07-24T22:03:36.686000+00:00,zipkin_reporter_spans_dropped_total,visits-service,10.42.1.125:8080,"{'__name__': 'zipkin_reporter_spans_dropped_total', 'instance': '10.42.1.125:8080', 'job': 'spring-petclinic'}",3523,same_network,3,300
2026-07-24T22:03:36.216559+00:00,2026-07-24T22:03:36.686000+00:00,zipkin_reporter_spans_dropped_total,customers-service,10.42.1.126:8080,"{'__name__': 'zipkin_reporter_spans_dropped_total', 'instance': '10.42.1.126:8080', 'job': 'spring-petclinic'}",14987,same_network,3,300
2026-07-24T22:03:36.216559+00:00,2026-07-24T22:03:36.686000+00:00,zipkin_reporter_spans_dropped_total,api-gateway,10.42.1.129:8080,"{'__name__': 'zipkin_reporter_spans_dropped_total', 'instance': '10.42.1.129:8080', 'job': 'spring-petclinic'}",553,same_network,3,300
2026-07-24T22:03:36.216559+00:00,2026-07-24T22:03:36.692000+00:00,zipkin_reporter_spans_total,customers-service,10.42.0.186:8080,"{'__name__': 'zipkin_reporter_spans_total', 'instance': '10.42.0.186:8080', 'job': 'spring-petclinic'}",1208602,same_network,3,300
2026-07-24T22:03:36.216559+00:00,2026-07-24T22:03:36.692000+00:00,zipkin_reporter_spans_total,api-gateway,10.42.0.187:8080,"{'__name__': 'zipkin_reporter_spans_total', 'instance': '10.42.0.187:8080', 'job': 'spring-petclinic'}",4609871,same_network,3,300
2026-07-24T22:03:36.216559+00:00,2026-07-24T22:03:36.692000+00:00,zipkin_reporter_spans_total,visits-service,10.42.1.122:8080,"{'__name__': 'zipkin_reporter_spans_total', 'instance': '10.42.1.122:8080', 'job': 'spring-petclinic'}",296225,same_network,3,300
2026-07-24T22:03:36.216559+00:00,2026-07-24T22:03:36.692000+00:00,zipkin_reporter_spans_total,vets-service,10.42.1.123:8080,"{'__name__': 'zipkin_reporter_spans_total', 'instance': '10.42.1.123:8080', 'job': 'spring-petclinic'}",581860,same_network,3,300
2026-07-24T22:03:36.216559+00:00,2026-07-24T22:03:36.692000+00:00,zipkin_reporter_spans_total,vets-service,10.42.1.124:8080,"{'__name__': 'zipkin_reporter_spans_total', 'instance': '10.42.1.124:8080', 'job': 'spring-petclinic'}",592594,same_network,3,300
2026-07-24T22:03:36.216559+00:00,2026-07-24T22:03:36.692000+00:00,zipkin_reporter_spans_total,visits-service,10.42.1.125:8080,"{'__name__': 'zipkin_reporter_spans_total', 'instance': '10.42.1.125:8080', 'job': 'spring-petclinic'}",292059,same_network,3,300
2026-07-24T22:03:36.216559+00:00,2026-07-24T22:03:36.692000+00:00,zipkin_reporter_spans_total,customers-service,10.42.1.126:8080,"{'__name__': 'zipkin_reporter_spans_total', 'instance': '10.42.1.126:8080', 'job': 'spring-petclinic'}",1161500,same_network,3,300
2026-07-24T22:03:36.216559+00:00,2026-07-24T22:03:36.692000+00:00,zipkin_reporter_spans_total,api-gateway,10.42.1.129:8080,"{'__name__': 'zipkin_reporter_spans_total', 'instance': '10.42.1.129:8080', 'job': 'spring-petclinic'}",20650,same_network,3,300
2026-07-24T22:04:36.236013+00:00,2026-07-24T22:04:36.244000+00:00,process_cpu_usage,customers-service,10.42.0.186:8080,"{'__name__': 'process_cpu_usage', 'instance': '10.42.0.186:8080', 'job': 'spring-petclinic'}",0.06262197708952058,same_network,3,300
2026-07-24T22:04:36.236013+00:00,2026-07-24T22:04:36.244000+00:00,process_cpu_usage,api-gateway,10.42.0.187:8080,"{'__name__': 'process_cpu_usage', 'instance': '10.42.0.187:8080', 'job': 'spring-petclinic'}",0.0828322181756585,same_network,3,300
2026-07-24T22:04:36.236013+00:00,2026-07-24T22:04:36.244000+00:00,process_cpu_usage,visits-service,10.42.1.122:8080,"{'__name__': 'process_cpu_usage', 'instance': '10.42.1.122:8080', 'job': 'spring-petclinic'}",0.0060389352403655144,same_network,3,300
2026-07-24T22:04:36.236013+00:00,2026-07-24T22:04:36.244000+00:00,process_cpu_usage,vets-service,10.42.1.123:8080,"{'__name__': 'process_cpu_usage', 'instance': '10.42.1.123:8080', 'job': 'spring-petclinic'}",0.026275977386734612,same_network,3,300
2026-07-24T22:04:36.236013+00:00,2026-07-24T22:04:36.244000+00:00,process_cpu_usage,vets-service,10.42.1.124:8080,"{'__name__': 'process_cpu_usage', 'instance': '10.42.1.124:8080', 'job': 'spring-petclinic'}",0.01832460732984293,same_network,3,300
2026-07-24T22:04:36.236013+00:00,2026-07-24T22:04:36.244000+00:00,process_cpu_usage,visits-service,10.42.1.125:8080,"{'__name__': 'process_cpu_usage', 'instance': '10.42.1.125:8080', 'job': 'spring-petclinic'}",0.012027219496755816,same_network,3,300
2026-07-24T22:04:36.236013+00:00,2026-07-24T22:04:36.244000+00:00,process_cpu_usage,customers-service,10.42.1.126:8080,"{'__name__': 'process_cpu_usage', 'instance': '10.42.1.126:8080', 'job': 'spring-petclinic'}",0.04397342613097121,same_network,3,300
2026-07-24T22:04:36.236013+00:00,2026-07-24T22:04:36.244000+00:00,process_cpu_usage,api-gateway,10.42.1.129:8080,"{'__name__': 'process_cpu_usage', 'instance': '10.42.1.129:8080', 'job': 'spring-petclinic'}",0.0444620253164557,same_network,3,300
2026-07-24T22:04:36.236013+00:00,2026-07-24T22:04:36.248000+00:00,system_cpu_usage,customers-service,10.42.0.186:8080,"{'__name__': 'system_cpu_usage', 'instance': '10.42.0.186:8080', 'job': 'spring-petclinic'}",0.06264649130250319,same_network,3,300
2026-07-24T22:04:36.236013+00:00,2026-07-24T22:04:36.248000+00:00,system_cpu_usage,api-gateway,10.42.0.187:8080,"{'__name__': 'system_cpu_usage', 'instance': '10.42.0.187:8080', 'job': 'spring-petclinic'}",0.08292611788617886,same_network,3,300
2026-07-24T22:04:36.236013+00:00,2026-07-24T22:04:36.248000+00:00,system_cpu_usage,visits-service,10.42.1.122:8080,"{'__name__': 'system_cpu_usage', 'instance': '10.42.1.122:8080', 'job': 'spring-petclinic'}",0.006057552041951375,same_network,3,300
2026-07-24T22:04:36.236013+00:00,2026-07-24T22:04:36.248000+00:00,system_cpu_usage,vets-service,10.42.1.123:8080,"{'__name__': 'system_cpu_usage', 'instance': '10.42.1.123:8080', 'job': 'spring-petclinic'}",0.02633674468593265,same_network,3,300
2026-07-24T22:04:36.236013+00:00,2026-07-24T22:04:36.248000+00:00,system_cpu_usage,vets-service,10.42.1.124:8080,"{'__name__': 'system_cpu_usage', 'instance': '10.42.1.124:8080', 'job': 'spring-petclinic'}",0.018227432175154688,same_network,3,300
2026-07-24T22:04:36.236013+00:00,2026-07-24T22:04:36.248000+00:00,system_cpu_usage,visits-service,10.42.1.125:8080,"{'__name__': 'system_cpu_usage', 'instance': '10.42.1.125:8080', 'job': 'spring-petclinic'}",0.0120001637917392,same_network,3,300
2026-07-24T22:04:36.236013+00:00,2026-07-24T22:04:36.248000+00:00,system_cpu_usage,customers-service,10.42.1.126:8080,"{'__name__': 'system_cpu_usage', 'instance': '10.42.1.126:8080', 'job': 'spring-petclinic'}",0.04394326320784562,same_network,3,300
2026-07-24T22:04:36.236013+00:00,2026-07-24T22:04:36.248000+00:00,system_cpu_usage,api-gateway,10.42.1.129:8080,"{'__name__': 'system_cpu_usage', 'instance': '10.42.1.129:8080', 'job': 'spring-petclinic'}",0.044435787641427325,same_network,3,300
2026-07-24T22:04:36.236013+00:00,2026-07-24T22:04:36.252000+00:00,process_uptime_seconds,customers-service,10.42.0.186:8080,"{'__name__': 'process_uptime_seconds', 'instance': '10.42.0.186:8080', 'job': 'spring-petclinic'}",13063.164,same_network,3,300
2026-07-24T22:04:36.236013+00:00,2026-07-24T22:04:36.252000+00:00,process_uptime_seconds,api-gateway,10.42.0.187:8080,"{'__name__': 'process_uptime_seconds', 'instance': '10.42.0.187:8080', 'job': 'spring-petclinic'}",13059.049,same_network,3,300
2026-07-24T22:04:36.236013+00:00,2026-07-24T22:04:36.252000+00:00,process_uptime_seconds,visits-service,10.42.1.122:8080,"{'__name__': 'process_uptime_seconds', 'instance': '10.42.1.122:8080', 'job': 'spring-petclinic'}",17236.205,same_network,3,300
2026-07-24T22:04:36.236013+00:00,2026-07-24T22:04:36.252000+00:00,process_uptime_seconds,vets-service,10.42.1.123:8080,"{'__name__': 'process_uptime_seconds', 'instance': '10.42.1.123:8080', 'job': 'spring-petclinic'}",17221.748,same_network,3,300
2026-07-24T22:04:36.236013+00:00,2026-07-24T22:04:36.252000+00:00,process_uptime_seconds,vets-service,10.42.1.124:8080,"{'__name__': 'process_uptime_seconds', 'instance': '10.42.1.124:8080', 'job': 'spring-petclinic'}",17104.956,same_network,3,300
2026-07-24T22:04:36.236013+00:00,2026-07-24T22:04:36.252000+00:00,process_uptime_seconds,visits-service,10.42.1.125:8080,"{'__name__': 'process_uptime_seconds', 'instance': '10.42.1.125:8080', 'job': 'spring-petclinic'}",17095.602,same_network,3,300
2026-07-24T22:04:36.236013+00:00,2026-07-24T22:04:36.252000+00:00,process_uptime_seconds,customers-service,10.42.1.126:8080,"{'__name__': 'process_uptime_seconds', 'instance': '10.42.1.126:8080', 'job': 'spring-petclinic'}",17038.941,same_network,3,300
2026-07-24T22:04:36.236013+00:00,2026-07-24T22:04:36.252000+00:00,process_uptime_seconds,api-gateway,10.42.1.129:8080,"{'__name__': 'process_uptime_seconds', 'instance': '10.42.1.129:8080', 'job': 'spring-petclinic'}",336.826,same_network,3,300
2026-07-24T22:04:36.236013+00:00,2026-07-24T22:04:36.256000+00:00,system_load_average_1m,customers-service,10.42.0.186:8080,"{'__name__': 'system_load_average_1m', 'instance': '10.42.0.186:8080', 'job': 'spring-petclinic'}",3.10888671875,same_network,3,300
2026-07-24T22:04:36.236013+00:00,2026-07-24T22:04:36.256000+00:00,system_load_average_1m,api-gateway,10.42.0.187:8080,"{'__name__': 'system_load_average_1m', 'instance': '10.42.0.187:8080', 'job': 'spring-petclinic'}",3.10888671875,same_network,3,300
2026-07-24T22:04:36.236013+00:00,2026-07-24T22:04:36.256000+00:00,system_load_average_1m,visits-service,10.42.1.122:8080,"{'__name__': 'system_load_average_1m', 'instance': '10.42.1.122:8080', 'job': 'spring-petclinic'}",3.14111328125,same_network,3,300
2026-07-24T22:04:36.236013+00:00,2026-07-24T22:04:36.256000+00:00,system_load_average_1m,vets-service,10.42.1.123:8080,"{'__name__': 'system_load_average_1m', 'instance': '10.42.1.123:8080', 'job': 'spring-petclinic'}",3.19775390625,same_network,3,300
2026-07-24T22:04:36.236013+00:00,2026-07-24T22:04:36.256000+00:00,system_load_average_1m,vets-service,10.42.1.124:8080,"{'__name__': 'system_load_average_1m', 'instance': '10.42.1.124:8080', 'job': 'spring-petclinic'}",3.32763671875,same_network,3,300
2026-07-24T22:04:36.236013+00:00,2026-07-24T22:04:36.256000+00:00,system_load_average_1m,visits-service,10.42.1.125:8080,"{'__name__': 'system_load_average_1m', 'instance': '10.42.1.125:8080', 'job': 'spring-petclinic'}",3.32763671875,same_network,3,300
2026-07-24T22:04:36.236013+00:00,2026-07-24T22:04:36.256000+00:00,system_load_average_1m,customers-service,10.42.1.126:8080,"{'__name__': 'system_load_average_1m', 'instance': '10.42.1.126:8080', 'job': 'spring-petclinic'}",3.32763671875,same_network,3,300
2026-07-24T22:04:36.236013+00:00,2026-07-24T22:04:36.256000+00:00,system_load_average_1m,api-gateway,10.42.1.129:8080,"{'__name__': 'system_load_average_1m', 'instance': '10.42.1.129:8080', 'job': 'spring-petclinic'}",3.181640625,same_network,3,300
2026-07-24T22:04:36.236013+00:00,2026-07-24T22:04:36.260000+00:00,jvm_memory_used_bytes,api-gateway,10.42.0.187:8080,"{'__name__': 'jvm_memory_used_bytes', 'area': 'heap', 'id': 'Eden Space', 'instance': '10.42.0.187:8080', 'job': 'spring-petclinic'}",2810840,same_network,3,300
2026-07-24T22:04:36.236013+00:00,2026-07-24T22:04:36.260000+00:00,jvm_memory_used_bytes,api-gateway,10.42.1.129:8080,"{'__name__': 'jvm_memory_used_bytes', 'area': 'heap', 'id': 'Eden Space', 'instance': '10.42.1.129:8080', 'job': 'spring-petclinic'}",21548144,same_network,3,300
2026-07-24T22:04:36.236013+00:00,2026-07-24T22:04:36.260000+00:00,jvm_memory_used_bytes,customers-service,10.42.0.186:8080,"{'__name__': 'jvm_memory_used_bytes', 'area': 'heap', 'id': 'G1 Eden Space', 'instance': '10.42.0.186:8080', 'job': 'spring-petclinic'}",20971520,same_network,3,300
2026-07-24T22:04:36.236013+00:00,2026-07-24T22:04:36.260000+00:00,jvm_memory_used_bytes,visits-service,10.42.1.122:8080,"{'__name__': 'jvm_memory_used_bytes', 'area': 'heap', 'id': 'G1 Eden Space', 'instance': '10.42.1.122:8080', 'job': 'spring-petclinic'}",71303168,same_network,3,300
2026-07-24T22:04:36.236013+00:00,2026-07-24T22:04:36.260000+00:00,jvm_memory_used_bytes,vets-service,10.42.1.123:8080,"{'__name__': 'jvm_memory_used_bytes', 'area': 'heap', 'id': 'G1 Eden Space', 'instance': '10.42.1.123:8080', 'job': 'spring-petclinic'}",8388608,same_network,3,300
2026-07-24T22:04:36.236013+00:00,2026-07-24T22:04:36.260000+00:00,jvm_memory_used_bytes,vets-service,10.42.1.124:8080,"{'__name__': 'jvm_memory_used_bytes', 'area': 'heap', 'id': 'G1 Eden Space', 'instance': '10.42.1.124:8080', 'job': 'spring-petclinic'}",16777216,same_network,3,300
2026-07-24T22:04:36.236013+00:00,2026-07-24T22:04:36.260000+00:00,jvm_memory_used_bytes,visits-service,10.42.1.125:8080,"{'__name__': 'jvm_memory_used_bytes', 'area': 'heap', 'id': 'G1 Eden Space', 'instance': '10.42.1.125:8080', 'job': 'spring-petclinic'}",54525952,same_network,3,300
2026-07-24T22:04:36.236013+00:00,2026-07-24T22:04:36.260000+00:00,jvm_memory_used_bytes,customers-service,10.42.1.126:8080,"{'__name__': 'jvm_memory_used_bytes', 'area': 'heap', 'id': 'G1 Eden Space', 'instance': '10.42.1.126:8080', 'job': 'spring-petclinic'}",125829120,same_network,3,300
2026-07-24T22:04:36.236013+00:00,2026-07-24T22:04:36.260000+00:00,jvm_memory_used_bytes,customers-service,10.42.0.186:8080,"{'__name__': 'jvm_memory_used_bytes', 'area': 'heap', 'id': 'G1 Old Gen', 'instance': '10.42.0.186:8080', 'job': 'spring-petclinic'}",167441920,same_network,3,300
2026-07-24T22:04:36.236013+00:00,2026-07-24T22:04:36.260000+00:00,jvm_memory_used_bytes,visits-service,10.42.1.122:8080,"{'__name__': 'jvm_memory_used_bytes', 'area': 'heap', 'id': 'G1 Old Gen', 'instance': '10.42.1.122:8080', 'job': 'spring-petclinic'}",70232064,same_network,3,300
2026-07-24T22:04:36.236013+00:00,2026-07-24T22:04:36.260000+00:00,jvm_memory_used_bytes,vets-service,10.42.1.123:8080,"{'__name__': 'jvm_memory_used_bytes', 'area': 'heap', 'id': 'G1 Old Gen', 'instance': '10.42.1.123:8080', 'job': 'spring-petclinic'}",95460864,same_network,3,300
2026-07-24T22:04:36.236013+00:00,2026-07-24T22:04:36.260000+00:00,jvm_memory_used_bytes,vets-service,10.42.1.124:8080,"{'__name__': 'jvm_memory_used_bytes', 'area': 'heap', 'id': 'G1 Old Gen', 'instance': '10.42.1.124:8080', 'job': 'spring-petclinic'}",115888128,same_network,3,300
2026-07-24T22:04:36.236013+00:00,2026-07-24T22:04:36.260000+00:00,jvm_memory_used_bytes,visits-service,10.42.1.125:8080,"{'__name__': 'jvm_memory_used_bytes', 'area': 'heap', 'id': 'G1 Old Gen', 'instance': '10.42.1.125:8080', 'job': 'spring-petclinic'}",86834176,same_network,3,300
2026-07-24T22:04:36.236013+00:00,2026-07-24T22:04:36.260000+00:00,jvm_memory_used_bytes,customers-service,10.42.1.126:8080,"{'__name__': 'jvm_memory_used_bytes', 'area': 'heap', 'id': 'G1 Old Gen', 'instance': '10.42.1.126:8080', 'job': 'spring-petclinic'}",115336704,same_network,3,300
2026-07-24T22:04:36.236013+00:00,2026-07-24T22:04:36.260000+00:00,jvm_memory_used_bytes,customers-service,10.42.0.186:8080,"{'__name__': 'jvm_memory_used_bytes', 'area': 'heap', 'id': 'G1 Survivor Space', 'instance': '10.42.0.186:8080', 'job': 'spring-petclinic'}",10992288,same_network,3,300
2026-07-24T22:04:36.236013+00:00,2026-07-24T22:04:36.260000+00:00,jvm_memory_used_bytes,visits-service,10.42.1.122:8080,"{'__name__': 'jvm_memory_used_bytes', 'area': 'heap', 'id': 'G1 Survivor Space', 'instance': '10.42.1.122:8080', 'job': 'spring-petclinic'}",14528928,same_network,3,300
2026-07-24T22:04:36.236013+00:00,2026-07-24T22:04:36.260000+00:00,jvm_memory_used_bytes,vets-service,10.42.1.123:8080,"{'__name__': 'jvm_memory_used_bytes', 'area': 'heap', 'id': 'G1 Survivor Space', 'instance': '10.42.1.123:8080', 'job': 'spring-petclinic'}",9036440,same_network,3,300
2026-07-24T22:04:36.236013+00:00,2026-07-24T22:04:36.260000+00:00,jvm_memory_used_bytes,vets-service,10.42.1.124:8080,"{'__name__': 'jvm_memory_used_bytes', 'area': 'heap', 'id': 'G1 Survivor Space', 'instance': '10.42.1.124:8080', 'job': 'spring-petclinic'}",8770400,same_network,3,300
2026-07-24T22:04:36.236013+00:00,2026-07-24T22:04:36.260000+00:00,jvm_memory_used_bytes,visits-service,10.42.1.125:8080,"{'__name__': 'jvm_memory_used_bytes', 'area': 'heap', 'id': 'G1 Survivor Space', 'instance': '10.42.1.125:8080', 'job': 'spring-petclinic'}",8135584,same_network,3,300
2026-07-24T22:04:36.236013+00:00,2026-07-24T22:04:36.260000+00:00,jvm_memory_used_bytes,customers-service,10.42.1.126:8080,"{'__name__': 'jvm_memory_used_bytes', 'area': 'heap', 'id': 'G1 Survivor Space', 'instance': '10.42.1.126:8080', 'job': 'spring-petclinic'}",11824248,same_network,3,300
2026-07-24T22:04:36.236013+00:00,2026-07-24T22:04:36.260000+00:00,jvm_memory_used_bytes,api-gateway,10.42.0.187:8080,"{'__name__': 'jvm_memory_used_bytes', 'area': 'heap', 'id': 'Survivor Space', 'instance': '10.42.0.187:8080', 'job': 'spring-petclinic'}",4556384,same_network,3,300
2026-07-24T22:04:36.236013+00:00,2026-07-24T22:04:36.260000+00:00,jvm_memory_used_bytes,api-gateway,10.42.1.129:8080,"{'__name__': 'jvm_memory_used_bytes', 'area': 'heap', 'id': 'Survivor Space', 'instance': '10.42.1.129:8080', 'job': 'spring-petclinic'}",2219112,same_network,3,300
2026-07-24T22:04:36.236013+00:00,2026-07-24T22:04:36.260000+00:00,jvm_memory_used_bytes,api-gateway,10.42.0.187:8080,"{'__name__': 'jvm_memory_used_bytes', 'area': 'heap', 'id': 'Tenured Gen', 'instance': '10.42.0.187:8080', 'job': 'spring-petclinic'}",67586944,same_network,3,300
2026-07-24T22:04:36.236013+00:00,2026-07-24T22:04:36.260000+00:00,jvm_memory_used_bytes,api-gateway,10.42.1.129:8080,"{'__name__': 'jvm_memory_used_bytes', 'area': 'heap', 'id': 'Tenured Gen', 'instance': '10.42.1.129:8080', 'job': 'spring-petclinic'}",54572400,same_network,3,300
2026-07-24T22:04:36.236013+00:00,2026-07-24T22:04:36.260000+00:00,jvm_memory_used_bytes,customers-service,10.42.0.186:8080,"{'__name__': 'jvm_memory_used_bytes', 'area': 'nonheap', 'id': ""CodeHeap 'non-nmethods'"", 'instance': '10.42.0.186:8080', 'job': 'spring-petclinic'}",1417344,same_network,3,300
2026-07-24T22:04:36.236013+00:00,2026-07-24T22:04:36.260000+00:00,jvm_memory_used_bytes,api-gateway,10.42.0.187:8080,"{'__name__': 'jvm_memory_used_bytes', 'area': 'nonheap', 'id': ""CodeHeap 'non-nmethods'"", 'instance': '10.42.0.187:8080', 'job': 'spring-petclinic'}",1391744,same_network,3,300
2026-07-24T22:04:36.236013+00:00,2026-07-24T22:04:36.260000+00:00,jvm_memory_used_bytes,visits-service,10.42.1.122:8080,"{'__name__': 'jvm_memory_used_bytes', 'area': 'nonheap', 'id': ""CodeHeap 'non-nmethods'"", 'instance': '10.42.1.122:8080', 'job': 'spring-petclinic'}",1408384,same_network,3,300
2026-07-24T22:04:36.236013+00:00,2026-07-24T22:04:36.260000+00:00,jvm_memory_used_bytes,vets-service,10.42.1.123:8080,"{'__name__': 'jvm_memory_used_bytes', 'area': 'nonheap', 'id': ""CodeHeap 'non-nmethods'"", 'instance': '10.42.1.123:8080', 'job': 'spring-petclinic'}",1421312,same_network,3,300
2026-07-24T22:04:36.236013+00:00,2026-07-24T22:04:36.260000+00:00,jvm_memory_used_bytes,vets-service,10.42.1.124:8080,"{'__name__': 'jvm_memory_used_bytes', 'area': 'nonheap', 'id': ""CodeHeap 'non-nmethods'"", 'instance': '10.42.1.124:8080', 'job': 'spring-petclinic'}",1421184,same_network,3,300
2026-07-24T22:04:36.236013+00:00,2026-07-24T22:04:36.260000+00:00,jvm_memory_used_bytes,visits-service,10.42.1.125:8080,"{'__name__': 'jvm_memory_used_bytes', 'area': 'nonheap', 'id': ""CodeHeap 'non-nmethods'"", 'instance': '10.42.1.125:8080', 'job': 'spring-petclinic'}",1406592,same_network,3,300
2026-07-24T22:04:36.236013+00:00,2026-07-24T22:04:36.260000+00:00,jvm_memory_used_bytes,customers-service,10.42.1.126:8080,"{'__name__': 'jvm_memory_used_bytes', 'area': 'nonheap', 'id': ""CodeHeap 'non-nmethods'"", 'instance': '10.42.1.126:8080', 'job': 'spring-petclinic'}",1419136,same_network,3,300
2026-07-24T22:04:36.236013+00:00,2026-07-24T22:04:36.260000+00:00,jvm_memory_used_bytes,api-gateway,10.42.1.129:8080,"{'__name__': 'jvm_memory_used_bytes', 'area': 'nonheap', 'id': ""CodeHeap 'non-nmethods'"", 'instance': '10.42.1.129:8080', 'job': 'spring-petclinic'}",1390464,same_network,3,300
2026-07-24T22:04:36.236013+00:00,2026-07-24T22:04:36.260000+00:00,jvm_memory_used_bytes,customers-service,10.42.0.186:8080,"{'__name__': 'jvm_memory_used_bytes', 'area': 'nonheap', 'id': ""CodeHeap 'non-profiled nmethods'"", 'instance': '10.42.0.186:8080', 'job': 'spring-petclinic'}",20776192,same_network,3,300
2026-07-24T22:04:36.236013+00:00,2026-07-24T22:04:36.260000+00:00,jvm_memory_used_bytes,api-gateway,10.42.0.187:8080,"{'__name__': 'jvm_memory_used_bytes', 'area': 'nonheap', 'id': ""CodeHeap 'non-profiled nmethods'"", 'instance': '10.42.0.187:8080', 'job': 'spring-petclinic'}",18129024,same_network,3,300
2026-07-24T22:04:36.236013+00:00,2026-07-24T22:04:36.260000+00:00,jvm_memory_used_bytes,visits-service,10.42.1.122:8080,"{'__name__': 'jvm_memory_used_bytes', 'area': 'nonheap', 'id': ""CodeHeap 'non-profiled nmethods'"", 'instance': '10.42.1.122:8080', 'job': 'spring-petclinic'}",17490944,same_network,3,300
2026-07-24T22:04:36.236013+00:00,2026-07-24T22:04:36.260000+00:00,jvm_memory_used_bytes,vets-service,10.42.1.123:8080,"{'__name__': 'jvm_memory_used_bytes', 'area': 'nonheap', 'id': ""CodeHeap 'non-profiled nmethods'"", 'instance': '10.42.1.123:8080', 'job': 'spring-petclinic'}",18952576,same_network,3,300
2026-07-24T22:04:36.236013+00:00,2026-07-24T22:04:36.260000+00:00,jvm_memory_used_bytes,vets-service,10.42.1.124:8080,"{'__name__': 'jvm_memory_used_bytes', 'area': 'nonheap', 'id': ""CodeHeap 'non-profiled nmethods'"", 'instance': '10.42.1.124:8080', 'job': 'spring-petclinic'}",19862912,same_network,3,300
2026-07-24T22:04:36.236013+00:00,2026-07-24T22:04:36.260000+00:00,jvm_memory_used_bytes,visits-service,10.42.1.125:8080,"{'__name__': 'jvm_memory_used_bytes', 'area': 'nonheap', 'id': ""CodeHeap 'non-profiled nmethods'"", 'instance': '10.42.1.125:8080', 'job': 'spring-petclinic'}",17034112,same_network,3,300
2026-07-24T22:04:36.236013+00:00,2026-07-24T22:04:36.260000+00:00,jvm_memory_used_bytes,customers-service,10.42.1.126:8080,"{'__name__': 'jvm_memory_used_bytes', 'area': 'nonheap', 'id': ""CodeHeap 'non-profiled nmethods'"", 'instance': '10.42.1.126:8080', 'job': 'spring-petclinic'}",20677248,same_network,3,300
2026-07-24T22:04:36.236013+00:00,2026-07-24T22:04:36.260000+00:00,jvm_memory_used_bytes,api-gateway,10.42.1.129:8080,"{'__name__': 'jvm_memory_used_bytes', 'area': 'nonheap', 'id': ""CodeHeap 'non-profiled nmethods'"", 'instance': '10.42.1.129:8080', 'job': 'spring-petclinic'}",12626688,same_network,3,300
2026-07-24T22:04:36.236013+00:00,2026-07-24T22:04:36.260000+00:00,jvm_memory_used_bytes,customers-service,10.42.0.186:8080,"{'__name__': 'jvm_memory_used_bytes', 'area': 'nonheap', 'id': ""CodeHeap 'profiled nmethods'"", 'instance': '10.42.0.186:8080', 'job': 'spring-petclinic'}",23045376,same_network,3,300
2026-07-24T22:04:36.236013+00:00,2026-07-24T22:04:36.260000+00:00,jvm_memory_used_bytes,api-gateway,10.42.0.187:8080,"{'__name__': 'jvm_memory_used_bytes', 'area': 'nonheap', 'id': ""CodeHeap 'profiled nmethods'"", 'instance': '10.42.0.187:8080', 'job': 'spring-petclinic'}",23372416,same_network,3,300
2026-07-24T22:04:36.236013+00:00,2026-07-24T22:04:36.260000+00:00,jvm_memory_used_bytes,visits-service,10.42.1.122:8080,"{'__name__': 'jvm_memory_used_bytes', 'area': 'nonheap', 'id': ""CodeHeap 'profiled nmethods'"", 'instance': '10.42.1.122:8080', 'job': 'spring-petclinic'}",22339584,same_network,3,300
2026-07-24T22:04:36.236013+00:00,2026-07-24T22:04:36.260000+00:00,jvm_memory_used_bytes,vets-service,10.42.1.123:8080,"{'__name__': 'jvm_memory_used_bytes', 'area': 'nonheap', 'id': ""CodeHeap 'profiled nmethods'"", 'instance': '10.42.1.123:8080', 'job': 'spring-petclinic'}",24183040,same_network,3,300
2026-07-24T22:04:36.236013+00:00,2026-07-24T22:04:36.260000+00:00,jvm_memory_used_bytes,vets-service,10.42.1.124:8080,"{'__name__': 'jvm_memory_used_bytes', 'area': 'nonheap', 'id': ""CodeHeap 'profiled nmethods'"", 'instance': '10.42.1.124:8080', 'job': 'spring-petclinic'}",24022784,same_network,3,300
2026-07-24T22:04:36.236013+00:00,2026-07-24T22:04:36.260000+00:00,jvm_memory_used_bytes,visits-service,10.42.1.125:8080,"{'__name__': 'jvm_memory_used_bytes', 'area': 'nonheap', 'id': ""CodeHeap 'profiled nmethods'"", 'instance': '10.42.1.125:8080', 'job': 'spring-petclinic'}",21801344,same_network,3,300
2026-07-24T22:04:36.236013+00:00,2026-07-24T22:04:36.260000+00:00,jvm_memory_used_bytes,customers-service,10.42.1.126:8080,"{'__name__': 'jvm_memory_used_bytes', 'area': 'nonheap', 'id': ""CodeHeap 'profiled nmethods'"", 'instance': '10.42.1.126:8080', 'job': 'spring-petclinic'}",25359872,same_network,3,300
2026-07-24T22:04:36.236013+00:00,2026-07-24T22:04:36.260000+00:00,jvm_memory_used_bytes,api-gateway,10.42.1.129:8080,"{'__name__': 'jvm_memory_used_bytes', 'area': 'nonheap', 'id': ""CodeHeap 'profiled nmethods'"", 'instance': '10.42.1.129:8080', 'job': 'spring-petclinic'}",20020352,same_network,3,300
2026-07-24T22:04:36.236013+00:00,2026-07-24T22:04:36.260000+00:00,jvm_memory_used_bytes,customers-service,10.42.0.186:8080,"{'__name__': 'jvm_memory_used_bytes', 'area': 'nonheap', 'id': 'Compressed Class Space', 'instance': '10.42.0.186:8080', 'job': 'spring-petclinic'}",11546560,same_network,3,300
2026-07-24T22:04:36.236013+00:00,2026-07-24T22:04:36.260000+00:00,jvm_memory_used_bytes,api-gateway,10.42.0.187:8080,"{'__name__': 'jvm_memory_used_bytes', 'area': 'nonheap', 'id': 'Compressed Class Space', 'instance': '10.42.0.187:8080', 'job': 'spring-petclinic'}",9088144,same_network,3,300
2026-07-24T22:04:36.236013+00:00,2026-07-24T22:04:36.260000+00:00,jvm_memory_used_bytes,visits-service,10.42.1.122:8080,"{'__name__': 'jvm_memory_used_bytes', 'area': 'nonheap', 'id': 'Compressed Class Space', 'instance': '10.42.1.122:8080', 'job': 'spring-petclinic'}",11336592,same_network,3,300
2026-07-24T22:04:36.236013+00:00,2026-07-24T22:04:36.260000+00:00,jvm_memory_used_bytes,vets-service,10.42.1.123:8080,"{'__name__': 'jvm_memory_used_bytes', 'area': 'nonheap', 'id': 'Compressed Class Space', 'instance': '10.42.1.123:8080', 'job': 'spring-petclinic'}",11433560,same_network,3,300
2026-07-24T22:04:36.236013+00:00,2026-07-24T22:04:36.260000+00:00,jvm_memory_used_bytes,vets-service,10.42.1.124:8080,"{'__name__': 'jvm_memory_used_bytes', 'area': 'nonheap', 'id': 'Compressed Class Space', 'instance': '10.42.1.124:8080', 'job': 'spring-petclinic'}",11416720,same_network,3,300
2026-07-24T22:04:36.236013+00:00,2026-07-24T22:04:36.260000+00:00,jvm_memory_used_bytes,visits-service,10.42.1.125:8080,"{'__name__': 'jvm_memory_used_bytes', 'area': 'nonheap', 'id': 'Compressed Class Space', 'instance': '10.42.1.125:8080', 'job': 'spring-petclinic'}",11356112,same_network,3,300
2026-07-24T22:04:36.236013+00:00,2026-07-24T22:04:36.260000+00:00,jvm_memory_used_bytes,customers-service,10.42.1.126:8080,"{'__name__': 'jvm_memory_used_bytes', 'area': 'nonheap', 'id': 'Compressed Class Space', 'instance': '10.42.1.126:8080', 'job': 'spring-petclinic'}",11512648,same_network,3,300
2026-07-24T22:04:36.236013+00:00,2026-07-24T22:04:36.260000+00:00,jvm_memory_used_bytes,api-gateway,10.42.1.129:8080,"{'__name__': 'jvm_memory_used_bytes', 'area': 'nonheap', 'id': 'Compressed Class Space', 'instance': '10.42.1.129:8080', 'job': 'spring-petclinic'}",9076040,same_network,3,300
2026-07-24T22:04:36.236013+00:00,2026-07-24T22:04:36.260000+00:00,jvm_memory_used_bytes,customers-service,10.42.0.186:8080,"{'__name__': 'jvm_memory_used_bytes', 'area': 'nonheap', 'id': 'Metaspace', 'instance': '10.42.0.186:8080', 'job': 'spring-petclinic'}",90995672,same_network,3,300
2026-07-24T22:04:36.236013+00:00,2026-07-24T22:04:36.260000+00:00,jvm_memory_used_bytes,api-gateway,10.42.0.187:8080,"{'__name__': 'jvm_memory_used_bytes', 'area': 'nonheap', 'id': 'Metaspace', 'instance': '10.42.0.187:8080', 'job': 'spring-petclinic'}",73692024,same_network,3,300
2026-07-24T22:04:36.236013+00:00,2026-07-24T22:04:36.260000+00:00,jvm_memory_used_bytes,visits-service,10.42.1.122:8080,"{'__name__': 'jvm_memory_used_bytes', 'area': 'nonheap', 'id': 'Metaspace', 'instance': '10.42.1.122:8080', 'job': 'spring-petclinic'}",89062040,same_network,3,300
2026-07-24T22:04:36.236013+00:00,2026-07-24T22:04:36.260000+00:00,jvm_memory_used_bytes,vets-service,10.42.1.123:8080,"{'__name__': 'jvm_memory_used_bytes', 'area': 'nonheap', 'id': 'Metaspace', 'instance': '10.42.1.123:8080', 'job': 'spring-petclinic'}",90168232,same_network,3,300
2026-07-24T22:04:36.236013+00:00,2026-07-24T22:04:36.260000+00:00,jvm_memory_used_bytes,vets-service,10.42.1.124:8080,"{'__name__': 'jvm_memory_used_bytes', 'area': 'nonheap', 'id': 'Metaspace', 'instance': '10.42.1.124:8080', 'job': 'spring-petclinic'}",90355096,same_network,3,300
2026-07-24T22:04:36.236013+00:00,2026-07-24T22:04:36.260000+00:00,jvm_memory_used_bytes,visits-service,10.42.1.125:8080,"{'__name__': 'jvm_memory_used_bytes', 'area': 'nonheap', 'id': 'Metaspace', 'instance': '10.42.1.125:8080', 'job': 'spring-petclinic'}",89128592,same_network,3,300
2026-07-24T22:04:36.236013+00:00,2026-07-24T22:04:36.260000+00:00,jvm_memory_used_bytes,customers-service,10.42.1.126:8080,"{'__name__': 'jvm_memory_used_bytes', 'area': 'nonheap', 'id': 'Metaspace', 'instance': '10.42.1.126:8080', 'job': 'spring-petclinic'}",90860440,same_network,3,300
2026-07-24T22:04:36.236013+00:00,2026-07-24T22:04:36.260000+00:00,jvm_memory_used_bytes,api-gateway,10.42.1.129:8080,"{'__name__': 'jvm_memory_used_bytes', 'area': 'nonheap', 'id': 'Metaspace', 'instance': '10.42.1.129:8080', 'job': 'spring-petclinic'}",71707544,same_network,3,300
2026-07-24T22:04:36.236013+00:00,2026-07-24T22:04:36.269000+00:00,jvm_memory_committed_bytes,api-gateway,10.42.0.187:8080,"{'__name__': 'jvm_memory_committed_bytes', 'area': 'heap', 'id': 'Eden Space', 'instance': '10.42.0.187:8080', 'job': 'spring-petclinic'}",71630848,same_network,3,300
2026-07-24T22:04:36.236013+00:00,2026-07-24T22:04:36.269000+00:00,jvm_memory_committed_bytes,api-gateway,10.42.1.129:8080,"{'__name__': 'jvm_memory_committed_bytes', 'area': 'heap', 'id': 'Eden Space', 'instance': '10.42.1.129:8080', 'job': 'spring-petclinic'}",35586048,same_network,3,300
2026-07-24T22:04:36.236013+00:00,2026-07-24T22:04:36.269000+00:00,jvm_memory_committed_bytes,customers-service,10.42.0.186:8080,"{'__name__': 'jvm_memory_committed_bytes', 'area': 'heap', 'id': 'G1 Eden Space', 'instance': '10.42.0.186:8080', 'job': 'spring-petclinic'}",226492416,same_network,3,300
2026-07-24T22:04:36.236013+00:00,2026-07-24T22:04:36.269000+00:00,jvm_memory_committed_bytes,visits-service,10.42.1.122:8080,"{'__name__': 'jvm_memory_committed_bytes', 'area': 'heap', 'id': 'G1 Eden Space', 'instance': '10.42.1.122:8080', 'job': 'spring-petclinic'}",230686720,same_network,3,300
2026-07-24T22:04:36.236013+00:00,2026-07-24T22:04:36.269000+00:00,jvm_memory_committed_bytes,vets-service,10.42.1.123:8080,"{'__name__': 'jvm_memory_committed_bytes', 'area': 'heap', 'id': 'G1 Eden Space', 'instance': '10.42.1.123:8080', 'job': 'spring-petclinic'}",289406976,same_network,3,300
2026-07-24T22:04:36.236013+00:00,2026-07-24T22:04:36.269000+00:00,jvm_memory_committed_bytes,vets-service,10.42.1.124:8080,"{'__name__': 'jvm_memory_committed_bytes', 'area': 'heap', 'id': 'G1 Eden Space', 'instance': '10.42.1.124:8080', 'job': 'spring-petclinic'}",125829120,same_network,3,300
2026-07-24T22:04:36.236013+00:00,2026-07-24T22:04:36.269000+00:00,jvm_memory_committed_bytes,visits-service,10.42.1.125:8080,"{'__name__': 'jvm_memory_committed_bytes', 'area': 'heap', 'id': 'G1 Eden Space', 'instance': '10.42.1.125:8080', 'job': 'spring-petclinic'}",121634816,same_network,3,300
2026-07-24T22:04:36.236013+00:00,2026-07-24T22:04:36.269000+00:00,jvm_memory_committed_bytes,customers-service,10.42.1.126:8080,"{'__name__': 'jvm_memory_committed_bytes', 'area': 'heap', 'id': 'G1 Eden Space', 'instance': '10.42.1.126:8080', 'job': 'spring-petclinic'}",373293056,same_network,3,300
2026-07-24T22:04:36.236013+00:00,2026-07-24T22:04:36.269000+00:00,jvm_memory_committed_bytes,customers-service,10.42.0.186:8080,"{'__name__': 'jvm_memory_committed_bytes', 'area': 'heap', 'id': 'G1 Old Gen', 'instance': '10.42.0.186:8080', 'job': 'spring-petclinic'}",218103808,same_network,3,300
2026-07-24T22:04:36.236013+00:00,2026-07-24T22:04:36.269000+00:00,jvm_memory_committed_bytes,visits-service,10.42.1.122:8080,"{'__name__': 'jvm_memory_committed_bytes', 'area': 'heap', 'id': 'G1 Old Gen', 'instance': '10.42.1.122:8080', 'job': 'spring-petclinic'}",146800640,same_network,3,300
2026-07-24T22:04:36.236013+00:00,2026-07-24T22:04:36.269000+00:00,jvm_memory_committed_bytes,vets-service,10.42.1.123:8080,"{'__name__': 'jvm_memory_committed_bytes', 'area': 'heap', 'id': 'G1 Old Gen', 'instance': '10.42.1.123:8080', 'job': 'spring-petclinic'}",176160768,same_network,3,300
2026-07-24T22:04:36.236013+00:00,2026-07-24T22:04:36.269000+00:00,jvm_memory_committed_bytes,vets-service,10.42.1.124:8080,"{'__name__': 'jvm_memory_committed_bytes', 'area': 'heap', 'id': 'G1 Old Gen', 'instance': '10.42.1.124:8080', 'job': 'spring-petclinic'}",163577856,same_network,3,300
2026-07-24T22:04:36.236013+00:00,2026-07-24T22:04:36.269000+00:00,jvm_memory_committed_bytes,visits-service,10.42.1.125:8080,"{'__name__': 'jvm_memory_committed_bytes', 'area': 'heap', 'id': 'G1 Old Gen', 'instance': '10.42.1.125:8080', 'job': 'spring-petclinic'}",121634816,same_network,3,300
2026-07-24T22:04:36.236013+00:00,2026-07-24T22:04:36.269000+00:00,jvm_memory_committed_bytes,customers-service,10.42.1.126:8080,"{'__name__': 'jvm_memory_committed_bytes', 'area': 'heap', 'id': 'G1 Old Gen', 'instance': '10.42.1.126:8080', 'job': 'spring-petclinic'}",222298112,same_network,3,300
2026-07-24T22:04:36.236013+00:00,2026-07-24T22:04:36.269000+00:00,jvm_memory_committed_bytes,customers-service,10.42.0.186:8080,"{'__name__': 'jvm_memory_committed_bytes', 'area': 'heap', 'id': 'G1 Survivor Space', 'instance': '10.42.0.186:8080', 'job': 'spring-petclinic'}",12582912,same_network,3,300
2026-07-24T22:04:36.236013+00:00,2026-07-24T22:04:36.269000+00:00,jvm_memory_committed_bytes,visits-service,10.42.1.122:8080,"{'__name__': 'jvm_memory_committed_bytes', 'area': 'heap', 'id': 'G1 Survivor Space', 'instance': '10.42.1.122:8080', 'job': 'spring-petclinic'}",16777216,same_network,3,300
2026-07-24T22:04:36.236013+00:00,2026-07-24T22:04:36.269000+00:00,jvm_memory_committed_bytes,vets-service,10.42.1.123:8080,"{'__name__': 'jvm_memory_committed_bytes', 'area': 'heap', 'id': 'G1 Survivor Space', 'instance': '10.42.1.123:8080', 'job': 'spring-petclinic'}",12582912,same_network,3,300
2026-07-24T22:04:36.236013+00:00,2026-07-24T22:04:36.269000+00:00,jvm_memory_committed_bytes,vets-service,10.42.1.124:8080,"{'__name__': 'jvm_memory_committed_bytes', 'area': 'heap', 'id': 'G1 Survivor Space', 'instance': '10.42.1.124:8080', 'job': 'spring-petclinic'}",12582912,same_network,3,300
2026-07-24T22:04:36.236013+00:00,2026-07-24T22:04:36.269000+00:00,jvm_memory_committed_bytes,visits-service,10.42.1.125:8080,"{'__name__': 'jvm_memory_committed_bytes', 'area': 'heap', 'id': 'G1 Survivor Space', 'instance': '10.42.1.125:8080', 'job': 'spring-petclinic'}",8388608,same_network,3,300
2026-07-24T22:04:36.236013+00:00,2026-07-24T22:04:36.269000+00:00,jvm_memory_committed_bytes,customers-service,10.42.1.126:8080,"{'__name__': 'jvm_memory_committed_bytes', 'area': 'heap', 'id': 'G1 Survivor Space', 'instance': '10.42.1.126:8080', 'job': 'spring-petclinic'}",12582912,same_network,3,300
2026-07-24T22:04:36.236013+00:00,2026-07-24T22:04:36.269000+00:00,jvm_memory_committed_bytes,api-gateway,10.42.0.187:8080,"{'__name__': 'jvm_memory_committed_bytes', 'area': 'heap', 'id': 'Survivor Space', 'instance': '10.42.0.187:8080', 'job': 'spring-petclinic'}",8912896,same_network,3,300
2026-07-24T22:04:36.236013+00:00,2026-07-24T22:04:36.269000+00:00,jvm_memory_committed_bytes,api-gateway,10.42.1.129:8080,"{'__name__': 'jvm_memory_committed_bytes', 'area': 'heap', 'id': 'Survivor Space', 'instance': '10.42.1.129:8080', 'job': 'spring-petclinic'}",4390912,same_network,3,300
2026-07-24T22:04:36.236013+00:00,2026-07-24T22:04:36.269000+00:00,jvm_memory_committed_bytes,api-gateway,10.42.0.187:8080,"{'__name__': 'jvm_memory_committed_bytes', 'area': 'heap', 'id': 'Tenured Gen', 'instance': '10.42.0.187:8080', 'job': 'spring-petclinic'}",178978816,same_network,3,300
2026-07-24T22:04:36.236013+00:00,2026-07-24T22:04:36.269000+00:00,jvm_memory_committed_bytes,api-gateway,10.42.1.129:8080,"{'__name__': 'jvm_memory_committed_bytes', 'area': 'heap', 'id': 'Tenured Gen', 'instance': '10.42.1.129:8080', 'job': 'spring-petclinic'}",88530944,same_network,3,300
2026-07-24T22:04:36.236013+00:00,2026-07-24T22:04:36.269000+00:00,jvm_memory_committed_bytes,customers-service,10.42.0.186:8080,"{'__name__': 'jvm_memory_committed_bytes', 'area': 'nonheap', 'id': ""CodeHeap 'non-nmethods'"", 'instance': '10.42.0.186:8080', 'job': 'spring-petclinic'}",2555904,same_network,3,300
2026-07-24T22:04:36.236013+00:00,2026-07-24T22:04:36.269000+00:00,jvm_memory_committed_bytes,api-gateway,10.42.0.187:8080,"{'__name__': 'jvm_memory_committed_bytes', 'area': 'nonheap', 'id': ""CodeHeap 'non-nmethods'"", 'instance': '10.42.0.187:8080', 'job': 'spring-petclinic'}",2555904,same_network,3,300
2026-07-24T22:04:36.236013+00:00,2026-07-24T22:04:36.269000+00:00,jvm_memory_committed_bytes,visits-service,10.42.1.122:8080,"{'__name__': 'jvm_memory_committed_bytes', 'area': 'nonheap', 'id': ""CodeHeap 'non-nmethods'"", 'instance': '10.42.1.122:8080', 'job': 'spring-petclinic'}",2555904,same_network,3,300
2026-07-24T22:04:36.236013+00:00,2026-07-24T22:04:36.269000+00:00,jvm_memory_committed_bytes,vets-service,10.42.1.123:8080,"{'__name__': 'jvm_memory_committed_bytes', 'area': 'nonheap', 'id': ""CodeHeap 'non-nmethods'"", 'instance': '10.42.1.123:8080', 'job': 'spring-petclinic'}",2555904,same_network,3,300
2026-07-24T22:04:36.236013+00:00,2026-07-24T22:04:36.269000+00:00,jvm_memory_committed_bytes,vets-service,10.42.1.124:8080,"{'__name__': 'jvm_memory_committed_bytes', 'area': 'nonheap', 'id': ""CodeHeap 'non-nmethods'"", 'instance': '10.42.1.124:8080', 'job': 'spring-petclinic'}",2555904,same_network,3,300
2026-07-24T22:04:36.236013+00:00,2026-07-24T22:04:36.269000+00:00,jvm_memory_committed_bytes,visits-service,10.42.1.125:8080,"{'__name__': 'jvm_memory_committed_bytes', 'area': 'nonheap', 'id': ""CodeHeap 'non-nmethods'"", 'instance': '10.42.1.125:8080', 'job': 'spring-petclinic'}",2555904,same_network,3,300
2026-07-24T22:04:36.236013+00:00,2026-07-24T22:04:36.269000+00:00,jvm_memory_committed_bytes,customers-service,10.42.1.126:8080,"{'__name__': 'jvm_memory_committed_bytes', 'area': 'nonheap', 'id': ""CodeHeap 'non-nmethods'"", 'instance': '10.42.1.126:8080', 'job': 'spring-petclinic'}",2555904,same_network,3,300
2026-07-24T22:04:36.236013+00:00,2026-07-24T22:04:36.269000+00:00,jvm_memory_committed_bytes,api-gateway,10.42.1.129:8080,"{'__name__': 'jvm_memory_committed_bytes', 'area': 'nonheap', 'id': ""CodeHeap 'non-nmethods'"", 'instance': '10.42.1.129:8080', 'job': 'spring-petclinic'}",2555904,same_network,3,300
2026-07-24T22:04:36.236013+00:00,2026-07-24T22:04:36.269000+00:00,jvm_memory_committed_bytes,customers-service,10.42.0.186:8080,"{'__name__': 'jvm_memory_committed_bytes', 'area': 'nonheap', 'id': ""CodeHeap 'non-profiled nmethods'"", 'instance': '10.42.0.186:8080', 'job': 'spring-petclinic'}",21561344,same_network,3,300
2026-07-24T22:04:36.236013+00:00,2026-07-24T22:04:36.269000+00:00,jvm_memory_committed_bytes,api-gateway,10.42.0.187:8080,"{'__name__': 'jvm_memory_committed_bytes', 'area': 'nonheap', 'id': ""CodeHeap 'non-profiled nmethods'"", 'instance': '10.42.0.187:8080', 'job': 'spring-petclinic'}",18808832,same_network,3,300
2026-07-24T22:04:36.236013+00:00,2026-07-24T22:04:36.269000+00:00,jvm_memory_committed_bytes,visits-service,10.42.1.122:8080,"{'__name__': 'jvm_memory_committed_bytes', 'area': 'nonheap', 'id': ""CodeHeap 'non-profiled nmethods'"", 'instance': '10.42.1.122:8080', 'job': 'spring-petclinic'}",17498112,same_network,3,300
2026-07-24T22:04:36.236013+00:00,2026-07-24T22:04:36.269000+00:00,jvm_memory_committed_bytes,vets-service,10.42.1.123:8080,"{'__name__': 'jvm_memory_committed_bytes', 'area': 'nonheap', 'id': ""CodeHeap 'non-profiled nmethods'"", 'instance': '10.42.1.123:8080', 'job': 'spring-petclinic'}",19005440,same_network,3,300
2026-07-24T22:04:36.236013+00:00,2026-07-24T22:04:36.269000+00:00,jvm_memory_committed_bytes,vets-service,10.42.1.124:8080,"{'__name__': 'jvm_memory_committed_bytes', 'area': 'nonheap', 'id': ""CodeHeap 'non-profiled nmethods'"", 'instance': '10.42.1.124:8080', 'job': 'spring-petclinic'}",19922944,same_network,3,300
2026-07-24T22:04:36.236013+00:00,2026-07-24T22:04:36.269000+00:00,jvm_memory_committed_bytes,visits-service,10.42.1.125:8080,"{'__name__': 'jvm_memory_committed_bytes', 'area': 'nonheap', 'id': ""CodeHeap 'non-profiled nmethods'"", 'instance': '10.42.1.125:8080', 'job': 'spring-petclinic'}",17039360,same_network,3,300
2026-07-24T22:04:36.236013+00:00,2026-07-24T22:04:36.269000+00:00,jvm_memory_committed_bytes,customers-service,10.42.1.126:8080,"{'__name__': 'jvm_memory_committed_bytes', 'area': 'nonheap', 'id': ""CodeHeap 'non-profiled nmethods'"", 'instance': '10.42.1.126:8080', 'job': 'spring-petclinic'}",20709376,same_network,3,300
2026-07-24T22:04:36.236013+00:00,2026-07-24T22:04:36.269000+00:00,jvm_memory_committed_bytes,api-gateway,10.42.1.129:8080,"{'__name__': 'jvm_memory_committed_bytes', 'area': 'nonheap', 'id': ""CodeHeap 'non-profiled nmethods'"", 'instance': '10.42.1.129:8080', 'job': 'spring-petclinic'}",12648448,same_network,3,300
2026-07-24T22:04:36.236013+00:00,2026-07-24T22:04:36.269000+00:00,jvm_memory_committed_bytes,customers-service,10.42.0.186:8080,"{'__name__': 'jvm_memory_committed_bytes', 'area': 'nonheap', 'id': ""CodeHeap 'profiled nmethods'"", 'instance': '10.42.0.186:8080', 'job': 'spring-petclinic'}",25493504,same_network,3,300
2026-07-24T22:04:36.236013+00:00,2026-07-24T22:04:36.269000+00:00,jvm_memory_committed_bytes,api-gateway,10.42.0.187:8080,"{'__name__': 'jvm_memory_committed_bytes', 'area': 'nonheap', 'id': ""CodeHeap 'profiled nmethods'"", 'instance': '10.42.0.187:8080', 'job': 'spring-petclinic'}",24313856,same_network,3,300
2026-07-24T22:04:36.236013+00:00,2026-07-24T22:04:36.269000+00:00,jvm_memory_committed_bytes,visits-service,10.42.1.122:8080,"{'__name__': 'jvm_memory_committed_bytes', 'area': 'nonheap', 'id': ""CodeHeap 'profiled nmethods'"", 'instance': '10.42.1.122:8080', 'job': 'spring-petclinic'}",24313856,same_network,3,300
2026-07-24T22:04:36.236013+00:00,2026-07-24T22:04:36.269000+00:00,jvm_memory_committed_bytes,vets-service,10.42.1.123:8080,"{'__name__': 'jvm_memory_committed_bytes', 'area': 'nonheap', 'id': ""CodeHeap 'profiled nmethods'"", 'instance': '10.42.1.123:8080', 'job': 'spring-petclinic'}",26214400,same_network,3,300
2026-07-24T22:04:36.236013+00:00,2026-07-24T22:04:36.269000+00:00,jvm_memory_committed_bytes,vets-service,10.42.1.124:8080,"{'__name__': 'jvm_memory_committed_bytes', 'area': 'nonheap', 'id': ""CodeHeap 'profiled nmethods'"", 'instance': '10.42.1.124:8080', 'job': 'spring-petclinic'}",26542080,same_network,3,300
2026-07-24T22:04:36.236013+00:00,2026-07-24T22:04:36.269000+00:00,jvm_memory_committed_bytes,visits-service,10.42.1.125:8080,"{'__name__': 'jvm_memory_committed_bytes', 'area': 'nonheap', 'id': ""CodeHeap 'profiled nmethods'"", 'instance': '10.42.1.125:8080', 'job': 'spring-petclinic'}",24182784,same_network,3,300
2026-07-24T22:04:36.236013+00:00,2026-07-24T22:04:36.269000+00:00,jvm_memory_committed_bytes,customers-service,10.42.1.126:8080,"{'__name__': 'jvm_memory_committed_bytes', 'area': 'nonheap', 'id': ""CodeHeap 'profiled nmethods'"", 'instance': '10.42.1.126:8080', 'job': 'spring-petclinic'}",26279936,same_network,3,300
2026-07-24T22:04:36.236013+00:00,2026-07-24T22:04:36.269000+00:00,jvm_memory_committed_bytes,api-gateway,10.42.1.129:8080,"{'__name__': 'jvm_memory_committed_bytes', 'area': 'nonheap', 'id': ""CodeHeap 'profiled nmethods'"", 'instance': '10.42.1.129:8080', 'job': 'spring-petclinic'}",23855104,same_network,3,300
2026-07-24T22:04:36.236013+00:00,2026-07-24T22:04:36.269000+00:00,jvm_memory_committed_bytes,customers-service,10.42.0.186:8080,"{'__name__': 'jvm_memory_committed_bytes', 'area': 'nonheap', 'id': 'Compressed Class Space', 'instance': '10.42.0.186:8080', 'job': 'spring-petclinic'}",11796480,same_network,3,300
2026-07-24T22:04:36.236013+00:00,2026-07-24T22:04:36.269000+00:00,jvm_memory_committed_bytes,api-gateway,10.42.0.187:8080,"{'__name__': 'jvm_memory_committed_bytes', 'area': 'nonheap', 'id': 'Compressed Class Space', 'instance': '10.42.0.187:8080', 'job': 'spring-petclinic'}",9306112,same_network,3,300
2026-07-24T22:04:36.236013+00:00,2026-07-24T22:04:36.269000+00:00,jvm_memory_committed_bytes,visits-service,10.42.1.122:8080,"{'__name__': 'jvm_memory_committed_bytes', 'area': 'nonheap', 'id': 'Compressed Class Space', 'instance': '10.42.1.122:8080', 'job': 'spring-petclinic'}",11599872,same_network,3,300
2026-07-24T22:04:36.236013+00:00,2026-07-24T22:04:36.269000+00:00,jvm_memory_committed_bytes,vets-service,10.42.1.123:8080,"{'__name__': 'jvm_memory_committed_bytes', 'area': 'nonheap', 'id': 'Compressed Class Space', 'instance': '10.42.1.123:8080', 'job': 'spring-petclinic'}",11665408,same_network,3,300
2026-07-24T22:04:36.236013+00:00,2026-07-24T22:04:36.269000+00:00,jvm_memory_committed_bytes,vets-service,10.42.1.124:8080,"{'__name__': 'jvm_memory_committed_bytes', 'area': 'nonheap', 'id': 'Compressed Class Space', 'instance': '10.42.1.124:8080', 'job': 'spring-petclinic'}",11665408,same_network,3,300
2026-07-24T22:04:36.236013+00:00,2026-07-24T22:04:36.269000+00:00,jvm_memory_committed_bytes,visits-service,10.42.1.125:8080,"{'__name__': 'jvm_memory_committed_bytes', 'area': 'nonheap', 'id': 'Compressed Class Space', 'instance': '10.42.1.125:8080', 'job': 'spring-petclinic'}",11599872,same_network,3,300
2026-07-24T22:04:36.236013+00:00,2026-07-24T22:04:36.269000+00:00,jvm_memory_committed_bytes,customers-service,10.42.1.126:8080,"{'__name__': 'jvm_memory_committed_bytes', 'area': 'nonheap', 'id': 'Compressed Class Space', 'instance': '10.42.1.126:8080', 'job': 'spring-petclinic'}",11796480,same_network,3,300
2026-07-24T22:04:36.236013+00:00,2026-07-24T22:04:36.269000+00:00,jvm_memory_committed_bytes,api-gateway,10.42.1.129:8080,"{'__name__': 'jvm_memory_committed_bytes', 'area': 'nonheap', 'id': 'Compressed Class Space', 'instance': '10.42.1.129:8080', 'job': 'spring-petclinic'}",9371648,same_network,3,300
2026-07-24T22:04:36.236013+00:00,2026-07-24T22:04:36.269000+00:00,jvm_memory_committed_bytes,customers-service,10.42.0.186:8080,"{'__name__': 'jvm_memory_committed_bytes', 'area': 'nonheap', 'id': 'Metaspace', 'instance': '10.42.0.186:8080', 'job': 'spring-petclinic'}",91488256,same_network,3,300
2026-07-24T22:04:36.236013+00:00,2026-07-24T22:04:36.269000+00:00,jvm_memory_committed_bytes,api-gateway,10.42.0.187:8080,"{'__name__': 'jvm_memory_committed_bytes', 'area': 'nonheap', 'id': 'Metaspace', 'instance': '10.42.0.187:8080', 'job': 'spring-petclinic'}",74121216,same_network,3,300
2026-07-24T22:04:36.236013+00:00,2026-07-24T22:04:36.269000+00:00,jvm_memory_committed_bytes,visits-service,10.42.1.122:8080,"{'__name__': 'jvm_memory_committed_bytes', 'area': 'nonheap', 'id': 'Metaspace', 'instance': '10.42.1.122:8080', 'job': 'spring-petclinic'}",89587712,same_network,3,300
2026-07-24T22:04:36.236013+00:00,2026-07-24T22:04:36.269000+00:00,jvm_memory_committed_bytes,vets-service,10.42.1.123:8080,"{'__name__': 'jvm_memory_committed_bytes', 'area': 'nonheap', 'id': 'Metaspace', 'instance': '10.42.1.123:8080', 'job': 'spring-petclinic'}",90701824,same_network,3,300
2026-07-24T22:04:36.236013+00:00,2026-07-24T22:04:36.269000+00:00,jvm_memory_committed_bytes,vets-service,10.42.1.124:8080,"{'__name__': 'jvm_memory_committed_bytes', 'area': 'nonheap', 'id': 'Metaspace', 'instance': '10.42.1.124:8080', 'job': 'spring-petclinic'}",90898432,same_network,3,300
2026-07-24T22:04:36.236013+00:00,2026-07-24T22:04:36.269000+00:00,jvm_memory_committed_bytes,visits-service,10.42.1.125:8080,"{'__name__': 'jvm_memory_committed_bytes', 'area': 'nonheap', 'id': 'Metaspace', 'instance': '10.42.1.125:8080', 'job': 'spring-petclinic'}",89653248,same_network,3,300
2026-07-24T22:04:36.236013+00:00,2026-07-24T22:04:36.269000+00:00,jvm_memory_committed_bytes,customers-service,10.42.1.126:8080,"{'__name__': 'jvm_memory_committed_bytes', 'area': 'nonheap', 'id': 'Metaspace', 'instance': '10.42.1.126:8080', 'job': 'spring-petclinic'}",91422720,same_network,3,300
2026-07-24T22:04:36.236013+00:00,2026-07-24T22:04:36.269000+00:00,jvm_memory_committed_bytes,api-gateway,10.42.1.129:8080,"{'__name__': 'jvm_memory_committed_bytes', 'area': 'nonheap', 'id': 'Metaspace', 'instance': '10.42.1.129:8080', 'job': 'spring-petclinic'}",72351744,same_network,3,300
2026-07-24T22:04:36.236013+00:00,2026-07-24T22:04:36.278000+00:00,jvm_memory_max_bytes,api-gateway,10.42.0.187:8080,"{'__name__': 'jvm_memory_max_bytes', 'area': 'heap', 'id': 'Eden Space', 'instance': '10.42.0.187:8080', 'job': 'spring-petclinic'}",71630848,same_network,3,300
2026-07-24T22:04:36.236013+00:00,2026-07-24T22:04:36.278000+00:00,jvm_memory_max_bytes,api-gateway,10.42.1.129:8080,"{'__name__': 'jvm_memory_max_bytes', 'area': 'heap', 'id': 'Eden Space', 'instance': '10.42.1.129:8080', 'job': 'spring-petclinic'}",71630848,same_network,3,300
2026-07-24T22:04:36.236013+00:00,2026-07-24T22:04:36.278000+00:00,jvm_memory_max_bytes,customers-service,10.42.0.186:8080,"{'__name__': 'jvm_memory_max_bytes', 'area': 'heap', 'id': 'G1 Eden Space', 'instance': '10.42.0.186:8080', 'job': 'spring-petclinic'}",-1,same_network,3,300
2026-07-24T22:04:36.236013+00:00,2026-07-24T22:04:36.278000+00:00,jvm_memory_max_bytes,visits-service,10.42.1.122:8080,"{'__name__': 'jvm_memory_max_bytes', 'area': 'heap', 'id': 'G1 Eden Space', 'instance': '10.42.1.122:8080', 'job': 'spring-petclinic'}",-1,same_network,3,300
2026-07-24T22:04:36.236013+00:00,2026-07-24T22:04:36.278000+00:00,jvm_memory_max_bytes,vets-service,10.42.1.123:8080,"{'__name__': 'jvm_memory_max_bytes', 'area': 'heap', 'id': 'G1 Eden Space', 'instance': '10.42.1.123:8080', 'job': 'spring-petclinic'}",-1,same_network,3,300
2026-07-24T22:04:36.236013+00:00,2026-07-24T22:04:36.278000+00:00,jvm_memory_max_bytes,vets-service,10.42.1.124:8080,"{'__name__': 'jvm_memory_max_bytes', 'area': 'heap', 'id': 'G1 Eden Space', 'instance': '10.42.1.124:8080', 'job': 'spring-petclinic'}",-1,same_network,3,300
2026-07-24T22:04:36.236013+00:00,2026-07-24T22:04:36.278000+00:00,jvm_memory_max_bytes,visits-service,10.42.1.125:8080,"{'__name__': 'jvm_memory_max_bytes', 'area': 'heap', 'id': 'G1 Eden Space', 'instance': '10.42.1.125:8080', 'job': 'spring-petclinic'}",-1,same_network,3,300
2026-07-24T22:04:36.236013+00:00,2026-07-24T22:04:36.278000+00:00,jvm_memory_max_bytes,customers-service,10.42.1.126:8080,"{'__name__': 'jvm_memory_max_bytes', 'area': 'heap', 'id': 'G1 Eden Space', 'instance': '10.42.1.126:8080', 'job': 'spring-petclinic'}",-1,same_network,3,300
2026-07-24T22:04:36.236013+00:00,2026-07-24T22:04:36.278000+00:00,jvm_memory_max_bytes,customers-service,10.42.0.186:8080,"{'__name__': 'jvm_memory_max_bytes', 'area': 'heap', 'id': 'G1 Old Gen', 'instance': '10.42.0.186:8080', 'job': 'spring-petclinic'}",6249512960,same_network,3,300
2026-07-24T22:04:36.236013+00:00,2026-07-24T22:04:36.278000+00:00,jvm_memory_max_bytes,visits-service,10.42.1.122:8080,"{'__name__': 'jvm_memory_max_bytes', 'area': 'heap', 'id': 'G1 Old Gen', 'instance': '10.42.1.122:8080', 'job': 'spring-petclinic'}",6144655360,same_network,3,300
2026-07-24T22:04:36.236013+00:00,2026-07-24T22:04:36.278000+00:00,jvm_memory_max_bytes,vets-service,10.42.1.123:8080,"{'__name__': 'jvm_memory_max_bytes', 'area': 'heap', 'id': 'G1 Old Gen', 'instance': '10.42.1.123:8080', 'job': 'spring-petclinic'}",6144655360,same_network,3,300
2026-07-24T22:04:36.236013+00:00,2026-07-24T22:04:36.278000+00:00,jvm_memory_max_bytes,vets-service,10.42.1.124:8080,"{'__name__': 'jvm_memory_max_bytes', 'area': 'heap', 'id': 'G1 Old Gen', 'instance': '10.42.1.124:8080', 'job': 'spring-petclinic'}",6144655360,same_network,3,300
2026-07-24T22:04:36.236013+00:00,2026-07-24T22:04:36.278000+00:00,jvm_memory_max_bytes,visits-service,10.42.1.125:8080,"{'__name__': 'jvm_memory_max_bytes', 'area': 'heap', 'id': 'G1 Old Gen', 'instance': '10.42.1.125:8080', 'job': 'spring-petclinic'}",6144655360,same_network,3,300
2026-07-24T22:04:36.236013+00:00,2026-07-24T22:04:36.278000+00:00,jvm_memory_max_bytes,customers-service,10.42.1.126:8080,"{'__name__': 'jvm_memory_max_bytes', 'area': 'heap', 'id': 'G1 Old Gen', 'instance': '10.42.1.126:8080', 'job': 'spring-petclinic'}",6144655360,same_network,3,300
2026-07-24T22:04:36.236013+00:00,2026-07-24T22:04:36.278000+00:00,jvm_memory_max_bytes,customers-service,10.42.0.186:8080,"{'__name__': 'jvm_memory_max_bytes', 'area': 'heap', 'id': 'G1 Survivor Space', 'instance': '10.42.0.186:8080', 'job': 'spring-petclinic'}",-1,same_network,3,300
2026-07-24T22:04:36.236013+00:00,2026-07-24T22:04:36.278000+00:00,jvm_memory_max_bytes,visits-service,10.42.1.122:8080,"{'__name__': 'jvm_memory_max_bytes', 'area': 'heap', 'id': 'G1 Survivor Space', 'instance': '10.42.1.122:8080', 'job': 'spring-petclinic'}",-1,same_network,3,300
2026-07-24T22:04:36.236013+00:00,2026-07-24T22:04:36.278000+00:00,jvm_memory_max_bytes,vets-service,10.42.1.123:8080,"{'__name__': 'jvm_memory_max_bytes', 'area': 'heap', 'id': 'G1 Survivor Space', 'instance': '10.42.1.123:8080', 'job': 'spring-petclinic'}",-1,same_network,3,300
2026-07-24T22:04:36.236013+00:00,2026-07-24T22:04:36.278000+00:00,jvm_memory_max_bytes,vets-service,10.42.1.124:8080,"{'__name__': 'jvm_memory_max_bytes', 'area': 'heap', 'id': 'G1 Survivor Space', 'instance': '10.42.1.124:8080', 'job': 'spring-petclinic'}",-1,same_network,3,300
2026-07-24T22:04:36.236013+00:00,2026-07-24T22:04:36.278000+00:00,jvm_memory_max_bytes,visits-service,10.42.1.125:8080,"{'__name__': 'jvm_memory_max_bytes', 'area': 'heap', 'id': 'G1 Survivor Space', 'instance': '10.42.1.125:8080', 'job': 'spring-petclinic'}",-1,same_network,3,300
2026-07-24T22:04:36.236013+00:00,2026-07-24T22:04:36.278000+00:00,jvm_memory_max_bytes,customers-service,10.42.1.126:8080,"{'__name__': 'jvm_memory_max_bytes', 'area': 'heap', 'id': 'G1 Survivor Space', 'instance': '10.42.1.126:8080', 'job': 'spring-petclinic'}",-1,same_network,3,300
2026-07-24T22:04:36.236013+00:00,2026-07-24T22:04:36.278000+00:00,jvm_memory_max_bytes,api-gateway,10.42.0.187:8080,"{'__name__': 'jvm_memory_max_bytes', 'area': 'heap', 'id': 'Survivor Space', 'instance': '10.42.0.187:8080', 'job': 'spring-petclinic'}",8912896,same_network,3,300
2026-07-24T22:04:36.236013+00:00,2026-07-24T22:04:36.278000+00:00,jvm_memory_max_bytes,api-gateway,10.42.1.129:8080,"{'__name__': 'jvm_memory_max_bytes', 'area': 'heap', 'id': 'Survivor Space', 'instance': '10.42.1.129:8080', 'job': 'spring-petclinic'}",8912896,same_network,3,300
2026-07-24T22:04:36.236013+00:00,2026-07-24T22:04:36.278000+00:00,jvm_memory_max_bytes,api-gateway,10.42.0.187:8080,"{'__name__': 'jvm_memory_max_bytes', 'area': 'heap', 'id': 'Tenured Gen', 'instance': '10.42.0.187:8080', 'job': 'spring-petclinic'}",178978816,same_network,3,300
2026-07-24T22:04:36.236013+00:00,2026-07-24T22:04:36.278000+00:00,jvm_memory_max_bytes,api-gateway,10.42.1.129:8080,"{'__name__': 'jvm_memory_max_bytes', 'area': 'heap', 'id': 'Tenured Gen', 'instance': '10.42.1.129:8080', 'job': 'spring-petclinic'}",178978816,same_network,3,300
2026-07-24T22:04:36.236013+00:00,2026-07-24T22:04:36.278000+00:00,jvm_memory_max_bytes,customers-service,10.42.0.186:8080,"{'__name__': 'jvm_memory_max_bytes', 'area': 'nonheap', 'id': ""CodeHeap 'non-nmethods'"", 'instance': '10.42.0.186:8080', 'job': 'spring-petclinic'}",5840896,same_network,3,300
2026-07-24T22:04:36.236013+00:00,2026-07-24T22:04:36.278000+00:00,jvm_memory_max_bytes,api-gateway,10.42.0.187:8080,"{'__name__': 'jvm_memory_max_bytes', 'area': 'nonheap', 'id': ""CodeHeap 'non-nmethods'"", 'instance': '10.42.0.187:8080', 'job': 'spring-petclinic'}",5840896,same_network,3,300
2026-07-24T22:04:36.236013+00:00,2026-07-24T22:04:36.278000+00:00,jvm_memory_max_bytes,visits-service,10.42.1.122:8080,"{'__name__': 'jvm_memory_max_bytes', 'area': 'nonheap', 'id': ""CodeHeap 'non-nmethods'"", 'instance': '10.42.1.122:8080', 'job': 'spring-petclinic'}",5840896,same_network,3,300
2026-07-24T22:04:36.236013+00:00,2026-07-24T22:04:36.278000+00:00,jvm_memory_max_bytes,vets-service,10.42.1.123:8080,"{'__name__': 'jvm_memory_max_bytes', 'area': 'nonheap', 'id': ""CodeHeap 'non-nmethods'"", 'instance': '10.42.1.123:8080', 'job': 'spring-petclinic'}",5840896,same_network,3,300
2026-07-24T22:04:36.236013+00:00,2026-07-24T22:04:36.278000+00:00,jvm_memory_max_bytes,vets-service,10.42.1.124:8080,"{'__name__': 'jvm_memory_max_bytes', 'area': 'nonheap', 'id': ""CodeHeap 'non-nmethods'"", 'instance': '10.42.1.124:8080', 'job': 'spring-petclinic'}",5840896,same_network,3,300
2026-07-24T22:04:36.236013+00:00,2026-07-24T22:04:36.278000+00:00,jvm_memory_max_bytes,visits-service,10.42.1.125:8080,"{'__name__': 'jvm_memory_max_bytes', 'area': 'nonheap', 'id': ""CodeHeap 'non-nmethods'"", 'instance': '10.42.1.125:8080', 'job': 'spring-petclinic'}",5840896,same_network,3,300
2026-07-24T22:04:36.236013+00:00,2026-07-24T22:04:36.278000+00:00,jvm_memory_max_bytes,customers-service,10.42.1.126:8080,"{'__name__': 'jvm_memory_max_bytes', 'area': 'nonheap', 'id': ""CodeHeap 'non-nmethods'"", 'instance': '10.42.1.126:8080', 'job': 'spring-petclinic'}",5840896,same_network,3,300
2026-07-24T22:04:36.236013+00:00,2026-07-24T22:04:36.278000+00:00,jvm_memory_max_bytes,api-gateway,10.42.1.129:8080,"{'__name__': 'jvm_memory_max_bytes', 'area': 'nonheap', 'id': ""CodeHeap 'non-nmethods'"", 'instance': '10.42.1.129:8080', 'job': 'spring-petclinic'}",5840896,same_network,3,300
2026-07-24T22:04:36.236013+00:00,2026-07-24T22:04:36.278000+00:00,jvm_memory_max_bytes,customers-service,10.42.0.186:8080,"{'__name__': 'jvm_memory_max_bytes', 'area': 'nonheap', 'id': ""CodeHeap 'non-profiled nmethods'"", 'instance': '10.42.0.186:8080', 'job': 'spring-petclinic'}",122908672,same_network,3,300
2026-07-24T22:04:36.236013+00:00,2026-07-24T22:04:36.278000+00:00,jvm_memory_max_bytes,api-gateway,10.42.0.187:8080,"{'__name__': 'jvm_memory_max_bytes', 'area': 'nonheap', 'id': ""CodeHeap 'non-profiled nmethods'"", 'instance': '10.42.0.187:8080', 'job': 'spring-petclinic'}",122908672,same_network,3,300
2026-07-24T22:04:36.236013+00:00,2026-07-24T22:04:36.278000+00:00,jvm_memory_max_bytes,visits-service,10.42.1.122:8080,"{'__name__': 'jvm_memory_max_bytes', 'area': 'nonheap', 'id': ""CodeHeap 'non-profiled nmethods'"", 'instance': '10.42.1.122:8080', 'job': 'spring-petclinic'}",122908672,same_network,3,300
2026-07-24T22:04:36.236013+00:00,2026-07-24T22:04:36.278000+00:00,jvm_memory_max_bytes,vets-service,10.42.1.123:8080,"{'__name__': 'jvm_memory_max_bytes', 'area': 'nonheap', 'id': ""CodeHeap 'non-profiled nmethods'"", 'instance': '10.42.1.123:8080', 'job': 'spring-petclinic'}",122908672,same_network,3,300
2026-07-24T22:04:36.236013+00:00,2026-07-24T22:04:36.278000+00:00,jvm_memory_max_bytes,vets-service,10.42.1.124:8080,"{'__name__': 'jvm_memory_max_bytes', 'area': 'nonheap', 'id': ""CodeHeap 'non-profiled nmethods'"", 'instance': '10.42.1.124:8080', 'job': 'spring-petclinic'}",122908672,same_network,3,300
2026-07-24T22:04:36.236013+00:00,2026-07-24T22:04:36.278000+00:00,jvm_memory_max_bytes,visits-service,10.42.1.125:8080,"{'__name__': 'jvm_memory_max_bytes', 'area': 'nonheap', 'id': ""CodeHeap 'non-profiled nmethods'"", 'instance': '10.42.1.125:8080', 'job': 'spring-petclinic'}",122908672,same_network,3,300
2026-07-24T22:04:36.236013+00:00,2026-07-24T22:04:36.278000+00:00,jvm_memory_max_bytes,customers-service,10.42.1.126:8080,"{'__name__': 'jvm_memory_max_bytes', 'area': 'nonheap', 'id': ""CodeHeap 'non-profiled nmethods'"", 'instance': '10.42.1.126:8080', 'job': 'spring-petclinic'}",122908672,same_network,3,300
2026-07-24T22:04:36.236013+00:00,2026-07-24T22:04:36.278000+00:00,jvm_memory_max_bytes,api-gateway,10.42.1.129:8080,"{'__name__': 'jvm_memory_max_bytes', 'area': 'nonheap', 'id': ""CodeHeap 'non-profiled nmethods'"", 'instance': '10.42.1.129:8080', 'job': 'spring-petclinic'}",122908672,same_network,3,300
2026-07-24T22:04:36.236013+00:00,2026-07-24T22:04:36.278000+00:00,jvm_memory_max_bytes,customers-service,10.42.0.186:8080,"{'__name__': 'jvm_memory_max_bytes', 'area': 'nonheap', 'id': ""CodeHeap 'profiled nmethods'"", 'instance': '10.42.0.186:8080', 'job': 'spring-petclinic'}",122908672,same_network,3,300
2026-07-24T22:04:36.236013+00:00,2026-07-24T22:04:36.278000+00:00,jvm_memory_max_bytes,api-gateway,10.42.0.187:8080,"{'__name__': 'jvm_memory_max_bytes', 'area': 'nonheap', 'id': ""CodeHeap 'profiled nmethods'"", 'instance': '10.42.0.187:8080', 'job': 'spring-petclinic'}",122908672,same_network,3,300
2026-07-24T22:04:36.236013+00:00,2026-07-24T22:04:36.278000+00:00,jvm_memory_max_bytes,visits-service,10.42.1.122:8080,"{'__name__': 'jvm_memory_max_bytes', 'area': 'nonheap', 'id': ""CodeHeap 'profiled nmethods'"", 'instance': '10.42.1.122:8080', 'job': 'spring-petclinic'}",122908672,same_network,3,300
2026-07-24T22:04:36.236013+00:00,2026-07-24T22:04:36.278000+00:00,jvm_memory_max_bytes,vets-service,10.42.1.123:8080,"{'__name__': 'jvm_memory_max_bytes', 'area': 'nonheap', 'id': ""CodeHeap 'profiled nmethods'"", 'instance': '10.42.1.123:8080', 'job': 'spring-petclinic'}",122908672,same_network,3,300
2026-07-24T22:04:36.236013+00:00,2026-07-24T22:04:36.278000+00:00,jvm_memory_max_bytes,vets-service,10.42.1.124:8080,"{'__name__': 'jvm_memory_max_bytes', 'area': 'nonheap', 'id': ""CodeHeap 'profiled nmethods'"", 'instance': '10.42.1.124:8080', 'job': 'spring-petclinic'}",122908672,same_network,3,300
2026-07-24T22:04:36.236013+00:00,2026-07-24T22:04:36.278000+00:00,jvm_memory_max_bytes,visits-service,10.42.1.125:8080,"{'__name__': 'jvm_memory_max_bytes', 'area': 'nonheap', 'id': ""CodeHeap 'profiled nmethods'"", 'instance': '10.42.1.125:8080', 'job': 'spring-petclinic'}",122908672,same_network,3,300
2026-07-24T22:04:36.236013+00:00,2026-07-24T22:04:36.278000+00:00,jvm_memory_max_bytes,customers-service,10.42.1.126:8080,"{'__name__': 'jvm_memory_max_bytes', 'area': 'nonheap', 'id': ""CodeHeap 'profiled nmethods'"", 'instance': '10.42.1.126:8080', 'job': 'spring-petclinic'}",122908672,same_network,3,300
2026-07-24T22:04:36.236013+00:00,2026-07-24T22:04:36.278000+00:00,jvm_memory_max_bytes,api-gateway,10.42.1.129:8080,"{'__name__': 'jvm_memory_max_bytes', 'area': 'nonheap', 'id': ""CodeHeap 'profiled nmethods'"", 'instance': '10.42.1.129:8080', 'job': 'spring-petclinic'}",122908672,same_network,3,300
2026-07-24T22:04:36.236013+00:00,2026-07-24T22:04:36.278000+00:00,jvm_memory_max_bytes,customers-service,10.42.0.186:8080,"{'__name__': 'jvm_memory_max_bytes', 'area': 'nonheap', 'id': 'Compressed Class Space', 'instance': '10.42.0.186:8080', 'job': 'spring-petclinic'}",1073741824,same_network,3,300
2026-07-24T22:04:36.236013+00:00,2026-07-24T22:04:36.278000+00:00,jvm_memory_max_bytes,api-gateway,10.42.0.187:8080,"{'__name__': 'jvm_memory_max_bytes', 'area': 'nonheap', 'id': 'Compressed Class Space', 'instance': '10.42.0.187:8080', 'job': 'spring-petclinic'}",1073741824,same_network,3,300
2026-07-24T22:04:36.236013+00:00,2026-07-24T22:04:36.278000+00:00,jvm_memory_max_bytes,visits-service,10.42.1.122:8080,"{'__name__': 'jvm_memory_max_bytes', 'area': 'nonheap', 'id': 'Compressed Class Space', 'instance': '10.42.1.122:8080', 'job': 'spring-petclinic'}",1073741824,same_network,3,300
2026-07-24T22:04:36.236013+00:00,2026-07-24T22:04:36.278000+00:00,jvm_memory_max_bytes,vets-service,10.42.1.123:8080,"{'__name__': 'jvm_memory_max_bytes', 'area': 'nonheap', 'id': 'Compressed Class Space', 'instance': '10.42.1.123:8080', 'job': 'spring-petclinic'}",1073741824,same_network,3,300
2026-07-24T22:04:36.236013+00:00,2026-07-24T22:04:36.278000+00:00,jvm_memory_max_bytes,vets-service,10.42.1.124:8080,"{'__name__': 'jvm_memory_max_bytes', 'area': 'nonheap', 'id': 'Compressed Class Space', 'instance': '10.42.1.124:8080', 'job': 'spring-petclinic'}",1073741824,same_network,3,300
2026-07-24T22:04:36.236013+00:00,2026-07-24T22:04:36.278000+00:00,jvm_memory_max_bytes,visits-service,10.42.1.125:8080,"{'__name__': 'jvm_memory_max_bytes', 'area': 'nonheap', 'id': 'Compressed Class Space', 'instance': '10.42.1.125:8080', 'job': 'spring-petclinic'}",1073741824,same_network,3,300
2026-07-24T22:04:36.236013+00:00,2026-07-24T22:04:36.278000+00:00,jvm_memory_max_bytes,customers-service,10.42.1.126:8080,"{'__name__': 'jvm_memory_max_bytes', 'area': 'nonheap', 'id': 'Compressed Class Space', 'instance': '10.42.1.126:8080', 'job': 'spring-petclinic'}",1073741824,same_network,3,300
2026-07-24T22:04:36.236013+00:00,2026-07-24T22:04:36.278000+00:00,jvm_memory_max_bytes,api-gateway,10.42.1.129:8080,"{'__name__': 'jvm_memory_max_bytes', 'area': 'nonheap', 'id': 'Compressed Class Space', 'instance': '10.42.1.129:8080', 'job': 'spring-petclinic'}",1073741824,same_network,3,300
2026-07-24T22:04:36.236013+00:00,2026-07-24T22:04:36.278000+00:00,jvm_memory_max_bytes,customers-service,10.42.0.186:8080,"{'__name__': 'jvm_memory_max_bytes', 'area': 'nonheap', 'id': 'Metaspace', 'instance': '10.42.0.186:8080', 'job': 'spring-petclinic'}",-1,same_network,3,300
2026-07-24T22:04:36.236013+00:00,2026-07-24T22:04:36.278000+00:00,jvm_memory_max_bytes,api-gateway,10.42.0.187:8080,"{'__name__': 'jvm_memory_max_bytes', 'area': 'nonheap', 'id': 'Metaspace', 'instance': '10.42.0.187:8080', 'job': 'spring-petclinic'}",-1,same_network,3,300
2026-07-24T22:04:36.236013+00:00,2026-07-24T22:04:36.278000+00:00,jvm_memory_max_bytes,visits-service,10.42.1.122:8080,"{'__name__': 'jvm_memory_max_bytes', 'area': 'nonheap', 'id': 'Metaspace', 'instance': '10.42.1.122:8080', 'job': 'spring-petclinic'}",-1,same_network,3,300
2026-07-24T22:04:36.236013+00:00,2026-07-24T22:04:36.278000+00:00,jvm_memory_max_bytes,vets-service,10.42.1.123:8080,"{'__name__': 'jvm_memory_max_bytes', 'area': 'nonheap', 'id': 'Metaspace', 'instance': '10.42.1.123:8080', 'job': 'spring-petclinic'}",-1,same_network,3,300
2026-07-24T22:04:36.236013+00:00,2026-07-24T22:04:36.278000+00:00,jvm_memory_max_bytes,vets-service,10.42.1.124:8080,"{'__name__': 'jvm_memory_max_bytes', 'area': 'nonheap', 'id': 'Metaspace', 'instance': '10.42.1.124:8080', 'job': 'spring-petclinic'}",-1,same_network,3,300
2026-07-24T22:04:36.236013+00:00,2026-07-24T22:04:36.278000+00:00,jvm_memory_max_bytes,visits-service,10.42.1.125:8080,"{'__name__': 'jvm_memory_max_bytes', 'area': 'nonheap', 'id': 'Metaspace', 'instance': '10.42.1.125:8080', 'job': 'spring-petclinic'}",-1,same_network,3,300
2026-07-24T22:04:36.236013+00:00,2026-07-24T22:04:36.278000+00:00,jvm_memory_max_bytes,customers-service,10.42.1.126:8080,"{'__name__': 'jvm_memory_max_bytes', 'area': 'nonheap', 'id': 'Metaspace', 'instance': '10.42.1.126:8080', 'job': 'spring-petclinic'}",-1,same_network,3,300
2026-07-24T22:04:36.236013+00:00,2026-07-24T22:04:36.278000+00:00,jvm_memory_max_bytes,api-gateway,10.42.1.129:8080,"{'__name__': 'jvm_memory_max_bytes', 'area': 'nonheap', 'id': 'Metaspace', 'instance': '10.42.1.129:8080', 'job': 'spring-petclinic'}",-1,same_network,3,300
2026-07-24T22:04:36.236013+00:00,2026-07-24T22:04:36.286000+00:00,jvm_memory_usage_after_gc_percent,customers-service,10.42.0.186:8080,"{'__name__': 'jvm_memory_usage_after_gc_percent', 'area': 'heap', 'instance': '10.42.0.186:8080', 'job': 'spring-petclinic', 'pool': 'long-lived'}",0.026792795066065436,same_network,3,300
2026-07-24T22:04:36.236013+00:00,2026-07-24T22:04:36.286000+00:00,jvm_memory_usage_after_gc_percent,api-gateway,10.42.0.187:8080,"{'__name__': 'jvm_memory_usage_after_gc_percent', 'area': 'heap', 'instance': '10.42.0.187:8080', 'job': 'spring-petclinic', 'pool': 'long-lived'}",0.37762538333028195,same_network,3,300
2026-07-24T22:04:36.236013+00:00,2026-07-24T22:04:36.286000+00:00,jvm_memory_usage_after_gc_percent,visits-service,10.42.1.122:8080,"{'__name__': 'jvm_memory_usage_after_gc_percent', 'area': 'heap', 'instance': '10.42.1.122:8080', 'job': 'spring-petclinic', 'pool': 'long-lived'}",0.01142978082337884,same_network,3,300
2026-07-24T22:04:36.236013+00:00,2026-07-24T22:04:36.286000+00:00,jvm_memory_usage_after_gc_percent,vets-service,10.42.1.123:8080,"{'__name__': 'jvm_memory_usage_after_gc_percent', 'area': 'heap', 'instance': '10.42.1.123:8080', 'job': 'spring-petclinic', 'pool': 'long-lived'}",0.015535592870093857,same_network,3,300
2026-07-24T22:04:36.236013+00:00,2026-07-24T22:04:36.286000+00:00,jvm_memory_usage_after_gc_percent,vets-service,10.42.1.124:8080,"{'__name__': 'jvm_memory_usage_after_gc_percent', 'area': 'heap', 'instance': '10.42.1.124:8080', 'job': 'spring-petclinic', 'pool': 'long-lived'}",0.018859988267918088,same_network,3,300
2026-07-24T22:04:36.236013+00:00,2026-07-24T22:04:36.286000+00:00,jvm_memory_usage_after_gc_percent,visits-service,10.42.1.125:8080,"{'__name__': 'jvm_memory_usage_after_gc_percent', 'area': 'heap', 'instance': '10.42.1.125:8080', 'job': 'spring-petclinic', 'pool': 'long-lived'}",0.014131659289675767,same_network,3,300
2026-07-24T22:04:36.236013+00:00,2026-07-24T22:04:36.286000+00:00,jvm_memory_usage_after_gc_percent,customers-service,10.42.1.126:8080,"{'__name__': 'jvm_memory_usage_after_gc_percent', 'area': 'heap', 'instance': '10.42.1.126:8080', 'job': 'spring-petclinic', 'pool': 'long-lived'}",0.018770247840230375,same_network,3,300
2026-07-24T22:04:36.236013+00:00,2026-07-24T22:04:36.286000+00:00,jvm_memory_usage_after_gc_percent,api-gateway,10.42.1.129:8080,"{'__name__': 'jvm_memory_usage_after_gc_percent', 'area': 'heap', 'instance': '10.42.1.129:8080', 'job': 'spring-petclinic', 'pool': 'long-lived'}",0.3049098279876877,same_network,3,300
2026-07-24T22:04:36.236013+00:00,2026-07-24T22:04:36.291000+00:00,jvm_gc_live_data_size_bytes,customers-service,10.42.0.186:8080,"{'__name__': 'jvm_gc_live_data_size_bytes', 'instance': '10.42.0.186:8080', 'job': 'spring-petclinic'}",0,same_network,3,300
2026-07-24T22:04:36.236013+00:00,2026-07-24T22:04:36.291000+00:00,jvm_gc_live_data_size_bytes,api-gateway,10.42.0.187:8080,"{'__name__': 'jvm_gc_live_data_size_bytes', 'instance': '10.42.0.187:8080', 'job': 'spring-petclinic'}",52919184,same_network,3,300
2026-07-24T22:04:36.236013+00:00,2026-07-24T22:04:36.291000+00:00,jvm_gc_live_data_size_bytes,visits-service,10.42.1.122:8080,"{'__name__': 'jvm_gc_live_data_size_bytes', 'instance': '10.42.1.122:8080', 'job': 'spring-petclinic'}",0,same_network,3,300
2026-07-24T22:04:36.236013+00:00,2026-07-24T22:04:36.291000+00:00,jvm_gc_live_data_size_bytes,vets-service,10.42.1.123:8080,"{'__name__': 'jvm_gc_live_data_size_bytes', 'instance': '10.42.1.123:8080', 'job': 'spring-petclinic'}",0,same_network,3,300
2026-07-24T22:04:36.236013+00:00,2026-07-24T22:04:36.291000+00:00,jvm_gc_live_data_size_bytes,vets-service,10.42.1.124:8080,"{'__name__': 'jvm_gc_live_data_size_bytes', 'instance': '10.42.1.124:8080', 'job': 'spring-petclinic'}",0,same_network,3,300
2026-07-24T22:04:36.236013+00:00,2026-07-24T22:04:36.291000+00:00,jvm_gc_live_data_size_bytes,visits-service,10.42.1.125:8080,"{'__name__': 'jvm_gc_live_data_size_bytes', 'instance': '10.42.1.125:8080', 'job': 'spring-petclinic'}",0,same_network,3,300
2026-07-24T22:04:36.236013+00:00,2026-07-24T22:04:36.291000+00:00,jvm_gc_live_data_size_bytes,customers-service,10.42.1.126:8080,"{'__name__': 'jvm_gc_live_data_size_bytes', 'instance': '10.42.1.126:8080', 'job': 'spring-petclinic'}",107705856,same_network,3,300
2026-07-24T22:04:36.236013+00:00,2026-07-24T22:04:36.291000+00:00,jvm_gc_live_data_size_bytes,api-gateway,10.42.1.129:8080,"{'__name__': 'jvm_gc_live_data_size_bytes', 'instance': '10.42.1.129:8080', 'job': 'spring-petclinic'}",44890304,same_network,3,300
2026-07-24T22:04:36.236013+00:00,2026-07-24T22:04:36.297000+00:00,jvm_gc_max_data_size_bytes,customers-service,10.42.0.186:8080,"{'__name__': 'jvm_gc_max_data_size_bytes', 'instance': '10.42.0.186:8080', 'job': 'spring-petclinic'}",6249512960,same_network,3,300
2026-07-24T22:04:36.236013+00:00,2026-07-24T22:04:36.297000+00:00,jvm_gc_max_data_size_bytes,api-gateway,10.42.0.187:8080,"{'__name__': 'jvm_gc_max_data_size_bytes', 'instance': '10.42.0.187:8080', 'job': 'spring-petclinic'}",178978816,same_network,3,300
2026-07-24T22:04:36.236013+00:00,2026-07-24T22:04:36.297000+00:00,jvm_gc_max_data_size_bytes,visits-service,10.42.1.122:8080,"{'__name__': 'jvm_gc_max_data_size_bytes', 'instance': '10.42.1.122:8080', 'job': 'spring-petclinic'}",6144655360,same_network,3,300
2026-07-24T22:04:36.236013+00:00,2026-07-24T22:04:36.297000+00:00,jvm_gc_max_data_size_bytes,vets-service,10.42.1.123:8080,"{'__name__': 'jvm_gc_max_data_size_bytes', 'instance': '10.42.1.123:8080', 'job': 'spring-petclinic'}",6144655360,same_network,3,300
2026-07-24T22:04:36.236013+00:00,2026-07-24T22:04:36.297000+00:00,jvm_gc_max_data_size_bytes,vets-service,10.42.1.124:8080,"{'__name__': 'jvm_gc_max_data_size_bytes', 'instance': '10.42.1.124:8080', 'job': 'spring-petclinic'}",6144655360,same_network,3,300
2026-07-24T22:04:36.236013+00:00,2026-07-24T22:04:36.297000+00:00,jvm_gc_max_data_size_bytes,visits-service,10.42.1.125:8080,"{'__name__': 'jvm_gc_max_data_size_bytes', 'instance': '10.42.1.125:8080', 'job': 'spring-petclinic'}",6144655360,same_network,3,300
2026-07-24T22:04:36.236013+00:00,2026-07-24T22:04:36.297000+00:00,jvm_gc_max_data_size_bytes,customers-service,10.42.1.126:8080,"{'__name__': 'jvm_gc_max_data_size_bytes', 'instance': '10.42.1.126:8080', 'job': 'spring-petclinic'}",6144655360,same_network,3,300
2026-07-24T22:04:36.236013+00:00,2026-07-24T22:04:36.297000+00:00,jvm_gc_max_data_size_bytes,api-gateway,10.42.1.129:8080,"{'__name__': 'jvm_gc_max_data_size_bytes', 'instance': '10.42.1.129:8080', 'job': 'spring-petclinic'}",178978816,same_network,3,300
2026-07-24T22:04:36.236013+00:00,2026-07-24T22:04:36.302000+00:00,jvm_gc_memory_allocated_bytes_total,customers-service,10.42.0.186:8080,"{'__name__': 'jvm_gc_memory_allocated_bytes_total', 'instance': '10.42.0.186:8080', 'job': 'spring-petclinic'}",144741236696,same_network,3,300
2026-07-24T22:04:36.236013+00:00,2026-07-24T22:04:36.302000+00:00,jvm_gc_memory_allocated_bytes_total,api-gateway,10.42.0.187:8080,"{'__name__': 'jvm_gc_memory_allocated_bytes_total', 'instance': '10.42.0.187:8080', 'job': 'spring-petclinic'}",566582464104,same_network,3,300
2026-07-24T22:04:36.236013+00:00,2026-07-24T22:04:36.302000+00:00,jvm_gc_memory_allocated_bytes_total,visits-service,10.42.1.122:8080,"{'__name__': 'jvm_gc_memory_allocated_bytes_total', 'instance': '10.42.1.122:8080', 'job': 'spring-petclinic'}",26470252544,same_network,3,300
2026-07-24T22:04:36.236013+00:00,2026-07-24T22:04:36.302000+00:00,jvm_gc_memory_allocated_bytes_total,vets-service,10.42.1.123:8080,"{'__name__': 'jvm_gc_memory_allocated_bytes_total', 'instance': '10.42.1.123:8080', 'job': 'spring-petclinic'}",59584282616,same_network,3,300
2026-07-24T22:04:36.236013+00:00,2026-07-24T22:04:36.302000+00:00,jvm_gc_memory_allocated_bytes_total,vets-service,10.42.1.124:8080,"{'__name__': 'jvm_gc_memory_allocated_bytes_total', 'instance': '10.42.1.124:8080', 'job': 'spring-petclinic'}",60397977600,same_network,3,300
2026-07-24T22:04:36.236013+00:00,2026-07-24T22:04:36.302000+00:00,jvm_gc_memory_allocated_bytes_total,visits-service,10.42.1.125:8080,"{'__name__': 'jvm_gc_memory_allocated_bytes_total', 'instance': '10.42.1.125:8080', 'job': 'spring-petclinic'}",26042433528,same_network,3,300
2026-07-24T22:04:36.236013+00:00,2026-07-24T22:04:36.302000+00:00,jvm_gc_memory_allocated_bytes_total,customers-service,10.42.1.126:8080,"{'__name__': 'jvm_gc_memory_allocated_bytes_total', 'instance': '10.42.1.126:8080', 'job': 'spring-petclinic'}",143470362448,same_network,3,300
2026-07-24T22:04:36.236013+00:00,2026-07-24T22:04:36.302000+00:00,jvm_gc_memory_allocated_bytes_total,api-gateway,10.42.1.129:8080,"{'__name__': 'jvm_gc_memory_allocated_bytes_total', 'instance': '10.42.1.129:8080', 'job': 'spring-petclinic'}",5991084240,same_network,3,300
2026-07-24T22:04:36.236013+00:00,2026-07-24T22:04:36.306000+00:00,jvm_gc_memory_promoted_bytes_total,customers-service,10.42.0.186:8080,"{'__name__': 'jvm_gc_memory_promoted_bytes_total', 'instance': '10.42.0.186:8080', 'job': 'spring-petclinic'}",143072256,same_network,3,300
2026-07-24T22:04:36.236013+00:00,2026-07-24T22:04:36.306000+00:00,jvm_gc_memory_promoted_bytes_total,api-gateway,10.42.0.187:8080,"{'__name__': 'jvm_gc_memory_promoted_bytes_total', 'instance': '10.42.0.187:8080', 'job': 'spring-petclinic'}",3902657456,same_network,3,300
2026-07-24T22:04:36.236013+00:00,2026-07-24T22:04:36.306000+00:00,jvm_gc_memory_promoted_bytes_total,visits-service,10.42.1.122:8080,"{'__name__': 'jvm_gc_memory_promoted_bytes_total', 'instance': '10.42.1.122:8080', 'job': 'spring-petclinic'}",45642752,same_network,3,300
2026-07-24T22:04:36.236013+00:00,2026-07-24T22:04:36.306000+00:00,jvm_gc_memory_promoted_bytes_total,vets-service,10.42.1.123:8080,"{'__name__': 'jvm_gc_memory_promoted_bytes_total', 'instance': '10.42.1.123:8080', 'job': 'spring-petclinic'}",71144960,same_network,3,300
2026-07-24T22:04:36.236013+00:00,2026-07-24T22:04:36.306000+00:00,jvm_gc_memory_promoted_bytes_total,vets-service,10.42.1.124:8080,"{'__name__': 'jvm_gc_memory_promoted_bytes_total', 'instance': '10.42.1.124:8080', 'job': 'spring-petclinic'}",91296256,same_network,3,300
2026-07-24T22:04:36.236013+00:00,2026-07-24T22:04:36.306000+00:00,jvm_gc_memory_promoted_bytes_total,visits-service,10.42.1.125:8080,"{'__name__': 'jvm_gc_memory_promoted_bytes_total', 'instance': '10.42.1.125:8080', 'job': 'spring-petclinic'}",63553536,same_network,3,300
2026-07-24T22:04:36.236013+00:00,2026-07-24T22:04:36.306000+00:00,jvm_gc_memory_promoted_bytes_total,customers-service,10.42.1.126:8080,"{'__name__': 'jvm_gc_memory_promoted_bytes_total', 'instance': '10.42.1.126:8080', 'job': 'spring-petclinic'}",383681024,same_network,3,300
2026-07-24T22:04:36.236013+00:00,2026-07-24T22:04:36.306000+00:00,jvm_gc_memory_promoted_bytes_total,api-gateway,10.42.1.129:8080,"{'__name__': 'jvm_gc_memory_promoted_bytes_total', 'instance': '10.42.1.129:8080', 'job': 'spring-petclinic'}",81166424,same_network,3,300
2026-07-24T22:04:36.236013+00:00,2026-07-24T22:04:36.311000+00:00,jvm_gc_overhead_percent,customers-service,10.42.0.186:8080,"{'__name__': 'jvm_gc_overhead_percent', 'instance': '10.42.0.186:8080', 'job': 'spring-petclinic'}",0.0007966666666666667,same_network,3,300
2026-07-24T22:04:36.236013+00:00,2026-07-24T22:04:36.311000+00:00,jvm_gc_overhead_percent,api-gateway,10.42.0.187:8080,"{'__name__': 'jvm_gc_overhead_percent', 'instance': '10.42.0.187:8080', 'job': 'spring-petclinic'}",0.006213333333333334,same_network,3,300
2026-07-24T22:04:36.236013+00:00,2026-07-24T22:04:36.311000+00:00,jvm_gc_overhead_percent,visits-service,10.42.1.122:8080,"{'__name__': 'jvm_gc_overhead_percent', 'instance': '10.42.1.122:8080', 'job': 'spring-petclinic'}",0.00013666666666666666,same_network,3,300
2026-07-24T22:04:36.236013+00:00,2026-07-24T22:04:36.311000+00:00,jvm_gc_overhead_percent,vets-service,10.42.1.123:8080,"{'__name__': 'jvm_gc_overhead_percent', 'instance': '10.42.1.123:8080', 'job': 'spring-petclinic'}",0.00030333333333333335,same_network,3,300
2026-07-24T22:04:36.236013+00:00,2026-07-24T22:04:36.311000+00:00,jvm_gc_overhead_percent,vets-service,10.42.1.124:8080,"{'__name__': 'jvm_gc_overhead_percent', 'instance': '10.42.1.124:8080', 'job': 'spring-petclinic'}",0.00054,same_network,3,300
2026-07-24T22:04:36.236013+00:00,2026-07-24T22:04:36.311000+00:00,jvm_gc_overhead_percent,visits-service,10.42.1.125:8080,"{'__name__': 'jvm_gc_overhead_percent', 'instance': '10.42.1.125:8080', 'job': 'spring-petclinic'}",0.0003,same_network,3,300
2026-07-24T22:04:36.236013+00:00,2026-07-24T22:04:36.311000+00:00,jvm_gc_overhead_percent,customers-service,10.42.1.126:8080,"{'__name__': 'jvm_gc_overhead_percent', 'instance': '10.42.1.126:8080', 'job': 'spring-petclinic'}",0.00049,same_network,3,300
2026-07-24T22:04:36.236013+00:00,2026-07-24T22:04:36.311000+00:00,jvm_gc_overhead_percent,api-gateway,10.42.1.129:8080,"{'__name__': 'jvm_gc_overhead_percent', 'instance': '10.42.1.129:8080', 'job': 'spring-petclinic'}",0.00352,same_network,3,300
2026-07-24T22:04:36.236013+00:00,2026-07-24T22:04:36.315000+00:00,jvm_gc_pause_seconds_count,api-gateway,10.42.0.187:8080,"{'__name__': 'jvm_gc_pause_seconds_count', 'action': 'end of major GC', 'cause': 'Allocation Failure', 'instance': '10.42.0.187:8080', 'job': 'spring-petclinic'}",146,same_network,3,300
2026-07-24T22:04:36.236013+00:00,2026-07-24T22:04:36.315000+00:00,jvm_gc_pause_seconds_count,api-gateway,10.42.1.129:8080,"{'__name__': 'jvm_gc_pause_seconds_count', 'action': 'end of major GC', 'cause': 'Allocation Failure', 'instance': '10.42.1.129:8080', 'job': 'spring-petclinic'}",3,same_network,3,300
2026-07-24T22:04:36.236013+00:00,2026-07-24T22:04:36.315000+00:00,jvm_gc_pause_seconds_count,api-gateway,10.42.0.187:8080,"{'__name__': 'jvm_gc_pause_seconds_count', 'action': 'end of minor GC', 'cause': 'Allocation Failure', 'instance': '10.42.0.187:8080', 'job': 'spring-petclinic'}",14032,same_network,3,300
2026-07-24T22:04:36.236013+00:00,2026-07-24T22:04:36.315000+00:00,jvm_gc_pause_seconds_count,api-gateway,10.42.1.129:8080,"{'__name__': 'jvm_gc_pause_seconds_count', 'action': 'end of minor GC', 'cause': 'Allocation Failure', 'instance': '10.42.1.129:8080', 'job': 'spring-petclinic'}",194,same_network,3,300
2026-07-24T22:04:36.236013+00:00,2026-07-24T22:04:36.315000+00:00,jvm_gc_pause_seconds_count,customers-service,10.42.0.186:8080,"{'__name__': 'jvm_gc_pause_seconds_count', 'action': 'end of minor GC', 'cause': 'G1 Evacuation Pause', 'instance': '10.42.0.186:8080', 'job': 'spring-petclinic'}",578,same_network,3,300
2026-07-24T22:04:36.236013+00:00,2026-07-24T22:04:36.315000+00:00,jvm_gc_pause_seconds_count,visits-service,10.42.1.122:8080,"{'__name__': 'jvm_gc_pause_seconds_count', 'action': 'end of minor GC', 'cause': 'G1 Evacuation Pause', 'instance': '10.42.1.122:8080', 'job': 'spring-petclinic'}",125,same_network,3,300
2026-07-24T22:04:36.236013+00:00,2026-07-24T22:04:36.315000+00:00,jvm_gc_pause_seconds_count,vets-service,10.42.1.123:8080,"{'__name__': 'jvm_gc_pause_seconds_count', 'action': 'end of minor GC', 'cause': 'G1 Evacuation Pause', 'instance': '10.42.1.123:8080', 'job': 'spring-petclinic'}",224,same_network,3,300
2026-07-24T22:04:36.236013+00:00,2026-07-24T22:04:36.315000+00:00,jvm_gc_pause_seconds_count,vets-service,10.42.1.124:8080,"{'__name__': 'jvm_gc_pause_seconds_count', 'action': 'end of minor GC', 'cause': 'G1 Evacuation Pause', 'instance': '10.42.1.124:8080', 'job': 'spring-petclinic'}",423,same_network,3,300
2026-07-24T22:04:36.236013+00:00,2026-07-24T22:04:36.315000+00:00,jvm_gc_pause_seconds_count,visits-service,10.42.1.125:8080,"{'__name__': 'jvm_gc_pause_seconds_count', 'action': 'end of minor GC', 'cause': 'G1 Evacuation Pause', 'instance': '10.42.1.125:8080', 'job': 'spring-petclinic'}",214,same_network,3,300
2026-07-24T22:04:36.236013+00:00,2026-07-24T22:04:36.315000+00:00,jvm_gc_pause_seconds_count,customers-service,10.42.1.126:8080,"{'__name__': 'jvm_gc_pause_seconds_count', 'action': 'end of minor GC', 'cause': 'G1 Evacuation Pause', 'instance': '10.42.1.126:8080', 'job': 'spring-petclinic'}",1996,same_network,3,300
2026-07-24T22:04:36.236013+00:00,2026-07-24T22:04:36.315000+00:00,jvm_gc_pause_seconds_count,customers-service,10.42.1.126:8080,"{'__name__': 'jvm_gc_pause_seconds_count', 'action': 'end of minor GC', 'cause': 'G1 Preventive Collection', 'instance': '10.42.1.126:8080', 'job': 'spring-petclinic'}",1,same_network,3,300
2026-07-24T22:04:36.236013+00:00,2026-07-24T22:04:36.315000+00:00,jvm_gc_pause_seconds_count,visits-service,10.42.1.125:8080,"{'__name__': 'jvm_gc_pause_seconds_count', 'action': 'end of minor GC', 'cause': 'GCLocker Initiated GC', 'instance': '10.42.1.125:8080', 'job': 'spring-petclinic'}",1,same_network,3,300
2026-07-24T22:04:36.236013+00:00,2026-07-24T22:04:36.315000+00:00,jvm_gc_pause_seconds_count,customers-service,10.42.1.126:8080,"{'__name__': 'jvm_gc_pause_seconds_count', 'action': 'end of minor GC', 'cause': 'GCLocker Initiated GC', 'instance': '10.42.1.126:8080', 'job': 'spring-petclinic'}",2,same_network,3,300
2026-07-24T22:04:36.236013+00:00,2026-07-24T22:04:36.315000+00:00,jvm_gc_pause_seconds_count,customers-service,10.42.0.186:8080,"{'__name__': 'jvm_gc_pause_seconds_count', 'action': 'end of minor GC', 'cause': 'Metadata GC Threshold', 'instance': '10.42.0.186:8080', 'job': 'spring-petclinic'}",1,same_network,3,300
2026-07-24T22:04:36.236013+00:00,2026-07-24T22:04:36.315000+00:00,jvm_gc_pause_seconds_count,visits-service,10.42.1.122:8080,"{'__name__': 'jvm_gc_pause_seconds_count', 'action': 'end of minor GC', 'cause': 'Metadata GC Threshold', 'instance': '10.42.1.122:8080', 'job': 'spring-petclinic'}",1,same_network,3,300
2026-07-24T22:04:36.236013+00:00,2026-07-24T22:04:36.315000+00:00,jvm_gc_pause_seconds_count,vets-service,10.42.1.123:8080,"{'__name__': 'jvm_gc_pause_seconds_count', 'action': 'end of minor GC', 'cause': 'Metadata GC Threshold', 'instance': '10.42.1.123:8080', 'job': 'spring-petclinic'}",1,same_network,3,300
2026-07-24T22:04:36.236013+00:00,2026-07-24T22:04:36.315000+00:00,jvm_gc_pause_seconds_count,vets-service,10.42.1.124:8080,"{'__name__': 'jvm_gc_pause_seconds_count', 'action': 'end of minor GC', 'cause': 'Metadata GC Threshold', 'instance': '10.42.1.124:8080', 'job': 'spring-petclinic'}",1,same_network,3,300
2026-07-24T22:04:36.236013+00:00,2026-07-24T22:04:36.315000+00:00,jvm_gc_pause_seconds_count,visits-service,10.42.1.125:8080,"{'__name__': 'jvm_gc_pause_seconds_count', 'action': 'end of minor GC', 'cause': 'Metadata GC Threshold', 'instance': '10.42.1.125:8080', 'job': 'spring-petclinic'}",1,same_network,3,300
2026-07-24T22:04:36.236013+00:00,2026-07-24T22:04:36.315000+00:00,jvm_gc_pause_seconds_count,customers-service,10.42.1.126:8080,"{'__name__': 'jvm_gc_pause_seconds_count', 'action': 'end of minor GC', 'cause': 'Metadata GC Threshold', 'instance': '10.42.1.126:8080', 'job': 'spring-petclinic'}",1,same_network,3,300
2026-07-24T22:04:36.236013+00:00,2026-07-24T22:04:36.321000+00:00,jvm_gc_pause_seconds_sum,api-gateway,10.42.0.187:8080,"{'__name__': 'jvm_gc_pause_seconds_sum', 'action': 'end of major GC', 'cause': 'Allocation Failure', 'instance': '10.42.0.187:8080', 'job': 'spring-petclinic'}",77.166,same_network,3,300
2026-07-24T22:04:36.236013+00:00,2026-07-24T22:04:36.321000+00:00,jvm_gc_pause_seconds_sum,api-gateway,10.42.1.129:8080,"{'__name__': 'jvm_gc_pause_seconds_sum', 'action': 'end of major GC', 'cause': 'Allocation Failure', 'instance': '10.42.1.129:8080', 'job': 'spring-petclinic'}",0.438,same_network,3,300
2026-07-24T22:04:36.236013+00:00,2026-07-24T22:04:36.321000+00:00,jvm_gc_pause_seconds_sum,api-gateway,10.42.0.187:8080,"{'__name__': 'jvm_gc_pause_seconds_sum', 'action': 'end of minor GC', 'cause': 'Allocation Failure', 'instance': '10.42.0.187:8080', 'job': 'spring-petclinic'}",95.356,same_network,3,300
2026-07-24T22:04:36.236013+00:00,2026-07-24T22:04:36.321000+00:00,jvm_gc_pause_seconds_sum,api-gateway,10.42.1.129:8080,"{'__name__': 'jvm_gc_pause_seconds_sum', 'action': 'end of minor GC', 'cause': 'Allocation Failure', 'instance': '10.42.1.129:8080', 'job': 'spring-petclinic'}",1.479,same_network,3,300
2026-07-24T22:04:36.236013+00:00,2026-07-24T22:04:36.321000+00:00,jvm_gc_pause_seconds_sum,customers-service,10.42.0.186:8080,"{'__name__': 'jvm_gc_pause_seconds_sum', 'action': 'end of minor GC', 'cause': 'G1 Evacuation Pause', 'instance': '10.42.0.186:8080', 'job': 'spring-petclinic'}",7.509,same_network,3,300
2026-07-24T22:04:36.236013+00:00,2026-07-24T22:04:36.321000+00:00,jvm_gc_pause_seconds_sum,visits-service,10.42.1.122:8080,"{'__name__': 'jvm_gc_pause_seconds_sum', 'action': 'end of minor GC', 'cause': 'G1 Evacuation Pause', 'instance': '10.42.1.122:8080', 'job': 'spring-petclinic'}",2.029,same_network,3,300
2026-07-24T22:04:36.236013+00:00,2026-07-24T22:04:36.321000+00:00,jvm_gc_pause_seconds_sum,vets-service,10.42.1.123:8080,"{'__name__': 'jvm_gc_pause_seconds_sum', 'action': 'end of minor GC', 'cause': 'G1 Evacuation Pause', 'instance': '10.42.1.123:8080', 'job': 'spring-petclinic'}",3.201,same_network,3,300
2026-07-24T22:04:36.236013+00:00,2026-07-24T22:04:36.321000+00:00,jvm_gc_pause_seconds_sum,vets-service,10.42.1.124:8080,"{'__name__': 'jvm_gc_pause_seconds_sum', 'action': 'end of minor GC', 'cause': 'G1 Evacuation Pause', 'instance': '10.42.1.124:8080', 'job': 'spring-petclinic'}",6.358,same_network,3,300
2026-07-24T22:04:36.236013+00:00,2026-07-24T22:04:36.321000+00:00,jvm_gc_pause_seconds_sum,visits-service,10.42.1.125:8080,"{'__name__': 'jvm_gc_pause_seconds_sum', 'action': 'end of minor GC', 'cause': 'G1 Evacuation Pause', 'instance': '10.42.1.125:8080', 'job': 'spring-petclinic'}",3.051,same_network,3,300
2026-07-24T22:04:36.236013+00:00,2026-07-24T22:04:36.321000+00:00,jvm_gc_pause_seconds_sum,customers-service,10.42.1.126:8080,"{'__name__': 'jvm_gc_pause_seconds_sum', 'action': 'end of minor GC', 'cause': 'G1 Evacuation Pause', 'instance': '10.42.1.126:8080', 'job': 'spring-petclinic'}",20.816,same_network,3,300
2026-07-24T22:04:36.236013+00:00,2026-07-24T22:04:36.321000+00:00,jvm_gc_pause_seconds_sum,customers-service,10.42.1.126:8080,"{'__name__': 'jvm_gc_pause_seconds_sum', 'action': 'end of minor GC', 'cause': 'G1 Preventive Collection', 'instance': '10.42.1.126:8080', 'job': 'spring-petclinic'}",0.008,same_network,3,300
2026-07-24T22:04:36.236013+00:00,2026-07-24T22:04:36.321000+00:00,jvm_gc_pause_seconds_sum,visits-service,10.42.1.125:8080,"{'__name__': 'jvm_gc_pause_seconds_sum', 'action': 'end of minor GC', 'cause': 'GCLocker Initiated GC', 'instance': '10.42.1.125:8080', 'job': 'spring-petclinic'}",0.011,same_network,3,300
2026-07-24T22:04:36.236013+00:00,2026-07-24T22:04:36.321000+00:00,jvm_gc_pause_seconds_sum,customers-service,10.42.1.126:8080,"{'__name__': 'jvm_gc_pause_seconds_sum', 'action': 'end of minor GC', 'cause': 'GCLocker Initiated GC', 'instance': '10.42.1.126:8080', 'job': 'spring-petclinic'}",0.009,same_network,3,300
2026-07-24T22:04:36.236013+00:00,2026-07-24T22:04:36.321000+00:00,jvm_gc_pause_seconds_sum,customers-service,10.42.0.186:8080,"{'__name__': 'jvm_gc_pause_seconds_sum', 'action': 'end of minor GC', 'cause': 'Metadata GC Threshold', 'instance': '10.42.0.186:8080', 'job': 'spring-petclinic'}",0.02,same_network,3,300
2026-07-24T22:04:36.236013+00:00,2026-07-24T22:04:36.321000+00:00,jvm_gc_pause_seconds_sum,visits-service,10.42.1.122:8080,"{'__name__': 'jvm_gc_pause_seconds_sum', 'action': 'end of minor GC', 'cause': 'Metadata GC Threshold', 'instance': '10.42.1.122:8080', 'job': 'spring-petclinic'}",0.011,same_network,3,300
2026-07-24T22:04:36.236013+00:00,2026-07-24T22:04:36.321000+00:00,jvm_gc_pause_seconds_sum,vets-service,10.42.1.123:8080,"{'__name__': 'jvm_gc_pause_seconds_sum', 'action': 'end of minor GC', 'cause': 'Metadata GC Threshold', 'instance': '10.42.1.123:8080', 'job': 'spring-petclinic'}",0.021,same_network,3,300
2026-07-24T22:04:36.236013+00:00,2026-07-24T22:04:36.321000+00:00,jvm_gc_pause_seconds_sum,vets-service,10.42.1.124:8080,"{'__name__': 'jvm_gc_pause_seconds_sum', 'action': 'end of minor GC', 'cause': 'Metadata GC Threshold', 'instance': '10.42.1.124:8080', 'job': 'spring-petclinic'}",0.014,same_network,3,300
2026-07-24T22:04:36.236013+00:00,2026-07-24T22:04:36.321000+00:00,jvm_gc_pause_seconds_sum,visits-service,10.42.1.125:8080,"{'__name__': 'jvm_gc_pause_seconds_sum', 'action': 'end of minor GC', 'cause': 'Metadata GC Threshold', 'instance': '10.42.1.125:8080', 'job': 'spring-petclinic'}",0.009,same_network,3,300
2026-07-24T22:04:36.236013+00:00,2026-07-24T22:04:36.321000+00:00,jvm_gc_pause_seconds_sum,customers-service,10.42.1.126:8080,"{'__name__': 'jvm_gc_pause_seconds_sum', 'action': 'end of minor GC', 'cause': 'Metadata GC Threshold', 'instance': '10.42.1.126:8080', 'job': 'spring-petclinic'}",0.009,same_network,3,300
2026-07-24T22:04:36.236013+00:00,2026-07-24T22:04:36.326000+00:00,jvm_gc_pause_seconds_max,api-gateway,10.42.0.187:8080,"{'__name__': 'jvm_gc_pause_seconds_max', 'action': 'end of major GC', 'cause': 'Allocation Failure', 'instance': '10.42.0.187:8080', 'job': 'spring-petclinic'}",0.358,same_network,3,300
2026-07-24T22:04:36.236013+00:00,2026-07-24T22:04:36.326000+00:00,jvm_gc_pause_seconds_max,api-gateway,10.42.1.129:8080,"{'__name__': 'jvm_gc_pause_seconds_max', 'action': 'end of major GC', 'cause': 'Allocation Failure', 'instance': '10.42.1.129:8080', 'job': 'spring-petclinic'}",0.186,same_network,3,300
2026-07-24T22:04:36.236013+00:00,2026-07-24T22:04:36.326000+00:00,jvm_gc_pause_seconds_max,api-gateway,10.42.0.187:8080,"{'__name__': 'jvm_gc_pause_seconds_max', 'action': 'end of minor GC', 'cause': 'Allocation Failure', 'instance': '10.42.0.187:8080', 'job': 'spring-petclinic'}",0.015,same_network,3,300
2026-07-24T22:04:36.236013+00:00,2026-07-24T22:04:36.326000+00:00,jvm_gc_pause_seconds_max,api-gateway,10.42.1.129:8080,"{'__name__': 'jvm_gc_pause_seconds_max', 'action': 'end of minor GC', 'cause': 'Allocation Failure', 'instance': '10.42.1.129:8080', 'job': 'spring-petclinic'}",0.011,same_network,3,300
2026-07-24T22:04:36.236013+00:00,2026-07-24T22:04:36.326000+00:00,jvm_gc_pause_seconds_max,customers-service,10.42.0.186:8080,"{'__name__': 'jvm_gc_pause_seconds_max', 'action': 'end of minor GC', 'cause': 'G1 Evacuation Pause', 'instance': '10.42.0.186:8080', 'job': 'spring-petclinic'}",0.017,same_network,3,300
2026-07-24T22:04:36.236013+00:00,2026-07-24T22:04:36.326000+00:00,jvm_gc_pause_seconds_max,visits-service,10.42.1.122:8080,"{'__name__': 'jvm_gc_pause_seconds_max', 'action': 'end of minor GC', 'cause': 'G1 Evacuation Pause', 'instance': '10.42.1.122:8080', 'job': 'spring-petclinic'}",0.013,same_network,3,300
2026-07-24T22:04:36.236013+00:00,2026-07-24T22:04:36.326000+00:00,jvm_gc_pause_seconds_max,vets-service,10.42.1.123:8080,"{'__name__': 'jvm_gc_pause_seconds_max', 'action': 'end of minor GC', 'cause': 'G1 Evacuation Pause', 'instance': '10.42.1.123:8080', 'job': 'spring-petclinic'}",0.015,same_network,3,300
2026-07-24T22:04:36.236013+00:00,2026-07-24T22:04:36.326000+00:00,jvm_gc_pause_seconds_max,vets-service,10.42.1.124:8080,"{'__name__': 'jvm_gc_pause_seconds_max', 'action': 'end of minor GC', 'cause': 'G1 Evacuation Pause', 'instance': '10.42.1.124:8080', 'job': 'spring-petclinic'}",0.016,same_network,3,300
2026-07-24T22:04:36.236013+00:00,2026-07-24T22:04:36.326000+00:00,jvm_gc_pause_seconds_max,visits-service,10.42.1.125:8080,"{'__name__': 'jvm_gc_pause_seconds_max', 'action': 'end of minor GC', 'cause': 'G1 Evacuation Pause', 'instance': '10.42.1.125:8080', 'job': 'spring-petclinic'}",0.014,same_network,3,300
2026-07-24T22:04:36.236013+00:00,2026-07-24T22:04:36.326000+00:00,jvm_gc_pause_seconds_max,customers-service,10.42.1.126:8080,"{'__name__': 'jvm_gc_pause_seconds_max', 'action': 'end of minor GC', 'cause': 'G1 Evacuation Pause', 'instance': '10.42.1.126:8080', 'job': 'spring-petclinic'}",0.017,same_network,3,300
2026-07-24T22:04:36.236013+00:00,2026-07-24T22:04:36.326000+00:00,jvm_gc_pause_seconds_max,customers-service,10.42.1.126:8080,"{'__name__': 'jvm_gc_pause_seconds_max', 'action': 'end of minor GC', 'cause': 'G1 Preventive Collection', 'instance': '10.42.1.126:8080', 'job': 'spring-petclinic'}",0,same_network,3,300
2026-07-24T22:04:36.236013+00:00,2026-07-24T22:04:36.326000+00:00,jvm_gc_pause_seconds_max,visits-service,10.42.1.125:8080,"{'__name__': 'jvm_gc_pause_seconds_max', 'action': 'end of minor GC', 'cause': 'GCLocker Initiated GC', 'instance': '10.42.1.125:8080', 'job': 'spring-petclinic'}",0,same_network,3,300
2026-07-24T22:04:36.236013+00:00,2026-07-24T22:04:36.326000+00:00,jvm_gc_pause_seconds_max,customers-service,10.42.1.126:8080,"{'__name__': 'jvm_gc_pause_seconds_max', 'action': 'end of minor GC', 'cause': 'GCLocker Initiated GC', 'instance': '10.42.1.126:8080', 'job': 'spring-petclinic'}",0,same_network,3,300
2026-07-24T22:04:36.236013+00:00,2026-07-24T22:04:36.326000+00:00,jvm_gc_pause_seconds_max,customers-service,10.42.0.186:8080,"{'__name__': 'jvm_gc_pause_seconds_max', 'action': 'end of minor GC', 'cause': 'Metadata GC Threshold', 'instance': '10.42.0.186:8080', 'job': 'spring-petclinic'}",0,same_network,3,300
2026-07-24T22:04:36.236013+00:00,2026-07-24T22:04:36.326000+00:00,jvm_gc_pause_seconds_max,visits-service,10.42.1.122:8080,"{'__name__': 'jvm_gc_pause_seconds_max', 'action': 'end of minor GC', 'cause': 'Metadata GC Threshold', 'instance': '10.42.1.122:8080', 'job': 'spring-petclinic'}",0,same_network,3,300
2026-07-24T22:04:36.236013+00:00,2026-07-24T22:04:36.326000+00:00,jvm_gc_pause_seconds_max,vets-service,10.42.1.123:8080,"{'__name__': 'jvm_gc_pause_seconds_max', 'action': 'end of minor GC', 'cause': 'Metadata GC Threshold', 'instance': '10.42.1.123:8080', 'job': 'spring-petclinic'}",0,same_network,3,300
2026-07-24T22:04:36.236013+00:00,2026-07-24T22:04:36.326000+00:00,jvm_gc_pause_seconds_max,vets-service,10.42.1.124:8080,"{'__name__': 'jvm_gc_pause_seconds_max', 'action': 'end of minor GC', 'cause': 'Metadata GC Threshold', 'instance': '10.42.1.124:8080', 'job': 'spring-petclinic'}",0,same_network,3,300
2026-07-24T22:04:36.236013+00:00,2026-07-24T22:04:36.326000+00:00,jvm_gc_pause_seconds_max,visits-service,10.42.1.125:8080,"{'__name__': 'jvm_gc_pause_seconds_max', 'action': 'end of minor GC', 'cause': 'Metadata GC Threshold', 'instance': '10.42.1.125:8080', 'job': 'spring-petclinic'}",0,same_network,3,300
2026-07-24T22:04:36.236013+00:00,2026-07-24T22:04:36.326000+00:00,jvm_gc_pause_seconds_max,customers-service,10.42.1.126:8080,"{'__name__': 'jvm_gc_pause_seconds_max', 'action': 'end of minor GC', 'cause': 'Metadata GC Threshold', 'instance': '10.42.1.126:8080', 'job': 'spring-petclinic'}",0,same_network,3,300
2026-07-24T22:04:36.236013+00:00,2026-07-24T22:04:36.333000+00:00,jvm_buffer_count_buffers,customers-service,10.42.0.186:8080,"{'__name__': 'jvm_buffer_count_buffers', 'id': 'direct', 'instance': '10.42.0.186:8080', 'job': 'spring-petclinic'}",199,same_network,3,300
2026-07-24T22:04:36.236013+00:00,2026-07-24T22:04:36.333000+00:00,jvm_buffer_count_buffers,api-gateway,10.42.0.187:8080,"{'__name__': 'jvm_buffer_count_buffers', 'id': 'direct', 'instance': '10.42.0.187:8080', 'job': 'spring-petclinic'}",29,same_network,3,300
2026-07-24T22:04:36.236013+00:00,2026-07-24T22:04:36.333000+00:00,jvm_buffer_count_buffers,visits-service,10.42.1.122:8080,"{'__name__': 'jvm_buffer_count_buffers', 'id': 'direct', 'instance': '10.42.1.122:8080', 'job': 'spring-petclinic'}",20,same_network,3,300
2026-07-24T22:04:36.236013+00:00,2026-07-24T22:04:36.333000+00:00,jvm_buffer_count_buffers,vets-service,10.42.1.123:8080,"{'__name__': 'jvm_buffer_count_buffers', 'id': 'direct', 'instance': '10.42.1.123:8080', 'job': 'spring-petclinic'}",98,same_network,3,300
2026-07-24T22:04:36.236013+00:00,2026-07-24T22:04:36.333000+00:00,jvm_buffer_count_buffers,vets-service,10.42.1.124:8080,"{'__name__': 'jvm_buffer_count_buffers', 'id': 'direct', 'instance': '10.42.1.124:8080', 'job': 'spring-petclinic'}",79,same_network,3,300
2026-07-24T22:04:36.236013+00:00,2026-07-24T22:04:36.333000+00:00,jvm_buffer_count_buffers,visits-service,10.42.1.125:8080,"{'__name__': 'jvm_buffer_count_buffers', 'id': 'direct', 'instance': '10.42.1.125:8080', 'job': 'spring-petclinic'}",23,same_network,3,300
2026-07-24T22:04:36.236013+00:00,2026-07-24T22:04:36.333000+00:00,jvm_buffer_count_buffers,customers-service,10.42.1.126:8080,"{'__name__': 'jvm_buffer_count_buffers', 'id': 'direct', 'instance': '10.42.1.126:8080', 'job': 'spring-petclinic'}",201,same_network,3,300
2026-07-24T22:04:36.236013+00:00,2026-07-24T22:04:36.333000+00:00,jvm_buffer_count_buffers,api-gateway,10.42.1.129:8080,"{'__name__': 'jvm_buffer_count_buffers', 'id': 'direct', 'instance': '10.42.1.129:8080', 'job': 'spring-petclinic'}",30,same_network,3,300
2026-07-24T22:04:36.236013+00:00,2026-07-24T22:04:36.333000+00:00,jvm_buffer_count_buffers,customers-service,10.42.0.186:8080,"{'__name__': 'jvm_buffer_count_buffers', 'id': 'mapped', 'instance': '10.42.0.186:8080', 'job': 'spring-petclinic'}",0,same_network,3,300
2026-07-24T22:04:36.236013+00:00,2026-07-24T22:04:36.333000+00:00,jvm_buffer_count_buffers,api-gateway,10.42.0.187:8080,"{'__name__': 'jvm_buffer_count_buffers', 'id': 'mapped', 'instance': '10.42.0.187:8080', 'job': 'spring-petclinic'}",0,same_network,3,300
2026-07-24T22:04:36.236013+00:00,2026-07-24T22:04:36.333000+00:00,jvm_buffer_count_buffers,visits-service,10.42.1.122:8080,"{'__name__': 'jvm_buffer_count_buffers', 'id': 'mapped', 'instance': '10.42.1.122:8080', 'job': 'spring-petclinic'}",0,same_network,3,300
2026-07-24T22:04:36.236013+00:00,2026-07-24T22:04:36.333000+00:00,jvm_buffer_count_buffers,vets-service,10.42.1.123:8080,"{'__name__': 'jvm_buffer_count_buffers', 'id': 'mapped', 'instance': '10.42.1.123:8080', 'job': 'spring-petclinic'}",0,same_network,3,300
2026-07-24T22:04:36.236013+00:00,2026-07-24T22:04:36.333000+00:00,jvm_buffer_count_buffers,vets-service,10.42.1.124:8080,"{'__name__': 'jvm_buffer_count_buffers', 'id': 'mapped', 'instance': '10.42.1.124:8080', 'job': 'spring-petclinic'}",0,same_network,3,300
2026-07-24T22:04:36.236013+00:00,2026-07-24T22:04:36.333000+00:00,jvm_buffer_count_buffers,visits-service,10.42.1.125:8080,"{'__name__': 'jvm_buffer_count_buffers', 'id': 'mapped', 'instance': '10.42.1.125:8080', 'job': 'spring-petclinic'}",0,same_network,3,300
2026-07-24T22:04:36.236013+00:00,2026-07-24T22:04:36.333000+00:00,jvm_buffer_count_buffers,customers-service,10.42.1.126:8080,"{'__name__': 'jvm_buffer_count_buffers', 'id': 'mapped', 'instance': '10.42.1.126:8080', 'job': 'spring-petclinic'}",0,same_network,3,300
2026-07-24T22:04:36.236013+00:00,2026-07-24T22:04:36.333000+00:00,jvm_buffer_count_buffers,api-gateway,10.42.1.129:8080,"{'__name__': 'jvm_buffer_count_buffers', 'id': 'mapped', 'instance': '10.42.1.129:8080', 'job': 'spring-petclinic'}",0,same_network,3,300
2026-07-24T22:04:36.236013+00:00,2026-07-24T22:04:36.333000+00:00,jvm_buffer_count_buffers,customers-service,10.42.0.186:8080,"{'__name__': 'jvm_buffer_count_buffers', 'id': ""mapped - 'non-volatile memory'"", 'instance': '10.42.0.186:8080', 'job': 'spring-petclinic'}",0,same_network,3,300
2026-07-24T22:04:36.236013+00:00,2026-07-24T22:04:36.333000+00:00,jvm_buffer_count_buffers,api-gateway,10.42.0.187:8080,"{'__name__': 'jvm_buffer_count_buffers', 'id': ""mapped - 'non-volatile memory'"", 'instance': '10.42.0.187:8080', 'job': 'spring-petclinic'}",0,same_network,3,300
2026-07-24T22:04:36.236013+00:00,2026-07-24T22:04:36.333000+00:00,jvm_buffer_count_buffers,visits-service,10.42.1.122:8080,"{'__name__': 'jvm_buffer_count_buffers', 'id': ""mapped - 'non-volatile memory'"", 'instance': '10.42.1.122:8080', 'job': 'spring-petclinic'}",0,same_network,3,300
2026-07-24T22:04:36.236013+00:00,2026-07-24T22:04:36.333000+00:00,jvm_buffer_count_buffers,vets-service,10.42.1.123:8080,"{'__name__': 'jvm_buffer_count_buffers', 'id': ""mapped - 'non-volatile memory'"", 'instance': '10.42.1.123:8080', 'job': 'spring-petclinic'}",0,same_network,3,300
2026-07-24T22:04:36.236013+00:00,2026-07-24T22:04:36.333000+00:00,jvm_buffer_count_buffers,vets-service,10.42.1.124:8080,"{'__name__': 'jvm_buffer_count_buffers', 'id': ""mapped - 'non-volatile memory'"", 'instance': '10.42.1.124:8080', 'job': 'spring-petclinic'}",0,same_network,3,300
2026-07-24T22:04:36.236013+00:00,2026-07-24T22:04:36.333000+00:00,jvm_buffer_count_buffers,visits-service,10.42.1.125:8080,"{'__name__': 'jvm_buffer_count_buffers', 'id': ""mapped - 'non-volatile memory'"", 'instance': '10.42.1.125:8080', 'job': 'spring-petclinic'}",0,same_network,3,300
2026-07-24T22:04:36.236013+00:00,2026-07-24T22:04:36.333000+00:00,jvm_buffer_count_buffers,customers-service,10.42.1.126:8080,"{'__name__': 'jvm_buffer_count_buffers', 'id': ""mapped - 'non-volatile memory'"", 'instance': '10.42.1.126:8080', 'job': 'spring-petclinic'}",0,same_network,3,300
2026-07-24T22:04:36.236013+00:00,2026-07-24T22:04:36.333000+00:00,jvm_buffer_count_buffers,api-gateway,10.42.1.129:8080,"{'__name__': 'jvm_buffer_count_buffers', 'id': ""mapped - 'non-volatile memory'"", 'instance': '10.42.1.129:8080', 'job': 'spring-petclinic'}",0,same_network,3,300
2026-07-24T22:04:36.236013+00:00,2026-07-24T22:04:36.338000+00:00,jvm_buffer_memory_used_bytes,customers-service,10.42.0.186:8080,"{'__name__': 'jvm_buffer_memory_used_bytes', 'id': 'direct', 'instance': '10.42.0.186:8080', 'job': 'spring-petclinic'}",1715306,same_network,3,300
2026-07-24T22:04:36.236013+00:00,2026-07-24T22:04:36.338000+00:00,jvm_buffer_memory_used_bytes,api-gateway,10.42.0.187:8080,"{'__name__': 'jvm_buffer_memory_used_bytes', 'id': 'direct', 'instance': '10.42.0.187:8080', 'job': 'spring-petclinic'}",34244145,same_network,3,300
2026-07-24T22:04:36.236013+00:00,2026-07-24T22:04:36.338000+00:00,jvm_buffer_memory_used_bytes,visits-service,10.42.1.122:8080,"{'__name__': 'jvm_buffer_memory_used_bytes', 'id': 'direct', 'instance': '10.42.1.122:8080', 'job': 'spring-petclinic'}",220377,same_network,3,300
2026-07-24T22:04:36.236013+00:00,2026-07-24T22:04:36.338000+00:00,jvm_buffer_memory_used_bytes,vets-service,10.42.1.123:8080,"{'__name__': 'jvm_buffer_memory_used_bytes', 'id': 'direct', 'instance': '10.42.1.123:8080', 'job': 'spring-petclinic'}",894511,same_network,3,300
2026-07-24T22:04:36.236013+00:00,2026-07-24T22:04:36.338000+00:00,jvm_buffer_memory_used_bytes,vets-service,10.42.1.124:8080,"{'__name__': 'jvm_buffer_memory_used_bytes', 'id': 'direct', 'instance': '10.42.1.124:8080', 'job': 'spring-petclinic'}",732132,same_network,3,300
2026-07-24T22:04:36.236013+00:00,2026-07-24T22:04:36.338000+00:00,jvm_buffer_memory_used_bytes,visits-service,10.42.1.125:8080,"{'__name__': 'jvm_buffer_memory_used_bytes', 'id': 'direct', 'instance': '10.42.1.125:8080', 'job': 'spring-petclinic'}",237182,same_network,3,300
2026-07-24T22:04:36.236013+00:00,2026-07-24T22:04:36.338000+00:00,jvm_buffer_memory_used_bytes,customers-service,10.42.1.126:8080,"{'__name__': 'jvm_buffer_memory_used_bytes', 'id': 'direct', 'instance': '10.42.1.126:8080', 'job': 'spring-petclinic'}",1731694,same_network,3,300
2026-07-24T22:04:36.236013+00:00,2026-07-24T22:04:36.338000+00:00,jvm_buffer_memory_used_bytes,api-gateway,10.42.1.129:8080,"{'__name__': 'jvm_buffer_memory_used_bytes', 'id': 'direct', 'instance': '10.42.1.129:8080', 'job': 'spring-petclinic'}",34213957,same_network,3,300
2026-07-24T22:04:36.236013+00:00,2026-07-24T22:04:36.338000+00:00,jvm_buffer_memory_used_bytes,customers-service,10.42.0.186:8080,"{'__name__': 'jvm_buffer_memory_used_bytes', 'id': 'mapped', 'instance': '10.42.0.186:8080', 'job': 'spring-petclinic'}",0,same_network,3,300
2026-07-24T22:04:36.236013+00:00,2026-07-24T22:04:36.338000+00:00,jvm_buffer_memory_used_bytes,api-gateway,10.42.0.187:8080,"{'__name__': 'jvm_buffer_memory_used_bytes', 'id': 'mapped', 'instance': '10.42.0.187:8080', 'job': 'spring-petclinic'}",0,same_network,3,300
2026-07-24T22:04:36.236013+00:00,2026-07-24T22:04:36.338000+00:00,jvm_buffer_memory_used_bytes,visits-service,10.42.1.122:8080,"{'__name__': 'jvm_buffer_memory_used_bytes', 'id': 'mapped', 'instance': '10.42.1.122:8080', 'job': 'spring-petclinic'}",0,same_network,3,300
2026-07-24T22:04:36.236013+00:00,2026-07-24T22:04:36.338000+00:00,jvm_buffer_memory_used_bytes,vets-service,10.42.1.123:8080,"{'__name__': 'jvm_buffer_memory_used_bytes', 'id': 'mapped', 'instance': '10.42.1.123:8080', 'job': 'spring-petclinic'}",0,same_network,3,300
2026-07-24T22:04:36.236013+00:00,2026-07-24T22:04:36.338000+00:00,jvm_buffer_memory_used_bytes,vets-service,10.42.1.124:8080,"{'__name__': 'jvm_buffer_memory_used_bytes', 'id': 'mapped', 'instance': '10.42.1.124:8080', 'job': 'spring-petclinic'}",0,same_network,3,300
2026-07-24T22:04:36.236013+00:00,2026-07-24T22:04:36.338000+00:00,jvm_buffer_memory_used_bytes,visits-service,10.42.1.125:8080,"{'__name__': 'jvm_buffer_memory_used_bytes', 'id': 'mapped', 'instance': '10.42.1.125:8080', 'job': 'spring-petclinic'}",0,same_network,3,300
2026-07-24T22:04:36.236013+00:00,2026-07-24T22:04:36.338000+00:00,jvm_buffer_memory_used_bytes,customers-service,10.42.1.126:8080,"{'__name__': 'jvm_buffer_memory_used_bytes', 'id': 'mapped', 'instance': '10.42.1.126:8080', 'job': 'spring-petclinic'}",0,same_network,3,300
2026-07-24T22:04:36.236013+00:00,2026-07-24T22:04:36.338000+00:00,jvm_buffer_memory_used_bytes,api-gateway,10.42.1.129:8080,"{'__name__': 'jvm_buffer_memory_used_bytes', 'id': 'mapped', 'instance': '10.42.1.129:8080', 'job': 'spring-petclinic'}",0,same_network,3,300
2026-07-24T22:04:36.236013+00:00,2026-07-24T22:04:36.338000+00:00,jvm_buffer_memory_used_bytes,customers-service,10.42.0.186:8080,"{'__name__': 'jvm_buffer_memory_used_bytes', 'id': ""mapped - 'non-volatile memory'"", 'instance': '10.42.0.186:8080', 'job': 'spring-petclinic'}",0,same_network,3,300
2026-07-24T22:04:36.236013+00:00,2026-07-24T22:04:36.338000+00:00,jvm_buffer_memory_used_bytes,api-gateway,10.42.0.187:8080,"{'__name__': 'jvm_buffer_memory_used_bytes', 'id': ""mapped - 'non-volatile memory'"", 'instance': '10.42.0.187:8080', 'job': 'spring-petclinic'}",0,same_network,3,300
2026-07-24T22:04:36.236013+00:00,2026-07-24T22:04:36.338000+00:00,jvm_buffer_memory_used_bytes,visits-service,10.42.1.122:8080,"{'__name__': 'jvm_buffer_memory_used_bytes', 'id': ""mapped - 'non-volatile memory'"", 'instance': '10.42.1.122:8080', 'job': 'spring-petclinic'}",0,same_network,3,300
2026-07-24T22:04:36.236013+00:00,2026-07-24T22:04:36.338000+00:00,jvm_buffer_memory_used_bytes,vets-service,10.42.1.123:8080,"{'__name__': 'jvm_buffer_memory_used_bytes', 'id': ""mapped - 'non-volatile memory'"", 'instance': '10.42.1.123:8080', 'job': 'spring-petclinic'}",0,same_network,3,300
2026-07-24T22:04:36.236013+00:00,2026-07-24T22:04:36.338000+00:00,jvm_buffer_memory_used_bytes,vets-service,10.42.1.124:8080,"{'__name__': 'jvm_buffer_memory_used_bytes', 'id': ""mapped - 'non-volatile memory'"", 'instance': '10.42.1.124:8080', 'job': 'spring-petclinic'}",0,same_network,3,300
2026-07-24T22:04:36.236013+00:00,2026-07-24T22:04:36.338000+00:00,jvm_buffer_memory_used_bytes,visits-service,10.42.1.125:8080,"{'__name__': 'jvm_buffer_memory_used_bytes', 'id': ""mapped - 'non-volatile memory'"", 'instance': '10.42.1.125:8080', 'job': 'spring-petclinic'}",0,same_network,3,300
2026-07-24T22:04:36.236013+00:00,2026-07-24T22:04:36.338000+00:00,jvm_buffer_memory_used_bytes,customers-service,10.42.1.126:8080,"{'__name__': 'jvm_buffer_memory_used_bytes', 'id': ""mapped - 'non-volatile memory'"", 'instance': '10.42.1.126:8080', 'job': 'spring-petclinic'}",0,same_network,3,300
2026-07-24T22:04:36.236013+00:00,2026-07-24T22:04:36.338000+00:00,jvm_buffer_memory_used_bytes,api-gateway,10.42.1.129:8080,"{'__name__': 'jvm_buffer_memory_used_bytes', 'id': ""mapped - 'non-volatile memory'"", 'instance': '10.42.1.129:8080', 'job': 'spring-petclinic'}",0,same_network,3,300
2026-07-24T22:04:36.236013+00:00,2026-07-24T22:04:36.344000+00:00,jvm_buffer_total_capacity_bytes,customers-service,10.42.0.186:8080,"{'__name__': 'jvm_buffer_total_capacity_bytes', 'id': 'direct', 'instance': '10.42.0.186:8080', 'job': 'spring-petclinic'}",1715306,same_network,3,300
2026-07-24T22:04:36.236013+00:00,2026-07-24T22:04:36.344000+00:00,jvm_buffer_total_capacity_bytes,api-gateway,10.42.0.187:8080,"{'__name__': 'jvm_buffer_total_capacity_bytes', 'id': 'direct', 'instance': '10.42.0.187:8080', 'job': 'spring-petclinic'}",34244144,same_network,3,300
2026-07-24T22:04:36.236013+00:00,2026-07-24T22:04:36.344000+00:00,jvm_buffer_total_capacity_bytes,visits-service,10.42.1.122:8080,"{'__name__': 'jvm_buffer_total_capacity_bytes', 'id': 'direct', 'instance': '10.42.1.122:8080', 'job': 'spring-petclinic'}",220377,same_network,3,300
2026-07-24T22:04:36.236013+00:00,2026-07-24T22:04:36.344000+00:00,jvm_buffer_total_capacity_bytes,vets-service,10.42.1.123:8080,"{'__name__': 'jvm_buffer_total_capacity_bytes', 'id': 'direct', 'instance': '10.42.1.123:8080', 'job': 'spring-petclinic'}",894511,same_network,3,300
2026-07-24T22:04:36.236013+00:00,2026-07-24T22:04:36.344000+00:00,jvm_buffer_total_capacity_bytes,vets-service,10.42.1.124:8080,"{'__name__': 'jvm_buffer_total_capacity_bytes', 'id': 'direct', 'instance': '10.42.1.124:8080', 'job': 'spring-petclinic'}",732132,same_network,3,300
2026-07-24T22:04:36.236013+00:00,2026-07-24T22:04:36.344000+00:00,jvm_buffer_total_capacity_bytes,visits-service,10.42.1.125:8080,"{'__name__': 'jvm_buffer_total_capacity_bytes', 'id': 'direct', 'instance': '10.42.1.125:8080', 'job': 'spring-petclinic'}",237182,same_network,3,300
2026-07-24T22:04:36.236013+00:00,2026-07-24T22:04:36.344000+00:00,jvm_buffer_total_capacity_bytes,customers-service,10.42.1.126:8080,"{'__name__': 'jvm_buffer_total_capacity_bytes', 'id': 'direct', 'instance': '10.42.1.126:8080', 'job': 'spring-petclinic'}",1731694,same_network,3,300
2026-07-24T22:04:36.236013+00:00,2026-07-24T22:04:36.344000+00:00,jvm_buffer_total_capacity_bytes,api-gateway,10.42.1.129:8080,"{'__name__': 'jvm_buffer_total_capacity_bytes', 'id': 'direct', 'instance': '10.42.1.129:8080', 'job': 'spring-petclinic'}",34213956,same_network,3,300
2026-07-24T22:04:36.236013+00:00,2026-07-24T22:04:36.344000+00:00,jvm_buffer_total_capacity_bytes,customers-service,10.42.0.186:8080,"{'__name__': 'jvm_buffer_total_capacity_bytes', 'id': 'mapped', 'instance': '10.42.0.186:8080', 'job': 'spring-petclinic'}",0,same_network,3,300
2026-07-24T22:04:36.236013+00:00,2026-07-24T22:04:36.344000+00:00,jvm_buffer_total_capacity_bytes,api-gateway,10.42.0.187:8080,"{'__name__': 'jvm_buffer_total_capacity_bytes', 'id': 'mapped', 'instance': '10.42.0.187:8080', 'job': 'spring-petclinic'}",0,same_network,3,300
2026-07-24T22:04:36.236013+00:00,2026-07-24T22:04:36.344000+00:00,jvm_buffer_total_capacity_bytes,visits-service,10.42.1.122:8080,"{'__name__': 'jvm_buffer_total_capacity_bytes', 'id': 'mapped', 'instance': '10.42.1.122:8080', 'job': 'spring-petclinic'}",0,same_network,3,300
2026-07-24T22:04:36.236013+00:00,2026-07-24T22:04:36.344000+00:00,jvm_buffer_total_capacity_bytes,vets-service,10.42.1.123:8080,"{'__name__': 'jvm_buffer_total_capacity_bytes', 'id': 'mapped', 'instance': '10.42.1.123:8080', 'job': 'spring-petclinic'}",0,same_network,3,300
2026-07-24T22:04:36.236013+00:00,2026-07-24T22:04:36.344000+00:00,jvm_buffer_total_capacity_bytes,vets-service,10.42.1.124:8080,"{'__name__': 'jvm_buffer_total_capacity_bytes', 'id': 'mapped', 'instance': '10.42.1.124:8080', 'job': 'spring-petclinic'}",0,same_network,3,300
2026-07-24T22:04:36.236013+00:00,2026-07-24T22:04:36.344000+00:00,jvm_buffer_total_capacity_bytes,visits-service,10.42.1.125:8080,"{'__name__': 'jvm_buffer_total_capacity_bytes', 'id': 'mapped', 'instance': '10.42.1.125:8080', 'job': 'spring-petclinic'}",0,same_network,3,300
2026-07-24T22:04:36.236013+00:00,2026-07-24T22:04:36.344000+00:00,jvm_buffer_total_capacity_bytes,customers-service,10.42.1.126:8080,"{'__name__': 'jvm_buffer_total_capacity_bytes', 'id': 'mapped', 'instance': '10.42.1.126:8080', 'job': 'spring-petclinic'}",0,same_network,3,300
2026-07-24T22:04:36.236013+00:00,2026-07-24T22:04:36.344000+00:00,jvm_buffer_total_capacity_bytes,api-gateway,10.42.1.129:8080,"{'__name__': 'jvm_buffer_total_capacity_bytes', 'id': 'mapped', 'instance': '10.42.1.129:8080', 'job': 'spring-petclinic'}",0,same_network,3,300
2026-07-24T22:04:36.236013+00:00,2026-07-24T22:04:36.344000+00:00,jvm_buffer_total_capacity_bytes,customers-service,10.42.0.186:8080,"{'__name__': 'jvm_buffer_total_capacity_bytes', 'id': ""mapped - 'non-volatile memory'"", 'instance': '10.42.0.186:8080', 'job': 'spring-petclinic'}",0,same_network,3,300
2026-07-24T22:04:36.236013+00:00,2026-07-24T22:04:36.344000+00:00,jvm_buffer_total_capacity_bytes,api-gateway,10.42.0.187:8080,"{'__name__': 'jvm_buffer_total_capacity_bytes', 'id': ""mapped - 'non-volatile memory'"", 'instance': '10.42.0.187:8080', 'job': 'spring-petclinic'}",0,same_network,3,300
2026-07-24T22:04:36.236013+00:00,2026-07-24T22:04:36.344000+00:00,jvm_buffer_total_capacity_bytes,visits-service,10.42.1.122:8080,"{'__name__': 'jvm_buffer_total_capacity_bytes', 'id': ""mapped - 'non-volatile memory'"", 'instance': '10.42.1.122:8080', 'job': 'spring-petclinic'}",0,same_network,3,300
2026-07-24T22:04:36.236013+00:00,2026-07-24T22:04:36.344000+00:00,jvm_buffer_total_capacity_bytes,vets-service,10.42.1.123:8080,"{'__name__': 'jvm_buffer_total_capacity_bytes', 'id': ""mapped - 'non-volatile memory'"", 'instance': '10.42.1.123:8080', 'job': 'spring-petclinic'}",0,same_network,3,300
2026-07-24T22:04:36.236013+00:00,2026-07-24T22:04:36.344000+00:00,jvm_buffer_total_capacity_bytes,vets-service,10.42.1.124:8080,"{'__name__': 'jvm_buffer_total_capacity_bytes', 'id': ""mapped - 'non-volatile memory'"", 'instance': '10.42.1.124:8080', 'job': 'spring-petclinic'}",0,same_network,3,300
2026-07-24T22:04:36.236013+00:00,2026-07-24T22:04:36.344000+00:00,jvm_buffer_total_capacity_bytes,visits-service,10.42.1.125:8080,"{'__name__': 'jvm_buffer_total_capacity_bytes', 'id': ""mapped - 'non-volatile memory'"", 'instance': '10.42.1.125:8080', 'job': 'spring-petclinic'}",0,same_network,3,300
2026-07-24T22:04:36.236013+00:00,2026-07-24T22:04:36.344000+00:00,jvm_buffer_total_capacity_bytes,customers-service,10.42.1.126:8080,"{'__name__': 'jvm_buffer_total_capacity_bytes', 'id': ""mapped - 'non-volatile memory'"", 'instance': '10.42.1.126:8080', 'job': 'spring-petclinic'}",0,same_network,3,300
2026-07-24T22:04:36.236013+00:00,2026-07-24T22:04:36.344000+00:00,jvm_buffer_total_capacity_bytes,api-gateway,10.42.1.129:8080,"{'__name__': 'jvm_buffer_total_capacity_bytes', 'id': ""mapped - 'non-volatile memory'"", 'instance': '10.42.1.129:8080', 'job': 'spring-petclinic'}",0,same_network,3,300
2026-07-24T22:04:36.236013+00:00,2026-07-24T22:04:36.349000+00:00,http_server_requests_seconds_count,api-gateway,10.42.0.187:8080,"{'__name__': 'http_server_requests_seconds_count', 'exception': 'AbortedException', 'instance': '10.42.0.187:8080', 'job': 'spring-petclinic', 'method': 'GET', 'outcome': 'UNKNOWN', 'status': '200', 'uri': 'UNKNOWN'}",380,same_network,3,300
2026-07-24T22:04:36.236013+00:00,2026-07-24T22:04:36.349000+00:00,http_server_requests_seconds_count,api-gateway,10.42.0.187:8080,"{'__name__': 'http_server_requests_seconds_count', 'exception': 'AbortedException', 'instance': '10.42.0.187:8080', 'job': 'spring-petclinic', 'method': 'GET', 'outcome': 'UNKNOWN', 'status': '500', 'uri': 'UNKNOWN'}",1,same_network,3,300
2026-07-24T22:04:36.236013+00:00,2026-07-24T22:04:36.349000+00:00,http_server_requests_seconds_count,api-gateway,10.42.0.187:8080,"{'__name__': 'http_server_requests_seconds_count', 'exception': 'AnnotatedConnectException', 'instance': '10.42.0.187:8080', 'job': 'spring-petclinic', 'method': 'GET', 'outcome': 'SERVER_ERROR', 'status': '500', 'uri': 'UNKNOWN'}",48,same_network,3,300
2026-07-24T22:04:36.236013+00:00,2026-07-24T22:04:36.349000+00:00,http_server_requests_seconds_count,api-gateway,10.42.0.187:8080,"{'__name__': 'http_server_requests_seconds_count', 'exception': 'CancelledServerWebExchangeException', 'instance': '10.42.0.187:8080', 'job': 'spring-petclinic', 'method': 'GET', 'outcome': 'UNKNOWN', 'status': '200', 'uri': '/actuator/health/{*path}'}",4,same_network,3,300
2026-07-24T22:04:36.236013+00:00,2026-07-24T22:04:36.349000+00:00,http_server_requests_seconds_count,api-gateway,10.42.0.187:8080,"{'__name__': 'http_server_requests_seconds_count', 'exception': 'CancelledServerWebExchangeException', 'instance': '10.42.0.187:8080', 'job': 'spring-petclinic', 'method': 'GET', 'outcome': 'UNKNOWN', 'status': '200', 'uri': '/actuator/prometheus'}",2,same_network,3,300
2026-07-24T22:04:36.236013+00:00,2026-07-24T22:04:36.349000+00:00,http_server_requests_seconds_count,api-gateway,10.42.0.187:8080,"{'__name__': 'http_server_requests_seconds_count', 'exception': 'CancelledServerWebExchangeException', 'instance': '10.42.0.187:8080', 'job': 'spring-petclinic', 'method': 'GET', 'outcome': 'UNKNOWN', 'status': '200', 'uri': 'UNKNOWN'}",29684,same_network,3,300
2026-07-24T22:04:36.236013+00:00,2026-07-24T22:04:36.349000+00:00,http_server_requests_seconds_count,api-gateway,10.42.1.129:8080,"{'__name__': 'http_server_requests_seconds_count', 'exception': 'CancelledServerWebExchangeException', 'instance': '10.42.1.129:8080', 'job': 'spring-petclinic', 'method': 'GET', 'outcome': 'UNKNOWN', 'status': '200', 'uri': 'UNKNOWN'}",1,same_network,3,300
2026-07-24T22:04:36.236013+00:00,2026-07-24T22:04:36.349000+00:00,http_server_requests_seconds_count,customers-service,10.42.0.186:8080,"{'__name__': 'http_server_requests_seconds_count', 'exception': 'ClientAbortException', 'instance': '10.42.0.186:8080', 'job': 'spring-petclinic', 'method': 'GET', 'outcome': 'SUCCESS', 'status': '200', 'uri': '/actuator/prometheus'}",6,same_network,3,300
2026-07-24T22:04:36.236013+00:00,2026-07-24T22:04:36.349000+00:00,http_server_requests_seconds_count,api-gateway,10.42.0.187:8080,"{'__name__': 'http_server_requests_seconds_count', 'exception': 'IOException', 'instance': '10.42.0.187:8080', 'job': 'spring-petclinic', 'method': 'GET', 'outcome': 'SERVER_ERROR', 'status': '500', 'uri': 'UNKNOWN'}",1,same_network,3,300
2026-07-24T22:04:36.236013+00:00,2026-07-24T22:04:36.349000+00:00,http_server_requests_seconds_count,customers-service,10.42.0.186:8080,"{'__name__': 'http_server_requests_seconds_count', 'exception': 'None', 'instance': '10.42.0.186:8080', 'job': 'spring-petclinic', 'method': 'GET', 'outcome': 'SUCCESS', 'status': '200', 'uri': '/actuator/health/**'}",1502,same_network,3,300
2026-07-24T22:04:36.236013+00:00,2026-07-24T22:04:36.349000+00:00,http_server_requests_seconds_count,customers-service,10.42.0.186:8080,"{'__name__': 'http_server_requests_seconds_count', 'exception': 'None', 'instance': '10.42.0.186:8080', 'job': 'spring-petclinic', 'method': 'GET', 'outcome': 'SUCCESS', 'status': '200', 'uri': '/actuator/prometheus'}",862,same_network,3,300
2026-07-24T22:04:36.236013+00:00,2026-07-24T22:04:36.349000+00:00,http_server_requests_seconds_count,api-gateway,10.42.0.187:8080,"{'__name__': 'http_server_requests_seconds_count', 'exception': 'None', 'instance': '10.42.0.187:8080', 'job': 'spring-petclinic', 'method': 'GET', 'outcome': 'SUCCESS', 'status': '200', 'uri': '/actuator/health/{*path}'}",1513,same_network,3,300
2026-07-24T22:04:36.236013+00:00,2026-07-24T22:04:36.349000+00:00,http_server_requests_seconds_count,api-gateway,10.42.0.187:8080,"{'__name__': 'http_server_requests_seconds_count', 'exception': 'None', 'instance': '10.42.0.187:8080', 'job': 'spring-petclinic', 'method': 'GET', 'outcome': 'SUCCESS', 'status': '200', 'uri': '/actuator/prometheus'}",866,same_network,3,300
2026-07-24T22:04:36.236013+00:00,2026-07-24T22:04:36.349000+00:00,http_server_requests_seconds_count,api-gateway,10.42.0.187:8080,"{'__name__': 'http_server_requests_seconds_count', 'exception': 'None', 'instance': '10.42.0.187:8080', 'job': 'spring-petclinic', 'method': 'GET', 'outcome': 'SUCCESS', 'status': '200', 'uri': 'UNKNOWN'}",2293493,same_network,3,300
2026-07-24T22:04:36.236013+00:00,2026-07-24T22:04:36.349000+00:00,http_server_requests_seconds_count,visits-service,10.42.1.122:8080,"{'__name__': 'http_server_requests_seconds_count', 'exception': 'None', 'instance': '10.42.1.122:8080', 'job': 'spring-petclinic', 'method': 'GET', 'outcome': 'SUCCESS', 'status': '200', 'uri': '/actuator/health/**'}",1990,same_network,3,300
2026-07-24T22:04:36.236013+00:00,2026-07-24T22:04:36.349000+00:00,http_server_requests_seconds_count,visits-service,10.42.1.122:8080,"{'__name__': 'http_server_requests_seconds_count', 'exception': 'None', 'instance': '10.42.1.122:8080', 'job': 'spring-petclinic', 'method': 'GET', 'outcome': 'SUCCESS', 'status': '200', 'uri': '/actuator/prometheus'}",862,same_network,3,300
2026-07-24T22:04:36.236013+00:00,2026-07-24T22:04:36.349000+00:00,http_server_requests_seconds_count,vets-service,10.42.1.123:8080,"{'__name__': 'http_server_requests_seconds_count', 'exception': 'None', 'instance': '10.42.1.123:8080', 'job': 'spring-petclinic', 'method': 'GET', 'outcome': 'SUCCESS', 'status': '200', 'uri': '/actuator/health/**'}",1989,same_network,3,300
2026-07-24T22:04:36.236013+00:00,2026-07-24T22:04:36.349000+00:00,http_server_requests_seconds_count,vets-service,10.42.1.123:8080,"{'__name__': 'http_server_requests_seconds_count', 'exception': 'None', 'instance': '10.42.1.123:8080', 'job': 'spring-petclinic', 'method': 'GET', 'outcome': 'SUCCESS', 'status': '200', 'uri': '/actuator/prometheus'}",861,same_network,3,300
2026-07-24T22:04:36.236013+00:00,2026-07-24T22:04:36.349000+00:00,http_server_requests_seconds_count,vets-service,10.42.1.123:8080,"{'__name__': 'http_server_requests_seconds_count', 'exception': 'None', 'instance': '10.42.1.123:8080', 'job': 'spring-petclinic', 'method': 'GET', 'outcome': 'SUCCESS', 'status': '200', 'uri': '/vets'}",292889,same_network,3,300
2026-07-24T22:04:36.236013+00:00,2026-07-24T22:04:36.349000+00:00,http_server_requests_seconds_count,vets-service,10.42.1.124:8080,"{'__name__': 'http_server_requests_seconds_count', 'exception': 'None', 'instance': '10.42.1.124:8080', 'job': 'spring-petclinic', 'method': 'GET', 'outcome': 'SUCCESS', 'status': '200', 'uri': '/actuator/health/**'}",1975,same_network,3,300
2026-07-24T22:04:36.236013+00:00,2026-07-24T22:04:36.349000+00:00,http_server_requests_seconds_count,vets-service,10.42.1.124:8080,"{'__name__': 'http_server_requests_seconds_count', 'exception': 'None', 'instance': '10.42.1.124:8080', 'job': 'spring-petclinic', 'method': 'GET', 'outcome': 'SUCCESS', 'status': '200', 'uri': '/actuator/prometheus'}",854,same_network,3,300
2026-07-24T22:04:36.236013+00:00,2026-07-24T22:04:36.349000+00:00,http_server_requests_seconds_count,vets-service,10.42.1.124:8080,"{'__name__': 'http_server_requests_seconds_count', 'exception': 'None', 'instance': '10.42.1.124:8080', 'job': 'spring-petclinic', 'method': 'GET', 'outcome': 'SUCCESS', 'status': '200', 'uri': '/vets'}",298234,same_network,3,300
2026-07-24T22:04:36.236013+00:00,2026-07-24T22:04:36.349000+00:00,http_server_requests_seconds_count,visits-service,10.42.1.125:8080,"{'__name__': 'http_server_requests_seconds_count', 'exception': 'None', 'instance': '10.42.1.125:8080', 'job': 'spring-petclinic', 'method': 'GET', 'outcome': 'SUCCESS', 'status': '200', 'uri': '/actuator/health/**'}",1973,same_network,3,300
2026-07-24T22:04:36.236013+00:00,2026-07-24T22:04:36.349000+00:00,http_server_requests_seconds_count,visits-service,10.42.1.125:8080,"{'__name__': 'http_server_requests_seconds_count', 'exception': 'None', 'instance': '10.42.1.125:8080', 'job': 'spring-petclinic', 'method': 'GET', 'outcome': 'SUCCESS', 'status': '200', 'uri': '/actuator/prometheus'}",854,same_network,3,300
2026-07-24T22:04:36.236013+00:00,2026-07-24T22:04:36.349000+00:00,http_server_requests_seconds_count,customers-service,10.42.1.126:8080,"{'__name__': 'http_server_requests_seconds_count', 'exception': 'None', 'instance': '10.42.1.126:8080', 'job': 'spring-petclinic', 'method': 'GET', 'outcome': 'SUCCESS', 'status': '200', 'uri': '/actuator/health/**'}",1964,same_network,3,300
2026-07-24T22:04:36.236013+00:00,2026-07-24T22:04:36.349000+00:00,http_server_requests_seconds_count,customers-service,10.42.1.126:8080,"{'__name__': 'http_server_requests_seconds_count', 'exception': 'None', 'instance': '10.42.1.126:8080', 'job': 'spring-petclinic', 'method': 'GET', 'outcome': 'SUCCESS', 'status': '200', 'uri': '/actuator/prometheus'}",850,same_network,3,300
2026-07-24T22:04:36.236013+00:00,2026-07-24T22:04:36.349000+00:00,http_server_requests_seconds_count,api-gateway,10.42.1.129:8080,"{'__name__': 'http_server_requests_seconds_count', 'exception': 'None', 'instance': '10.42.1.129:8080', 'job': 'spring-petclinic', 'method': 'GET', 'outcome': 'SUCCESS', 'status': '200', 'uri': '/actuator/health/{*path}'}",30,same_network,3,300
2026-07-24T22:04:36.236013+00:00,2026-07-24T22:04:36.349000+00:00,http_server_requests_seconds_count,api-gateway,10.42.1.129:8080,"{'__name__': 'http_server_requests_seconds_count', 'exception': 'None', 'instance': '10.42.1.129:8080', 'job': 'spring-petclinic', 'method': 'GET', 'outcome': 'SUCCESS', 'status': '200', 'uri': '/actuator/prometheus'}",20,same_network,3,300
2026-07-24T22:04:36.236013+00:00,2026-07-24T22:04:36.349000+00:00,http_server_requests_seconds_count,api-gateway,10.42.1.129:8080,"{'__name__': 'http_server_requests_seconds_count', 'exception': 'None', 'instance': '10.42.1.129:8080', 'job': 'spring-petclinic', 'method': 'GET', 'outcome': 'SUCCESS', 'status': '200', 'uri': 'UNKNOWN'}",17090,same_network,3,300
2026-07-24T22:04:36.236013+00:00,2026-07-24T22:04:36.356000+00:00,http_server_requests_seconds_max,api-gateway,10.42.0.187:8080,"{'__name__': 'http_server_requests_seconds_max', 'exception': 'AbortedException', 'instance': '10.42.0.187:8080', 'job': 'spring-petclinic', 'method': 'GET', 'outcome': 'UNKNOWN', 'status': '200', 'uri': 'UNKNOWN'}",0,same_network,3,300
2026-07-24T22:04:36.236013+00:00,2026-07-24T22:04:36.356000+00:00,http_server_requests_seconds_max,api-gateway,10.42.0.187:8080,"{'__name__': 'http_server_requests_seconds_max', 'exception': 'AbortedException', 'instance': '10.42.0.187:8080', 'job': 'spring-petclinic', 'method': 'GET', 'outcome': 'UNKNOWN', 'status': '500', 'uri': 'UNKNOWN'}",0,same_network,3,300
2026-07-24T22:04:36.236013+00:00,2026-07-24T22:04:36.356000+00:00,http_server_requests_seconds_max,api-gateway,10.42.0.187:8080,"{'__name__': 'http_server_requests_seconds_max', 'exception': 'AnnotatedConnectException', 'instance': '10.42.0.187:8080', 'job': 'spring-petclinic', 'method': 'GET', 'outcome': 'SERVER_ERROR', 'status': '500', 'uri': 'UNKNOWN'}",0,same_network,3,300
2026-07-24T22:04:36.236013+00:00,2026-07-24T22:04:36.356000+00:00,http_server_requests_seconds_max,api-gateway,10.42.0.187:8080,"{'__name__': 'http_server_requests_seconds_max', 'exception': 'CancelledServerWebExchangeException', 'instance': '10.42.0.187:8080', 'job': 'spring-petclinic', 'method': 'GET', 'outcome': 'UNKNOWN', 'status': '200', 'uri': '/actuator/health/{*path}'}",0,same_network,3,300
2026-07-24T22:04:36.236013+00:00,2026-07-24T22:04:36.356000+00:00,http_server_requests_seconds_max,api-gateway,10.42.0.187:8080,"{'__name__': 'http_server_requests_seconds_max', 'exception': 'CancelledServerWebExchangeException', 'instance': '10.42.0.187:8080', 'job': 'spring-petclinic', 'method': 'GET', 'outcome': 'UNKNOWN', 'status': '200', 'uri': '/actuator/prometheus'}",0,same_network,3,300
2026-07-24T22:04:36.236013+00:00,2026-07-24T22:04:36.356000+00:00,http_server_requests_seconds_max,api-gateway,10.42.0.187:8080,"{'__name__': 'http_server_requests_seconds_max', 'exception': 'CancelledServerWebExchangeException', 'instance': '10.42.0.187:8080', 'job': 'spring-petclinic', 'method': 'GET', 'outcome': 'UNKNOWN', 'status': '200', 'uri': 'UNKNOWN'}",0,same_network,3,300
2026-07-24T22:04:36.236013+00:00,2026-07-24T22:04:36.356000+00:00,http_server_requests_seconds_max,api-gateway,10.42.1.129:8080,"{'__name__': 'http_server_requests_seconds_max', 'exception': 'CancelledServerWebExchangeException', 'instance': '10.42.1.129:8080', 'job': 'spring-petclinic', 'method': 'GET', 'outcome': 'UNKNOWN', 'status': '200', 'uri': 'UNKNOWN'}",5.201713594,same_network,3,300
2026-07-24T22:04:36.236013+00:00,2026-07-24T22:04:36.356000+00:00,http_server_requests_seconds_max,customers-service,10.42.0.186:8080,"{'__name__': 'http_server_requests_seconds_max', 'exception': 'ClientAbortException', 'instance': '10.42.0.186:8080', 'job': 'spring-petclinic', 'method': 'GET', 'outcome': 'SUCCESS', 'status': '200', 'uri': '/actuator/prometheus'}",0,same_network,3,300
2026-07-24T22:04:36.236013+00:00,2026-07-24T22:04:36.356000+00:00,http_server_requests_seconds_max,api-gateway,10.42.0.187:8080,"{'__name__': 'http_server_requests_seconds_max', 'exception': 'IOException', 'instance': '10.42.0.187:8080', 'job': 'spring-petclinic', 'method': 'GET', 'outcome': 'SERVER_ERROR', 'status': '500', 'uri': 'UNKNOWN'}",0,same_network,3,300
2026-07-24T22:04:36.236013+00:00,2026-07-24T22:04:36.356000+00:00,http_server_requests_seconds_max,customers-service,10.42.0.186:8080,"{'__name__': 'http_server_requests_seconds_max', 'exception': 'None', 'instance': '10.42.0.186:8080', 'job': 'spring-petclinic', 'method': 'GET', 'outcome': 'SUCCESS', 'status': '200', 'uri': '/actuator/health/**'}",0.002471289,same_network,3,300
2026-07-24T22:04:36.236013+00:00,2026-07-24T22:04:36.356000+00:00,http_server_requests_seconds_max,customers-service,10.42.0.186:8080,"{'__name__': 'http_server_requests_seconds_max', 'exception': 'None', 'instance': '10.42.0.186:8080', 'job': 'spring-petclinic', 'method': 'GET', 'outcome': 'SUCCESS', 'status': '200', 'uri': '/actuator/prometheus'}",0.008662351,same_network,3,300
2026-07-24T22:04:36.236013+00:00,2026-07-24T22:04:36.356000+00:00,http_server_requests_seconds_max,api-gateway,10.42.0.187:8080,"{'__name__': 'http_server_requests_seconds_max', 'exception': 'None', 'instance': '10.42.0.187:8080', 'job': 'spring-petclinic', 'method': 'GET', 'outcome': 'SUCCESS', 'status': '200', 'uri': '/actuator/health/{*path}'}",0.006284484,same_network,3,300
2026-07-24T22:04:36.236013+00:00,2026-07-24T22:04:36.356000+00:00,http_server_requests_seconds_max,api-gateway,10.42.0.187:8080,"{'__name__': 'http_server_requests_seconds_max', 'exception': 'None', 'instance': '10.42.0.187:8080', 'job': 'spring-petclinic', 'method': 'GET', 'outcome': 'SUCCESS', 'status': '200', 'uri': '/actuator/prometheus'}",0.011042525,same_network,3,300
2026-07-24T22:04:36.236013+00:00,2026-07-24T22:04:36.356000+00:00,http_server_requests_seconds_max,api-gateway,10.42.0.187:8080,"{'__name__': 'http_server_requests_seconds_max', 'exception': 'None', 'instance': '10.42.0.187:8080', 'job': 'spring-petclinic', 'method': 'GET', 'outcome': 'SUCCESS', 'status': '200', 'uri': 'UNKNOWN'}",0.577857441,same_network,3,300
2026-07-24T22:04:36.236013+00:00,2026-07-24T22:04:36.356000+00:00,http_server_requests_seconds_max,visits-service,10.42.1.122:8080,"{'__name__': 'http_server_requests_seconds_max', 'exception': 'None', 'instance': '10.42.1.122:8080', 'job': 'spring-petclinic', 'method': 'GET', 'outcome': 'SUCCESS', 'status': '200', 'uri': '/actuator/health/**'}",0.001881256,same_network,3,300
2026-07-24T22:04:36.236013+00:00,2026-07-24T22:04:36.356000+00:00,http_server_requests_seconds_max,visits-service,10.42.1.122:8080,"{'__name__': 'http_server_requests_seconds_max', 'exception': 'None', 'instance': '10.42.1.122:8080', 'job': 'spring-petclinic', 'method': 'GET', 'outcome': 'SUCCESS', 'status': '200', 'uri': '/actuator/prometheus'}",0.004523625,same_network,3,300
2026-07-24T22:04:36.236013+00:00,2026-07-24T22:04:36.356000+00:00,http_server_requests_seconds_max,vets-service,10.42.1.123:8080,"{'__name__': 'http_server_requests_seconds_max', 'exception': 'None', 'instance': '10.42.1.123:8080', 'job': 'spring-petclinic', 'method': 'GET', 'outcome': 'SUCCESS', 'status': '200', 'uri': '/actuator/health/**'}",0.001467103,same_network,3,300
2026-07-24T22:04:36.236013+00:00,2026-07-24T22:04:36.356000+00:00,http_server_requests_seconds_max,vets-service,10.42.1.123:8080,"{'__name__': 'http_server_requests_seconds_max', 'exception': 'None', 'instance': '10.42.1.123:8080', 'job': 'spring-petclinic', 'method': 'GET', 'outcome': 'SUCCESS', 'status': '200', 'uri': '/actuator/prometheus'}",0.005350662,same_network,3,300
2026-07-24T22:04:36.236013+00:00,2026-07-24T22:04:36.356000+00:00,http_server_requests_seconds_max,vets-service,10.42.1.123:8080,"{'__name__': 'http_server_requests_seconds_max', 'exception': 'None', 'instance': '10.42.1.123:8080', 'job': 'spring-petclinic', 'method': 'GET', 'outcome': 'SUCCESS', 'status': '200', 'uri': '/vets'}",0.287388634,same_network,3,300
2026-07-24T22:04:36.236013+00:00,2026-07-24T22:04:36.356000+00:00,http_server_requests_seconds_max,vets-service,10.42.1.124:8080,"{'__name__': 'http_server_requests_seconds_max', 'exception': 'None', 'instance': '10.42.1.124:8080', 'job': 'spring-petclinic', 'method': 'GET', 'outcome': 'SUCCESS', 'status': '200', 'uri': '/actuator/health/**'}",0.001552643,same_network,3,300
2026-07-24T22:04:36.236013+00:00,2026-07-24T22:04:36.356000+00:00,http_server_requests_seconds_max,vets-service,10.42.1.124:8080,"{'__name__': 'http_server_requests_seconds_max', 'exception': 'None', 'instance': '10.42.1.124:8080', 'job': 'spring-petclinic', 'method': 'GET', 'outcome': 'SUCCESS', 'status': '200', 'uri': '/actuator/prometheus'}",0.006246632,same_network,3,300
2026-07-24T22:04:36.236013+00:00,2026-07-24T22:04:36.356000+00:00,http_server_requests_seconds_max,vets-service,10.42.1.124:8080,"{'__name__': 'http_server_requests_seconds_max', 'exception': 'None', 'instance': '10.42.1.124:8080', 'job': 'spring-petclinic', 'method': 'GET', 'outcome': 'SUCCESS', 'status': '200', 'uri': '/vets'}",0.264357131,same_network,3,300
2026-07-24T22:04:36.236013+00:00,2026-07-24T22:04:36.356000+00:00,http_server_requests_seconds_max,visits-service,10.42.1.125:8080,"{'__name__': 'http_server_requests_seconds_max', 'exception': 'None', 'instance': '10.42.1.125:8080', 'job': 'spring-petclinic', 'method': 'GET', 'outcome': 'SUCCESS', 'status': '200', 'uri': '/actuator/health/**'}",0.00161507,same_network,3,300
2026-07-24T22:04:36.236013+00:00,2026-07-24T22:04:36.356000+00:00,http_server_requests_seconds_max,visits-service,10.42.1.125:8080,"{'__name__': 'http_server_requests_seconds_max', 'exception': 'None', 'instance': '10.42.1.125:8080', 'job': 'spring-petclinic', 'method': 'GET', 'outcome': 'SUCCESS', 'status': '200', 'uri': '/actuator/prometheus'}",0.004947555,same_network,3,300
2026-07-24T22:04:36.236013+00:00,2026-07-24T22:04:36.356000+00:00,http_server_requests_seconds_max,customers-service,10.42.1.126:8080,"{'__name__': 'http_server_requests_seconds_max', 'exception': 'None', 'instance': '10.42.1.126:8080', 'job': 'spring-petclinic', 'method': 'GET', 'outcome': 'SUCCESS', 'status': '200', 'uri': '/actuator/health/**'}",0.002145923,same_network,3,300
2026-07-24T22:04:36.236013+00:00,2026-07-24T22:04:36.356000+00:00,http_server_requests_seconds_max,customers-service,10.42.1.126:8080,"{'__name__': 'http_server_requests_seconds_max', 'exception': 'None', 'instance': '10.42.1.126:8080', 'job': 'spring-petclinic', 'method': 'GET', 'outcome': 'SUCCESS', 'status': '200', 'uri': '/actuator/prometheus'}",0.008269876,same_network,3,300
2026-07-24T22:04:36.236013+00:00,2026-07-24T22:04:36.356000+00:00,http_server_requests_seconds_max,api-gateway,10.42.1.129:8080,"{'__name__': 'http_server_requests_seconds_max', 'exception': 'None', 'instance': '10.42.1.129:8080', 'job': 'spring-petclinic', 'method': 'GET', 'outcome': 'SUCCESS', 'status': '200', 'uri': '/actuator/health/{*path}'}",0.006904011,same_network,3,300
2026-07-24T22:04:36.236013+00:00,2026-07-24T22:04:36.356000+00:00,http_server_requests_seconds_max,api-gateway,10.42.1.129:8080,"{'__name__': 'http_server_requests_seconds_max', 'exception': 'None', 'instance': '10.42.1.129:8080', 'job': 'spring-petclinic', 'method': 'GET', 'outcome': 'SUCCESS', 'status': '200', 'uri': '/actuator/prometheus'}",0.009872801,same_network,3,300
2026-07-24T22:04:36.236013+00:00,2026-07-24T22:04:36.356000+00:00,http_server_requests_seconds_max,api-gateway,10.42.1.129:8080,"{'__name__': 'http_server_requests_seconds_max', 'exception': 'None', 'instance': '10.42.1.129:8080', 'job': 'spring-petclinic', 'method': 'GET', 'outcome': 'SUCCESS', 'status': '200', 'uri': 'UNKNOWN'}",5.169451602,same_network,3,300
2026-07-24T22:04:36.236013+00:00,2026-07-24T22:04:36.365000+00:00,http_server_requests_seconds_sum,api-gateway,10.42.0.187:8080,"{'__name__': 'http_server_requests_seconds_sum', 'exception': 'AbortedException', 'instance': '10.42.0.187:8080', 'job': 'spring-petclinic', 'method': 'GET', 'outcome': 'UNKNOWN', 'status': '200', 'uri': 'UNKNOWN'}",1940.909934275,same_network,3,300
2026-07-24T22:04:36.236013+00:00,2026-07-24T22:04:36.365000+00:00,http_server_requests_seconds_sum,api-gateway,10.42.0.187:8080,"{'__name__': 'http_server_requests_seconds_sum', 'exception': 'AbortedException', 'instance': '10.42.0.187:8080', 'job': 'spring-petclinic', 'method': 'GET', 'outcome': 'UNKNOWN', 'status': '500', 'uri': 'UNKNOWN'}",0.059373633,same_network,3,300
2026-07-24T22:04:36.236013+00:00,2026-07-24T22:04:36.365000+00:00,http_server_requests_seconds_sum,api-gateway,10.42.0.187:8080,"{'__name__': 'http_server_requests_seconds_sum', 'exception': 'AnnotatedConnectException', 'instance': '10.42.0.187:8080', 'job': 'spring-petclinic', 'method': 'GET', 'outcome': 'SERVER_ERROR', 'status': '500', 'uri': 'UNKNOWN'}",116.508028567,same_network,3,300
2026-07-24T22:04:36.236013+00:00,2026-07-24T22:04:36.365000+00:00,http_server_requests_seconds_sum,api-gateway,10.42.0.187:8080,"{'__name__': 'http_server_requests_seconds_sum', 'exception': 'CancelledServerWebExchangeException', 'instance': '10.42.0.187:8080', 'job': 'spring-petclinic', 'method': 'GET', 'outcome': 'UNKNOWN', 'status': '200', 'uri': '/actuator/health/{*path}'}",1.58601679,same_network,3,300
2026-07-24T22:04:36.236013+00:00,2026-07-24T22:04:36.365000+00:00,http_server_requests_seconds_sum,api-gateway,10.42.0.187:8080,"{'__name__': 'http_server_requests_seconds_sum', 'exception': 'CancelledServerWebExchangeException', 'instance': '10.42.0.187:8080', 'job': 'spring-petclinic', 'method': 'GET', 'outcome': 'UNKNOWN', 'status': '200', 'uri': '/actuator/prometheus'}",0.045098422,same_network,3,300
2026-07-24T22:04:36.236013+00:00,2026-07-24T22:04:36.365000+00:00,http_server_requests_seconds_sum,api-gateway,10.42.0.187:8080,"{'__name__': 'http_server_requests_seconds_sum', 'exception': 'CancelledServerWebExchangeException', 'instance': '10.42.0.187:8080', 'job': 'spring-petclinic', 'method': 'GET', 'outcome': 'UNKNOWN', 'status': '200', 'uri': 'UNKNOWN'}",148102.699431054,same_network,3,300
2026-07-24T22:04:36.236013+00:00,2026-07-24T22:04:36.365000+00:00,http_server_requests_seconds_sum,api-gateway,10.42.1.129:8080,"{'__name__': 'http_server_requests_seconds_sum', 'exception': 'CancelledServerWebExchangeException', 'instance': '10.42.1.129:8080', 'job': 'spring-petclinic', 'method': 'GET', 'outcome': 'UNKNOWN', 'status': '200', 'uri': 'UNKNOWN'}",5.201713594,same_network,3,300
2026-07-24T22:04:36.236013+00:00,2026-07-24T22:04:36.365000+00:00,http_server_requests_seconds_sum,customers-service,10.42.0.186:8080,"{'__name__': 'http_server_requests_seconds_sum', 'exception': 'ClientAbortException', 'instance': '10.42.0.186:8080', 'job': 'spring-petclinic', 'method': 'GET', 'outcome': 'SUCCESS', 'status': '200', 'uri': '/actuator/prometheus'}",0.222459988,same_network,3,300
2026-07-24T22:04:36.236013+00:00,2026-07-24T22:04:36.365000+00:00,http_server_requests_seconds_sum,api-gateway,10.42.0.187:8080,"{'__name__': 'http_server_requests_seconds_sum', 'exception': 'IOException', 'instance': '10.42.0.187:8080', 'job': 'spring-petclinic', 'method': 'GET', 'outcome': 'SERVER_ERROR', 'status': '500', 'uri': 'UNKNOWN'}",0.12780342,same_network,3,300
2026-07-24T22:04:36.236013+00:00,2026-07-24T22:04:36.365000+00:00,http_server_requests_seconds_sum,customers-service,10.42.0.186:8080,"{'__name__': 'http_server_requests_seconds_sum', 'exception': 'None', 'instance': '10.42.0.186:8080', 'job': 'spring-petclinic', 'method': 'GET', 'outcome': 'SUCCESS', 'status': '200', 'uri': '/actuator/health/**'}",2.875576238,same_network,3,300
2026-07-24T22:04:36.236013+00:00,2026-07-24T22:04:36.365000+00:00,http_server_requests_seconds_sum,customers-service,10.42.0.186:8080,"{'__name__': 'http_server_requests_seconds_sum', 'exception': 'None', 'instance': '10.42.0.186:8080', 'job': 'spring-petclinic', 'method': 'GET', 'outcome': 'SUCCESS', 'status': '200', 'uri': '/actuator/prometheus'}",5.406353719,same_network,3,300
2026-07-24T22:04:36.236013+00:00,2026-07-24T22:04:36.365000+00:00,http_server_requests_seconds_sum,api-gateway,10.42.0.187:8080,"{'__name__': 'http_server_requests_seconds_sum', 'exception': 'None', 'instance': '10.42.0.187:8080', 'job': 'spring-petclinic', 'method': 'GET', 'outcome': 'SUCCESS', 'status': '200', 'uri': '/actuator/health/{*path}'}",9.927684543,same_network,3,300
2026-07-24T22:04:36.236013+00:00,2026-07-24T22:04:36.365000+00:00,http_server_requests_seconds_sum,api-gateway,10.42.0.187:8080,"{'__name__': 'http_server_requests_seconds_sum', 'exception': 'None', 'instance': '10.42.0.187:8080', 'job': 'spring-petclinic', 'method': 'GET', 'outcome': 'SUCCESS', 'status': '200', 'uri': '/actuator/prometheus'}",9.934848171,same_network,3,300
2026-07-24T22:04:36.236013+00:00,2026-07-24T22:04:36.365000+00:00,http_server_requests_seconds_sum,api-gateway,10.42.0.187:8080,"{'__name__': 'http_server_requests_seconds_sum', 'exception': 'None', 'instance': '10.42.0.187:8080', 'job': 'spring-petclinic', 'method': 'GET', 'outcome': 'SUCCESS', 'status': '200', 'uri': 'UNKNOWN'}",282678.203138318,same_network,3,300
2026-07-24T22:04:36.236013+00:00,2026-07-24T22:04:36.365000+00:00,http_server_requests_seconds_sum,visits-service,10.42.1.122:8080,"{'__name__': 'http_server_requests_seconds_sum', 'exception': 'None', 'instance': '10.42.1.122:8080', 'job': 'spring-petclinic', 'method': 'GET', 'outcome': 'SUCCESS', 'status': '200', 'uri': '/actuator/health/**'}",6.82619305,same_network,3,300
2026-07-24T22:04:36.236013+00:00,2026-07-24T22:04:36.365000+00:00,http_server_requests_seconds_sum,visits-service,10.42.1.122:8080,"{'__name__': 'http_server_requests_seconds_sum', 'exception': 'None', 'instance': '10.42.1.122:8080', 'job': 'spring-petclinic', 'method': 'GET', 'outcome': 'SUCCESS', 'status': '200', 'uri': '/actuator/prometheus'}",5.424343698,same_network,3,300
2026-07-24T22:04:36.236013+00:00,2026-07-24T22:04:36.365000+00:00,http_server_requests_seconds_sum,vets-service,10.42.1.123:8080,"{'__name__': 'http_server_requests_seconds_sum', 'exception': 'None', 'instance': '10.42.1.123:8080', 'job': 'spring-petclinic', 'method': 'GET', 'outcome': 'SUCCESS', 'status': '200', 'uri': '/actuator/health/**'}",4.054424362,same_network,3,300
2026-07-24T22:04:36.236013+00:00,2026-07-24T22:04:36.365000+00:00,http_server_requests_seconds_sum,vets-service,10.42.1.123:8080,"{'__name__': 'http_server_requests_seconds_sum', 'exception': 'None', 'instance': '10.42.1.123:8080', 'job': 'spring-petclinic', 'method': 'GET', 'outcome': 'SUCCESS', 'status': '200', 'uri': '/actuator/prometheus'}",4.945482213,same_network,3,300
2026-07-24T22:04:36.236013+00:00,2026-07-24T22:04:36.365000+00:00,http_server_requests_seconds_sum,vets-service,10.42.1.123:8080,"{'__name__': 'http_server_requests_seconds_sum', 'exception': 'None', 'instance': '10.42.1.123:8080', 'job': 'spring-petclinic', 'method': 'GET', 'outcome': 'SUCCESS', 'status': '200', 'uri': '/vets'}",40028.6519939,same_network,3,300
2026-07-24T22:04:36.236013+00:00,2026-07-24T22:04:36.365000+00:00,http_server_requests_seconds_sum,vets-service,10.42.1.124:8080,"{'__name__': 'http_server_requests_seconds_sum', 'exception': 'None', 'instance': '10.42.1.124:8080', 'job': 'spring-petclinic', 'method': 'GET', 'outcome': 'SUCCESS', 'status': '200', 'uri': '/actuator/health/**'}",4.287167579,same_network,3,300
2026-07-24T22:04:36.236013+00:00,2026-07-24T22:04:36.365000+00:00,http_server_requests_seconds_sum,vets-service,10.42.1.124:8080,"{'__name__': 'http_server_requests_seconds_sum', 'exception': 'None', 'instance': '10.42.1.124:8080', 'job': 'spring-petclinic', 'method': 'GET', 'outcome': 'SUCCESS', 'status': '200', 'uri': '/actuator/prometheus'}",6.277224799,same_network,3,300
2026-07-24T22:04:36.236013+00:00,2026-07-24T22:04:36.365000+00:00,http_server_requests_seconds_sum,vets-service,10.42.1.124:8080,"{'__name__': 'http_server_requests_seconds_sum', 'exception': 'None', 'instance': '10.42.1.124:8080', 'job': 'spring-petclinic', 'method': 'GET', 'outcome': 'SUCCESS', 'status': '200', 'uri': '/vets'}",40795.989858518,same_network,3,300
2026-07-24T22:04:36.236013+00:00,2026-07-24T22:04:36.365000+00:00,http_server_requests_seconds_sum,visits-service,10.42.1.125:8080,"{'__name__': 'http_server_requests_seconds_sum', 'exception': 'None', 'instance': '10.42.1.125:8080', 'job': 'spring-petclinic', 'method': 'GET', 'outcome': 'SUCCESS', 'status': '200', 'uri': '/actuator/health/**'}",5.668585793,same_network,3,300
2026-07-24T22:04:36.236013+00:00,2026-07-24T22:04:36.365000+00:00,http_server_requests_seconds_sum,visits-service,10.42.1.125:8080,"{'__name__': 'http_server_requests_seconds_sum', 'exception': 'None', 'instance': '10.42.1.125:8080', 'job': 'spring-petclinic', 'method': 'GET', 'outcome': 'SUCCESS', 'status': '200', 'uri': '/actuator/prometheus'}",4.130621771,same_network,3,300
2026-07-24T22:04:36.236013+00:00,2026-07-24T22:04:36.365000+00:00,http_server_requests_seconds_sum,customers-service,10.42.1.126:8080,"{'__name__': 'http_server_requests_seconds_sum', 'exception': 'None', 'instance': '10.42.1.126:8080', 'job': 'spring-petclinic', 'method': 'GET', 'outcome': 'SUCCESS', 'status': '200', 'uri': '/actuator/health/**'}",3.427731264,same_network,3,300
2026-07-24T22:04:36.236013+00:00,2026-07-24T22:04:36.365000+00:00,http_server_requests_seconds_sum,customers-service,10.42.1.126:8080,"{'__name__': 'http_server_requests_seconds_sum', 'exception': 'None', 'instance': '10.42.1.126:8080', 'job': 'spring-petclinic', 'method': 'GET', 'outcome': 'SUCCESS', 'status': '200', 'uri': '/actuator/prometheus'}",5.088956472,same_network,3,300
2026-07-24T22:04:36.236013+00:00,2026-07-24T22:04:36.365000+00:00,http_server_requests_seconds_sum,api-gateway,10.42.1.129:8080,"{'__name__': 'http_server_requests_seconds_sum', 'exception': 'None', 'instance': '10.42.1.129:8080', 'job': 'spring-petclinic', 'method': 'GET', 'outcome': 'SUCCESS', 'status': '200', 'uri': '/actuator/health/{*path}'}",0.333105282,same_network,3,300
2026-07-24T22:04:36.236013+00:00,2026-07-24T22:04:36.365000+00:00,http_server_requests_seconds_sum,api-gateway,10.42.1.129:8080,"{'__name__': 'http_server_requests_seconds_sum', 'exception': 'None', 'instance': '10.42.1.129:8080', 'job': 'spring-petclinic', 'method': 'GET', 'outcome': 'SUCCESS', 'status': '200', 'uri': '/actuator/prometheus'}",0.49850814,same_network,3,300
2026-07-24T22:04:36.236013+00:00,2026-07-24T22:04:36.365000+00:00,http_server_requests_seconds_sum,api-gateway,10.42.1.129:8080,"{'__name__': 'http_server_requests_seconds_sum', 'exception': 'None', 'instance': '10.42.1.129:8080', 'job': 'spring-petclinic', 'method': 'GET', 'outcome': 'SUCCESS', 'status': '200', 'uri': 'UNKNOWN'}",3371.912611684,same_network,3,300
2026-07-24T22:04:36.236013+00:00,2026-07-24T22:04:36.371000+00:00,spring_cloud_gateway_requests_seconds_count,api-gateway,10.42.0.187:8080,"{'__name__': 'spring_cloud_gateway_requests_seconds_count', 'httpMethod': 'GET', 'httpStatusCode': '200', 'instance': '10.42.0.187:8080', 'job': 'spring-petclinic', 'outcome': 'SUCCESSFUL', 'routeId': 'customers-service', 'routeUri': 'http://customers-service.spring-petclinic.svc.cluster.local:8080', 'status': 'OK'}",1146045,same_network,3,300
2026-07-24T22:04:36.236013+00:00,2026-07-24T22:04:36.371000+00:00,spring_cloud_gateway_requests_seconds_count,api-gateway,10.42.0.187:8080,"{'__name__': 'spring_cloud_gateway_requests_seconds_count', 'httpMethod': 'GET', 'httpStatusCode': '200', 'instance': '10.42.0.187:8080', 'job': 'spring-petclinic', 'outcome': 'SUCCESSFUL', 'routeId': 'vets-service', 'routeUri': 'http://vets-service.spring-petclinic.svc.cluster.local:8080', 'status': 'OK'}",573140,same_network,3,300
2026-07-24T22:04:36.236013+00:00,2026-07-24T22:04:36.371000+00:00,spring_cloud_gateway_requests_seconds_count,api-gateway,10.42.0.187:8080,"{'__name__': 'spring_cloud_gateway_requests_seconds_count', 'httpMethod': 'GET', 'httpStatusCode': '200', 'instance': '10.42.0.187:8080', 'job': 'spring-petclinic', 'outcome': 'SUCCESSFUL', 'routeId': 'visits-service', 'routeUri': 'http://visits-service.spring-petclinic.svc.cluster.local:8080', 'status': 'OK'}",574690,same_network,3,300
2026-07-24T22:04:36.236013+00:00,2026-07-24T22:04:36.371000+00:00,spring_cloud_gateway_requests_seconds_count,api-gateway,10.42.1.129:8080,"{'__name__': 'spring_cloud_gateway_requests_seconds_count', 'httpMethod': 'GET', 'httpStatusCode': '200', 'instance': '10.42.1.129:8080', 'job': 'spring-petclinic', 'outcome': 'SUCCESSFUL', 'routeId': 'customers-service', 'routeUri': 'http://customers-service.spring-petclinic.svc.cluster.local:8080', 'status': 'OK'}",8620,same_network,3,300
2026-07-24T22:04:36.236013+00:00,2026-07-24T22:04:36.371000+00:00,spring_cloud_gateway_requests_seconds_count,api-gateway,10.42.1.129:8080,"{'__name__': 'spring_cloud_gateway_requests_seconds_count', 'httpMethod': 'GET', 'httpStatusCode': '200', 'instance': '10.42.1.129:8080', 'job': 'spring-petclinic', 'outcome': 'SUCCESSFUL', 'routeId': 'vets-service', 'routeUri': 'http://vets-service.spring-petclinic.svc.cluster.local:8080', 'status': 'OK'}",4170,same_network,3,300
2026-07-24T22:04:36.236013+00:00,2026-07-24T22:04:36.371000+00:00,spring_cloud_gateway_requests_seconds_count,api-gateway,10.42.1.129:8080,"{'__name__': 'spring_cloud_gateway_requests_seconds_count', 'httpMethod': 'GET', 'httpStatusCode': '200', 'instance': '10.42.1.129:8080', 'job': 'spring-petclinic', 'outcome': 'SUCCESSFUL', 'routeId': 'visits-service', 'routeUri': 'http://visits-service.spring-petclinic.svc.cluster.local:8080', 'status': 'OK'}",4301,same_network,3,300
2026-07-24T22:04:36.236013+00:00,2026-07-24T22:04:36.371000+00:00,spring_cloud_gateway_requests_seconds_count,api-gateway,10.42.0.187:8080,"{'__name__': 'spring_cloud_gateway_requests_seconds_count', 'httpMethod': 'GET', 'httpStatusCode': '500', 'instance': '10.42.0.187:8080', 'job': 'spring-petclinic', 'outcome': 'SERVER_ERROR', 'routeId': 'customers-service', 'routeUri': 'http://customers-service.spring-petclinic.svc.cluster.local:8080', 'status': 'INTERNAL_SERVER_ERROR'}",2,same_network,3,300
2026-07-24T22:04:36.236013+00:00,2026-07-24T22:04:36.371000+00:00,spring_cloud_gateway_requests_seconds_count,api-gateway,10.42.0.187:8080,"{'__name__': 'spring_cloud_gateway_requests_seconds_count', 'httpMethod': 'GET', 'httpStatusCode': '500', 'instance': '10.42.0.187:8080', 'job': 'spring-petclinic', 'outcome': 'SERVER_ERROR', 'routeId': 'vets-service', 'routeUri': 'http://vets-service.spring-petclinic.svc.cluster.local:8080', 'status': 'INTERNAL_SERVER_ERROR'}",22,same_network,3,300
2026-07-24T22:04:36.236013+00:00,2026-07-24T22:04:36.371000+00:00,spring_cloud_gateway_requests_seconds_count,api-gateway,10.42.0.187:8080,"{'__name__': 'spring_cloud_gateway_requests_seconds_count', 'httpMethod': 'GET', 'httpStatusCode': '500', 'instance': '10.42.0.187:8080', 'job': 'spring-petclinic', 'outcome': 'SERVER_ERROR', 'routeId': 'visits-service', 'routeUri': 'http://visits-service.spring-petclinic.svc.cluster.local:8080', 'status': 'INTERNAL_SERVER_ERROR'}",26,same_network,3,300
2026-07-24T22:04:36.236013+00:00,2026-07-24T22:04:36.375000+00:00,spring_cloud_gateway_requests_seconds_max,api-gateway,10.42.0.187:8080,"{'__name__': 'spring_cloud_gateway_requests_seconds_max', 'httpMethod': 'GET', 'httpStatusCode': '200', 'instance': '10.42.0.187:8080', 'job': 'spring-petclinic', 'outcome': 'SUCCESSFUL', 'routeId': 'customers-service', 'routeUri': 'http://customers-service.spring-petclinic.svc.cluster.local:8080', 'status': 'OK'}",0.55213349,same_network,3,300
2026-07-24T22:04:36.236013+00:00,2026-07-24T22:04:36.375000+00:00,spring_cloud_gateway_requests_seconds_max,api-gateway,10.42.0.187:8080,"{'__name__': 'spring_cloud_gateway_requests_seconds_max', 'httpMethod': 'GET', 'httpStatusCode': '200', 'instance': '10.42.0.187:8080', 'job': 'spring-petclinic', 'outcome': 'SUCCESSFUL', 'routeId': 'vets-service', 'routeUri': 'http://vets-service.spring-petclinic.svc.cluster.local:8080', 'status': 'OK'}",0.476297406,same_network,3,300
2026-07-24T22:04:36.236013+00:00,2026-07-24T22:04:36.375000+00:00,spring_cloud_gateway_requests_seconds_max,api-gateway,10.42.0.187:8080,"{'__name__': 'spring_cloud_gateway_requests_seconds_max', 'httpMethod': 'GET', 'httpStatusCode': '200', 'instance': '10.42.0.187:8080', 'job': 'spring-petclinic', 'outcome': 'SUCCESSFUL', 'routeId': 'visits-service', 'routeUri': 'http://visits-service.spring-petclinic.svc.cluster.local:8080', 'status': 'OK'}",0.38962518,same_network,3,300
2026-07-24T22:04:36.236013+00:00,2026-07-24T22:04:36.375000+00:00,spring_cloud_gateway_requests_seconds_max,api-gateway,10.42.1.129:8080,"{'__name__': 'spring_cloud_gateway_requests_seconds_max', 'httpMethod': 'GET', 'httpStatusCode': '200', 'instance': '10.42.1.129:8080', 'job': 'spring-petclinic', 'outcome': 'SUCCESSFUL', 'routeId': 'customers-service', 'routeUri': 'http://customers-service.spring-petclinic.svc.cluster.local:8080', 'status': 'OK'}",5.166451765,same_network,3,300
2026-07-24T22:04:36.236013+00:00,2026-07-24T22:04:36.375000+00:00,spring_cloud_gateway_requests_seconds_max,api-gateway,10.42.1.129:8080,"{'__name__': 'spring_cloud_gateway_requests_seconds_max', 'httpMethod': 'GET', 'httpStatusCode': '200', 'instance': '10.42.1.129:8080', 'job': 'spring-petclinic', 'outcome': 'SUCCESSFUL', 'routeId': 'vets-service', 'routeUri': 'http://vets-service.spring-petclinic.svc.cluster.local:8080', 'status': 'OK'}",3.599073485,same_network,3,300
2026-07-24T22:04:36.236013+00:00,2026-07-24T22:04:36.375000+00:00,spring_cloud_gateway_requests_seconds_max,api-gateway,10.42.1.129:8080,"{'__name__': 'spring_cloud_gateway_requests_seconds_max', 'httpMethod': 'GET', 'httpStatusCode': '200', 'instance': '10.42.1.129:8080', 'job': 'spring-petclinic', 'outcome': 'SUCCESSFUL', 'routeId': 'visits-service', 'routeUri': 'http://visits-service.spring-petclinic.svc.cluster.local:8080', 'status': 'OK'}",1.498390102,same_network,3,300
2026-07-24T22:04:36.236013+00:00,2026-07-24T22:04:36.375000+00:00,spring_cloud_gateway_requests_seconds_max,api-gateway,10.42.0.187:8080,"{'__name__': 'spring_cloud_gateway_requests_seconds_max', 'httpMethod': 'GET', 'httpStatusCode': '500', 'instance': '10.42.0.187:8080', 'job': 'spring-petclinic', 'outcome': 'SERVER_ERROR', 'routeId': 'customers-service', 'routeUri': 'http://customers-service.spring-petclinic.svc.cluster.local:8080', 'status': 'INTERNAL_SERVER_ERROR'}",0,same_network,3,300
2026-07-24T22:04:36.236013+00:00,2026-07-24T22:04:36.375000+00:00,spring_cloud_gateway_requests_seconds_max,api-gateway,10.42.0.187:8080,"{'__name__': 'spring_cloud_gateway_requests_seconds_max', 'httpMethod': 'GET', 'httpStatusCode': '500', 'instance': '10.42.0.187:8080', 'job': 'spring-petclinic', 'outcome': 'SERVER_ERROR', 'routeId': 'vets-service', 'routeUri': 'http://vets-service.spring-petclinic.svc.cluster.local:8080', 'status': 'INTERNAL_SERVER_ERROR'}",0,same_network,3,300
2026-07-24T22:04:36.236013+00:00,2026-07-24T22:04:36.375000+00:00,spring_cloud_gateway_requests_seconds_max,api-gateway,10.42.0.187:8080,"{'__name__': 'spring_cloud_gateway_requests_seconds_max', 'httpMethod': 'GET', 'httpStatusCode': '500', 'instance': '10.42.0.187:8080', 'job': 'spring-petclinic', 'outcome': 'SERVER_ERROR', 'routeId': 'visits-service', 'routeUri': 'http://visits-service.spring-petclinic.svc.cluster.local:8080', 'status': 'INTERNAL_SERVER_ERROR'}",0,same_network,3,300
2026-07-24T22:04:36.236013+00:00,2026-07-24T22:04:36.380000+00:00,spring_cloud_gateway_requests_seconds_sum,api-gateway,10.42.0.187:8080,"{'__name__': 'spring_cloud_gateway_requests_seconds_sum', 'httpMethod': 'GET', 'httpStatusCode': '200', 'instance': '10.42.0.187:8080', 'job': 'spring-petclinic', 'outcome': 'SUCCESSFUL', 'routeId': 'customers-service', 'routeUri': 'http://customers-service.spring-petclinic.svc.cluster.local:8080', 'status': 'OK'}",184313.799993674,same_network,3,300
2026-07-24T22:04:36.236013+00:00,2026-07-24T22:04:36.380000+00:00,spring_cloud_gateway_requests_seconds_sum,api-gateway,10.42.0.187:8080,"{'__name__': 'spring_cloud_gateway_requests_seconds_sum', 'httpMethod': 'GET', 'httpStatusCode': '200', 'instance': '10.42.0.187:8080', 'job': 'spring-petclinic', 'outcome': 'SUCCESSFUL', 'routeId': 'vets-service', 'routeUri': 'http://vets-service.spring-petclinic.svc.cluster.local:8080', 'status': 'OK'}",78702.356752253,same_network,3,300
2026-07-24T22:04:36.236013+00:00,2026-07-24T22:04:36.380000+00:00,spring_cloud_gateway_requests_seconds_sum,api-gateway,10.42.0.187:8080,"{'__name__': 'spring_cloud_gateway_requests_seconds_sum', 'httpMethod': 'GET', 'httpStatusCode': '200', 'instance': '10.42.0.187:8080', 'job': 'spring-petclinic', 'outcome': 'SUCCESSFUL', 'routeId': 'visits-service', 'routeUri': 'http://visits-service.spring-petclinic.svc.cluster.local:8080', 'status': 'OK'}",15536.651161794,same_network,3,300
2026-07-24T22:04:36.236013+00:00,2026-07-24T22:04:36.380000+00:00,spring_cloud_gateway_requests_seconds_sum,api-gateway,10.42.1.129:8080,"{'__name__': 'spring_cloud_gateway_requests_seconds_sum', 'httpMethod': 'GET', 'httpStatusCode': '200', 'instance': '10.42.1.129:8080', 'job': 'spring-petclinic', 'outcome': 'SUCCESSFUL', 'routeId': 'customers-service', 'routeUri': 'http://customers-service.spring-petclinic.svc.cluster.local:8080', 'status': 'OK'}",2520.261066164,same_network,3,300
2026-07-24T22:04:36.236013+00:00,2026-07-24T22:04:36.380000+00:00,spring_cloud_gateway_requests_seconds_sum,api-gateway,10.42.1.129:8080,"{'__name__': 'spring_cloud_gateway_requests_seconds_sum', 'httpMethod': 'GET', 'httpStatusCode': '200', 'instance': '10.42.1.129:8080', 'job': 'spring-petclinic', 'outcome': 'SUCCESSFUL', 'routeId': 'vets-service', 'routeUri': 'http://vets-service.spring-petclinic.svc.cluster.local:8080', 'status': 'OK'}",730.945974906,same_network,3,300
2026-07-24T22:04:36.236013+00:00,2026-07-24T22:04:36.380000+00:00,spring_cloud_gateway_requests_seconds_sum,api-gateway,10.42.1.129:8080,"{'__name__': 'spring_cloud_gateway_requests_seconds_sum', 'httpMethod': 'GET', 'httpStatusCode': '200', 'instance': '10.42.1.129:8080', 'job': 'spring-petclinic', 'outcome': 'SUCCESSFUL', 'routeId': 'visits-service', 'routeUri': 'http://visits-service.spring-petclinic.svc.cluster.local:8080', 'status': 'OK'}",82.665317788,same_network,3,300
2026-07-24T22:04:36.236013+00:00,2026-07-24T22:04:36.380000+00:00,spring_cloud_gateway_requests_seconds_sum,api-gateway,10.42.0.187:8080,"{'__name__': 'spring_cloud_gateway_requests_seconds_sum', 'httpMethod': 'GET', 'httpStatusCode': '500', 'instance': '10.42.0.187:8080', 'job': 'spring-petclinic', 'outcome': 'SERVER_ERROR', 'routeId': 'customers-service', 'routeUri': 'http://customers-service.spring-petclinic.svc.cluster.local:8080', 'status': 'INTERNAL_SERVER_ERROR'}",0.150802858,same_network,3,300
2026-07-24T22:04:36.236013+00:00,2026-07-24T22:04:36.380000+00:00,spring_cloud_gateway_requests_seconds_sum,api-gateway,10.42.0.187:8080,"{'__name__': 'spring_cloud_gateway_requests_seconds_sum', 'httpMethod': 'GET', 'httpStatusCode': '500', 'instance': '10.42.0.187:8080', 'job': 'spring-petclinic', 'outcome': 'SERVER_ERROR', 'routeId': 'vets-service', 'routeUri': 'http://vets-service.spring-petclinic.svc.cluster.local:8080', 'status': 'INTERNAL_SERVER_ERROR'}",52.224064757,same_network,3,300
2026-07-24T22:04:36.236013+00:00,2026-07-24T22:04:36.380000+00:00,spring_cloud_gateway_requests_seconds_sum,api-gateway,10.42.0.187:8080,"{'__name__': 'spring_cloud_gateway_requests_seconds_sum', 'httpMethod': 'GET', 'httpStatusCode': '500', 'instance': '10.42.0.187:8080', 'job': 'spring-petclinic', 'outcome': 'SERVER_ERROR', 'routeId': 'visits-service', 'routeUri': 'http://visits-service.spring-petclinic.svc.cluster.local:8080', 'status': 'INTERNAL_SERVER_ERROR'}",45.667181616,same_network,3,300
2026-07-24T22:04:36.236013+00:00,2026-07-24T22:04:36.386000+00:00,spring_cloud_gateway_routes_count,api-gateway,10.42.0.187:8080,"{'__name__': 'spring_cloud_gateway_routes_count', 'instance': '10.42.0.187:8080', 'job': 'spring-petclinic'}",3,same_network,3,300
2026-07-24T22:04:36.236013+00:00,2026-07-24T22:04:36.386000+00:00,spring_cloud_gateway_routes_count,api-gateway,10.42.1.129:8080,"{'__name__': 'spring_cloud_gateway_routes_count', 'instance': '10.42.1.129:8080', 'job': 'spring-petclinic'}",3,same_network,3,300
2026-07-24T22:04:36.236013+00:00,2026-07-24T22:04:36.389000+00:00,spring_data_repository_invocations_seconds_count,customers-service,10.42.0.186:8080,"{'__name__': 'spring_data_repository_invocations_seconds_count', 'exception': 'None', 'instance': '10.42.0.186:8080', 'job': 'spring-petclinic', 'method': 'findAll', 'repository': 'OwnerRepository', 'state': 'SUCCESS'}",304514,same_network,3,300
2026-07-24T22:04:36.236013+00:00,2026-07-24T22:04:36.389000+00:00,spring_data_repository_invocations_seconds_count,customers-service,10.42.0.186:8080,"{'__name__': 'spring_data_repository_invocations_seconds_count', 'exception': 'None', 'instance': '10.42.0.186:8080', 'job': 'spring-petclinic', 'method': 'findById', 'repository': 'OwnerRepository', 'state': 'SUCCESS'}",304357,same_network,3,300
2026-07-24T22:04:36.236013+00:00,2026-07-24T22:04:36.389000+00:00,spring_data_repository_invocations_seconds_count,visits-service,10.42.1.122:8080,"{'__name__': 'spring_data_repository_invocations_seconds_count', 'exception': 'None', 'instance': '10.42.1.122:8080', 'job': 'spring-petclinic', 'method': 'findByPetId', 'repository': 'VisitRepository', 'state': 'SUCCESS'}",298508,same_network,3,300
2026-07-24T22:04:36.236013+00:00,2026-07-24T22:04:36.389000+00:00,spring_data_repository_invocations_seconds_count,vets-service,10.42.1.123:8080,"{'__name__': 'spring_data_repository_invocations_seconds_count', 'exception': 'None', 'instance': '10.42.1.123:8080', 'job': 'spring-petclinic', 'method': 'findAll', 'repository': 'VetRepository', 'state': 'SUCCESS'}",292891,same_network,3,300
2026-07-24T22:04:36.236013+00:00,2026-07-24T22:04:36.389000+00:00,spring_data_repository_invocations_seconds_count,vets-service,10.42.1.124:8080,"{'__name__': 'spring_data_repository_invocations_seconds_count', 'exception': 'None', 'instance': '10.42.1.124:8080', 'job': 'spring-petclinic', 'method': 'findAll', 'repository': 'VetRepository', 'state': 'SUCCESS'}",298236,same_network,3,300
2026-07-24T22:04:36.236013+00:00,2026-07-24T22:04:36.389000+00:00,spring_data_repository_invocations_seconds_count,visits-service,10.42.1.125:8080,"{'__name__': 'spring_data_repository_invocations_seconds_count', 'exception': 'None', 'instance': '10.42.1.125:8080', 'job': 'spring-petclinic', 'method': 'findByPetId', 'repository': 'VisitRepository', 'state': 'SUCCESS'}",294160,same_network,3,300
2026-07-24T22:04:36.236013+00:00,2026-07-24T22:04:36.389000+00:00,spring_data_repository_invocations_seconds_count,customers-service,10.42.1.126:8080,"{'__name__': 'spring_data_repository_invocations_seconds_count', 'exception': 'None', 'instance': '10.42.1.126:8080', 'job': 'spring-petclinic', 'method': 'findAll', 'repository': 'OwnerRepository', 'state': 'SUCCESS'}",292268,same_network,3,300
2026-07-24T22:04:36.236013+00:00,2026-07-24T22:04:36.389000+00:00,spring_data_repository_invocations_seconds_count,customers-service,10.42.1.126:8080,"{'__name__': 'spring_data_repository_invocations_seconds_count', 'exception': 'None', 'instance': '10.42.1.126:8080', 'job': 'spring-petclinic', 'method': 'findById', 'repository': 'OwnerRepository', 'state': 'SUCCESS'}",292983,same_network,3,300
2026-07-24T22:04:36.236013+00:00,2026-07-24T22:04:36.389000+00:00,spring_data_repository_invocations_seconds_count,customers-service,10.42.0.186:8080,"{'__name__': 'spring_data_repository_invocations_seconds_count', 'exception': 'PersistenceException', 'instance': '10.42.0.186:8080', 'job': 'spring-petclinic', 'method': 'findAll', 'repository': 'OwnerRepository', 'state': 'ERROR'}",6,same_network,3,300
2026-07-24T22:04:36.236013+00:00,2026-07-24T22:04:36.389000+00:00,spring_data_repository_invocations_seconds_count,customers-service,10.42.0.186:8080,"{'__name__': 'spring_data_repository_invocations_seconds_count', 'exception': 'PersistenceException', 'instance': '10.42.0.186:8080', 'job': 'spring-petclinic', 'method': 'findById', 'repository': 'OwnerRepository', 'state': 'ERROR'}",1,same_network,3,300
2026-07-24T22:04:36.236013+00:00,2026-07-24T22:04:36.398000+00:00,spring_data_repository_invocations_seconds_max,customers-service,10.42.0.186:8080,"{'__name__': 'spring_data_repository_invocations_seconds_max', 'exception': 'None', 'instance': '10.42.0.186:8080', 'job': 'spring-petclinic', 'method': 'findAll', 'repository': 'OwnerRepository', 'state': 'SUCCESS'}",0.310934727,same_network,3,300
2026-07-24T22:04:36.236013+00:00,2026-07-24T22:04:36.398000+00:00,spring_data_repository_invocations_seconds_max,customers-service,10.42.0.186:8080,"{'__name__': 'spring_data_repository_invocations_seconds_max', 'exception': 'None', 'instance': '10.42.0.186:8080', 'job': 'spring-petclinic', 'method': 'findById', 'repository': 'OwnerRepository', 'state': 'SUCCESS'}",0.113627337,same_network,3,300
2026-07-24T22:04:36.236013+00:00,2026-07-24T22:04:36.398000+00:00,spring_data_repository_invocations_seconds_max,visits-service,10.42.1.122:8080,"{'__name__': 'spring_data_repository_invocations_seconds_max', 'exception': 'None', 'instance': '10.42.1.122:8080', 'job': 'spring-petclinic', 'method': 'findByPetId', 'repository': 'VisitRepository', 'state': 'SUCCESS'}",0.080694492,same_network,3,300
2026-07-24T22:04:36.236013+00:00,2026-07-24T22:04:36.398000+00:00,spring_data_repository_invocations_seconds_max,vets-service,10.42.1.123:8080,"{'__name__': 'spring_data_repository_invocations_seconds_max', 'exception': 'None', 'instance': '10.42.1.123:8080', 'job': 'spring-petclinic', 'method': 'findAll', 'repository': 'VetRepository', 'state': 'SUCCESS'}",0.19412244,same_network,3,300
2026-07-24T22:04:36.236013+00:00,2026-07-24T22:04:36.398000+00:00,spring_data_repository_invocations_seconds_max,vets-service,10.42.1.124:8080,"{'__name__': 'spring_data_repository_invocations_seconds_max', 'exception': 'None', 'instance': '10.42.1.124:8080', 'job': 'spring-petclinic', 'method': 'findAll', 'repository': 'VetRepository', 'state': 'SUCCESS'}",0.177270654,same_network,3,300
2026-07-24T22:04:36.236013+00:00,2026-07-24T22:04:36.398000+00:00,spring_data_repository_invocations_seconds_max,visits-service,10.42.1.125:8080,"{'__name__': 'spring_data_repository_invocations_seconds_max', 'exception': 'None', 'instance': '10.42.1.125:8080', 'job': 'spring-petclinic', 'method': 'findByPetId', 'repository': 'VisitRepository', 'state': 'SUCCESS'}",0.092843619,same_network,3,300
2026-07-24T22:04:36.236013+00:00,2026-07-24T22:04:36.398000+00:00,spring_data_repository_invocations_seconds_max,customers-service,10.42.1.126:8080,"{'__name__': 'spring_data_repository_invocations_seconds_max', 'exception': 'None', 'instance': '10.42.1.126:8080', 'job': 'spring-petclinic', 'method': 'findAll', 'repository': 'OwnerRepository', 'state': 'SUCCESS'}",0.249317684,same_network,3,300
2026-07-24T22:04:36.236013+00:00,2026-07-24T22:04:36.398000+00:00,spring_data_repository_invocations_seconds_max,customers-service,10.42.1.126:8080,"{'__name__': 'spring_data_repository_invocations_seconds_max', 'exception': 'None', 'instance': '10.42.1.126:8080', 'job': 'spring-petclinic', 'method': 'findById', 'repository': 'OwnerRepository', 'state': 'SUCCESS'}",0.043380951,same_network,3,300
2026-07-24T22:04:36.236013+00:00,2026-07-24T22:04:36.398000+00:00,spring_data_repository_invocations_seconds_max,customers-service,10.42.0.186:8080,"{'__name__': 'spring_data_repository_invocations_seconds_max', 'exception': 'PersistenceException', 'instance': '10.42.0.186:8080', 'job': 'spring-petclinic', 'method': 'findAll', 'repository': 'OwnerRepository', 'state': 'ERROR'}",0,same_network,3,300
2026-07-24T22:04:36.236013+00:00,2026-07-24T22:04:36.398000+00:00,spring_data_repository_invocations_seconds_max,customers-service,10.42.0.186:8080,"{'__name__': 'spring_data_repository_invocations_seconds_max', 'exception': 'PersistenceException', 'instance': '10.42.0.186:8080', 'job': 'spring-petclinic', 'method': 'findById', 'repository': 'OwnerRepository', 'state': 'ERROR'}",0,same_network,3,300
2026-07-24T22:04:36.236013+00:00,2026-07-24T22:04:36.403000+00:00,spring_data_repository_invocations_seconds_sum,customers-service,10.42.0.186:8080,"{'__name__': 'spring_data_repository_invocations_seconds_sum', 'exception': 'None', 'instance': '10.42.0.186:8080', 'job': 'spring-petclinic', 'method': 'findAll', 'repository': 'OwnerRepository', 'state': 'SUCCESS'}",28704.618451284,same_network,3,300
2026-07-24T22:04:36.236013+00:00,2026-07-24T22:04:36.403000+00:00,spring_data_repository_invocations_seconds_sum,customers-service,10.42.0.186:8080,"{'__name__': 'spring_data_repository_invocations_seconds_sum', 'exception': 'None', 'instance': '10.42.0.186:8080', 'job': 'spring-petclinic', 'method': 'findById', 'repository': 'OwnerRepository', 'state': 'SUCCESS'}",2768.944404484,same_network,3,300
2026-07-24T22:04:36.236013+00:00,2026-07-24T22:04:36.403000+00:00,spring_data_repository_invocations_seconds_sum,visits-service,10.42.1.122:8080,"{'__name__': 'spring_data_repository_invocations_seconds_sum', 'exception': 'None', 'instance': '10.42.1.122:8080', 'job': 'spring-petclinic', 'method': 'findByPetId', 'repository': 'VisitRepository', 'state': 'SUCCESS'}",3810.161592076,same_network,3,300
2026-07-24T22:04:36.236013+00:00,2026-07-24T22:04:36.403000+00:00,spring_data_repository_invocations_seconds_sum,vets-service,10.42.1.123:8080,"{'__name__': 'spring_data_repository_invocations_seconds_sum', 'exception': 'None', 'instance': '10.42.1.123:8080', 'job': 'spring-petclinic', 'method': 'findAll', 'repository': 'VetRepository', 'state': 'SUCCESS'}",19208.771897748,same_network,3,300
2026-07-24T22:04:36.236013+00:00,2026-07-24T22:04:36.403000+00:00,spring_data_repository_invocations_seconds_sum,vets-service,10.42.1.124:8080,"{'__name__': 'spring_data_repository_invocations_seconds_sum', 'exception': 'None', 'instance': '10.42.1.124:8080', 'job': 'spring-petclinic', 'method': 'findAll', 'repository': 'VetRepository', 'state': 'SUCCESS'}",19526.948774145,same_network,3,300
2026-07-24T22:04:36.236013+00:00,2026-07-24T22:04:36.403000+00:00,spring_data_repository_invocations_seconds_sum,visits-service,10.42.1.125:8080,"{'__name__': 'spring_data_repository_invocations_seconds_sum', 'exception': 'None', 'instance': '10.42.1.125:8080', 'job': 'spring-petclinic', 'method': 'findByPetId', 'repository': 'VisitRepository', 'state': 'SUCCESS'}",3670.83432623,same_network,3,300
2026-07-24T22:04:36.236013+00:00,2026-07-24T22:04:36.403000+00:00,spring_data_repository_invocations_seconds_sum,customers-service,10.42.1.126:8080,"{'__name__': 'spring_data_repository_invocations_seconds_sum', 'exception': 'None', 'instance': '10.42.1.126:8080', 'job': 'spring-petclinic', 'method': 'findAll', 'repository': 'OwnerRepository', 'state': 'SUCCESS'}",30066.363894679,same_network,3,300
2026-07-24T22:04:36.236013+00:00,2026-07-24T22:04:36.403000+00:00,spring_data_repository_invocations_seconds_sum,customers-service,10.42.1.126:8080,"{'__name__': 'spring_data_repository_invocations_seconds_sum', 'exception': 'None', 'instance': '10.42.1.126:8080', 'job': 'spring-petclinic', 'method': 'findById', 'repository': 'OwnerRepository', 'state': 'SUCCESS'}",2852.65244056,same_network,3,300
2026-07-24T22:04:36.236013+00:00,2026-07-24T22:04:36.403000+00:00,spring_data_repository_invocations_seconds_sum,customers-service,10.42.0.186:8080,"{'__name__': 'spring_data_repository_invocations_seconds_sum', 'exception': 'PersistenceException', 'instance': '10.42.0.186:8080', 'job': 'spring-petclinic', 'method': 'findAll', 'repository': 'OwnerRepository', 'state': 'ERROR'}",162.317731366,same_network,3,300
2026-07-24T22:04:36.236013+00:00,2026-07-24T22:04:36.403000+00:00,spring_data_repository_invocations_seconds_sum,customers-service,10.42.0.186:8080,"{'__name__': 'spring_data_repository_invocations_seconds_sum', 'exception': 'PersistenceException', 'instance': '10.42.0.186:8080', 'job': 'spring-petclinic', 'method': 'findById', 'repository': 'OwnerRepository', 'state': 'ERROR'}",27.935482957,same_network,3,300
2026-07-24T22:04:36.236013+00:00,2026-07-24T22:04:36.409000+00:00,petclinic_owner_seconds_count,customers-service,10.42.0.186:8080,"{'__name__': 'petclinic_owner_seconds_count', 'exception': 'CannotCreateTransactionException', 'instance': '10.42.0.186:8080', 'job': 'spring-petclinic', 'method': 'GET', 'outcome': 'SERVER_ERROR', 'status': '500', 'uri': '/owners'}",1,same_network,3,300
2026-07-24T22:04:36.236013+00:00,2026-07-24T22:04:36.409000+00:00,petclinic_owner_seconds_count,customers-service,10.42.0.186:8080,"{'__name__': 'petclinic_owner_seconds_count', 'exception': 'CannotCreateTransactionException', 'instance': '10.42.0.186:8080', 'job': 'spring-petclinic', 'method': 'GET', 'outcome': 'SERVER_ERROR', 'status': '500', 'uri': '/owners/{ownerId}'}",2,same_network,3,300
2026-07-24T22:04:36.236013+00:00,2026-07-24T22:04:36.409000+00:00,petclinic_owner_seconds_count,customers-service,10.42.0.186:8080,"{'__name__': 'petclinic_owner_seconds_count', 'exception': 'JpaSystemException', 'instance': '10.42.0.186:8080', 'job': 'spring-petclinic', 'method': 'GET', 'outcome': 'SERVER_ERROR', 'status': '500', 'uri': '/owners/{ownerId}'}",1,same_network,3,300
2026-07-24T22:04:36.236013+00:00,2026-07-24T22:04:36.409000+00:00,petclinic_owner_seconds_count,customers-service,10.42.0.186:8080,"{'__name__': 'petclinic_owner_seconds_count', 'exception': 'None', 'instance': '10.42.0.186:8080', 'job': 'spring-petclinic', 'method': 'GET', 'outcome': 'SUCCESS', 'status': '200', 'uri': '/owners'}",304511,same_network,3,300
2026-07-24T22:04:36.236013+00:00,2026-07-24T22:04:36.409000+00:00,petclinic_owner_seconds_count,customers-service,10.42.0.186:8080,"{'__name__': 'petclinic_owner_seconds_count', 'exception': 'None', 'instance': '10.42.0.186:8080', 'job': 'spring-petclinic', 'method': 'GET', 'outcome': 'SUCCESS', 'status': '200', 'uri': '/owners/{ownerId}'}",304355,same_network,3,300
2026-07-24T22:04:36.236013+00:00,2026-07-24T22:04:36.409000+00:00,petclinic_owner_seconds_count,customers-service,10.42.1.126:8080,"{'__name__': 'petclinic_owner_seconds_count', 'exception': 'None', 'instance': '10.42.1.126:8080', 'job': 'spring-petclinic', 'method': 'GET', 'outcome': 'SUCCESS', 'status': '200', 'uri': '/owners'}",292268,same_network,3,300
2026-07-24T22:04:36.236013+00:00,2026-07-24T22:04:36.409000+00:00,petclinic_owner_seconds_count,customers-service,10.42.1.126:8080,"{'__name__': 'petclinic_owner_seconds_count', 'exception': 'None', 'instance': '10.42.1.126:8080', 'job': 'spring-petclinic', 'method': 'GET', 'outcome': 'SUCCESS', 'status': '200', 'uri': '/owners/{ownerId}'}",292982,same_network,3,300
2026-07-24T22:04:36.236013+00:00,2026-07-24T22:04:36.409000+00:00,petclinic_owner_seconds_count,customers-service,10.42.0.186:8080,"{'__name__': 'petclinic_owner_seconds_count', 'exception': 'TransactionSystemException', 'instance': '10.42.0.186:8080', 'job': 'spring-petclinic', 'method': 'GET', 'outcome': 'SERVER_ERROR', 'status': '500', 'uri': '/owners'}",6,same_network,3,300
2026-07-24T22:04:36.236013+00:00,2026-07-24T22:04:36.409000+00:00,petclinic_owner_seconds_count,customers-service,10.42.0.186:8080,"{'__name__': 'petclinic_owner_seconds_count', 'exception': 'TransactionSystemException', 'instance': '10.42.0.186:8080', 'job': 'spring-petclinic', 'method': 'GET', 'outcome': 'SERVER_ERROR', 'status': '500', 'uri': '/owners/{ownerId}'}",1,same_network,3,300
2026-07-24T22:04:36.236013+00:00,2026-07-24T22:04:36.415000+00:00,petclinic_owner_seconds_max,customers-service,10.42.0.186:8080,"{'__name__': 'petclinic_owner_seconds_max', 'exception': 'CannotCreateTransactionException', 'instance': '10.42.0.186:8080', 'job': 'spring-petclinic', 'method': 'GET', 'outcome': 'SERVER_ERROR', 'status': '500', 'uri': '/owners'}",0,same_network,3,300
2026-07-24T22:04:36.236013+00:00,2026-07-24T22:04:36.415000+00:00,petclinic_owner_seconds_max,customers-service,10.42.0.186:8080,"{'__name__': 'petclinic_owner_seconds_max', 'exception': 'CannotCreateTransactionException', 'instance': '10.42.0.186:8080', 'job': 'spring-petclinic', 'method': 'GET', 'outcome': 'SERVER_ERROR', 'status': '500', 'uri': '/owners/{ownerId}'}",0,same_network,3,300
2026-07-24T22:04:36.236013+00:00,2026-07-24T22:04:36.415000+00:00,petclinic_owner_seconds_max,customers-service,10.42.0.186:8080,"{'__name__': 'petclinic_owner_seconds_max', 'exception': 'JpaSystemException', 'instance': '10.42.0.186:8080', 'job': 'spring-petclinic', 'method': 'GET', 'outcome': 'SERVER_ERROR', 'status': '500', 'uri': '/owners/{ownerId}'}",0,same_network,3,300
2026-07-24T22:04:36.236013+00:00,2026-07-24T22:04:36.415000+00:00,petclinic_owner_seconds_max,customers-service,10.42.0.186:8080,"{'__name__': 'petclinic_owner_seconds_max', 'exception': 'None', 'instance': '10.42.0.186:8080', 'job': 'spring-petclinic', 'method': 'GET', 'outcome': 'SUCCESS', 'status': '200', 'uri': '/owners'}",0.500143074,same_network,3,300
2026-07-24T22:04:36.236013+00:00,2026-07-24T22:04:36.415000+00:00,petclinic_owner_seconds_max,customers-service,10.42.0.186:8080,"{'__name__': 'petclinic_owner_seconds_max', 'exception': 'None', 'instance': '10.42.0.186:8080', 'job': 'spring-petclinic', 'method': 'GET', 'outcome': 'SUCCESS', 'status': '200', 'uri': '/owners/{ownerId}'}",0.452302453,same_network,3,300
2026-07-24T22:04:36.236013+00:00,2026-07-24T22:04:36.415000+00:00,petclinic_owner_seconds_max,customers-service,10.42.1.126:8080,"{'__name__': 'petclinic_owner_seconds_max', 'exception': 'None', 'instance': '10.42.1.126:8080', 'job': 'spring-petclinic', 'method': 'GET', 'outcome': 'SUCCESS', 'status': '200', 'uri': '/owners'}",0.363378687,same_network,3,300
2026-07-24T22:04:36.236013+00:00,2026-07-24T22:04:36.415000+00:00,petclinic_owner_seconds_max,customers-service,10.42.1.126:8080,"{'__name__': 'petclinic_owner_seconds_max', 'exception': 'None', 'instance': '10.42.1.126:8080', 'job': 'spring-petclinic', 'method': 'GET', 'outcome': 'SUCCESS', 'status': '200', 'uri': '/owners/{ownerId}'}",0.303629396,same_network,3,300
2026-07-24T22:04:36.236013+00:00,2026-07-24T22:04:36.415000+00:00,petclinic_owner_seconds_max,customers-service,10.42.0.186:8080,"{'__name__': 'petclinic_owner_seconds_max', 'exception': 'TransactionSystemException', 'instance': '10.42.0.186:8080', 'job': 'spring-petclinic', 'method': 'GET', 'outcome': 'SERVER_ERROR', 'status': '500', 'uri': '/owners'}",0,same_network,3,300
2026-07-24T22:04:36.236013+00:00,2026-07-24T22:04:36.415000+00:00,petclinic_owner_seconds_max,customers-service,10.42.0.186:8080,"{'__name__': 'petclinic_owner_seconds_max', 'exception': 'TransactionSystemException', 'instance': '10.42.0.186:8080', 'job': 'spring-petclinic', 'method': 'GET', 'outcome': 'SERVER_ERROR', 'status': '500', 'uri': '/owners/{ownerId}'}",0,same_network,3,300
2026-07-24T22:04:36.236013+00:00,2026-07-24T22:04:36.419000+00:00,petclinic_owner_seconds_sum,customers-service,10.42.0.186:8080,"{'__name__': 'petclinic_owner_seconds_sum', 'exception': 'CannotCreateTransactionException', 'instance': '10.42.0.186:8080', 'job': 'spring-petclinic', 'method': 'GET', 'outcome': 'SERVER_ERROR', 'status': '500', 'uri': '/owners'}",30.011462249,same_network,3,300
2026-07-24T22:04:36.236013+00:00,2026-07-24T22:04:36.419000+00:00,petclinic_owner_seconds_sum,customers-service,10.42.0.186:8080,"{'__name__': 'petclinic_owner_seconds_sum', 'exception': 'CannotCreateTransactionException', 'instance': '10.42.0.186:8080', 'job': 'spring-petclinic', 'method': 'GET', 'outcome': 'SERVER_ERROR', 'status': '500', 'uri': '/owners/{ownerId}'}",57.928555052,same_network,3,300
2026-07-24T22:04:36.236013+00:00,2026-07-24T22:04:36.419000+00:00,petclinic_owner_seconds_sum,customers-service,10.42.0.186:8080,"{'__name__': 'petclinic_owner_seconds_sum', 'exception': 'JpaSystemException', 'instance': '10.42.0.186:8080', 'job': 'spring-petclinic', 'method': 'GET', 'outcome': 'SERVER_ERROR', 'status': '500', 'uri': '/owners/{ownerId}'}",29.962295767,same_network,3,300
2026-07-24T22:04:36.236013+00:00,2026-07-24T22:04:36.419000+00:00,petclinic_owner_seconds_sum,customers-service,10.42.0.186:8080,"{'__name__': 'petclinic_owner_seconds_sum', 'exception': 'None', 'instance': '10.42.0.186:8080', 'job': 'spring-petclinic', 'method': 'GET', 'outcome': 'SUCCESS', 'status': '200', 'uri': '/owners'}",71778.190135277,same_network,3,300
2026-07-24T22:04:36.236013+00:00,2026-07-24T22:04:36.419000+00:00,petclinic_owner_seconds_sum,customers-service,10.42.0.186:8080,"{'__name__': 'petclinic_owner_seconds_sum', 'exception': 'None', 'instance': '10.42.0.186:8080', 'job': 'spring-petclinic', 'method': 'GET', 'outcome': 'SUCCESS', 'status': '200', 'uri': '/owners/{ownerId}'}",45503.697488518,same_network,3,300
2026-07-24T22:04:36.236013+00:00,2026-07-24T22:04:36.419000+00:00,petclinic_owner_seconds_sum,customers-service,10.42.1.126:8080,"{'__name__': 'petclinic_owner_seconds_sum', 'exception': 'None', 'instance': '10.42.1.126:8080', 'job': 'spring-petclinic', 'method': 'GET', 'outcome': 'SUCCESS', 'status': '200', 'uri': '/owners'}",64122.032102757,same_network,3,300
2026-07-24T22:04:36.236013+00:00,2026-07-24T22:04:36.419000+00:00,petclinic_owner_seconds_sum,customers-service,10.42.1.126:8080,"{'__name__': 'petclinic_owner_seconds_sum', 'exception': 'None', 'instance': '10.42.1.126:8080', 'job': 'spring-petclinic', 'method': 'GET', 'outcome': 'SUCCESS', 'status': '200', 'uri': '/owners/{ownerId}'}",37586.129774291,same_network,3,300
2026-07-24T22:04:36.236013+00:00,2026-07-24T22:04:36.419000+00:00,petclinic_owner_seconds_sum,customers-service,10.42.0.186:8080,"{'__name__': 'petclinic_owner_seconds_sum', 'exception': 'TransactionSystemException', 'instance': '10.42.0.186:8080', 'job': 'spring-petclinic', 'method': 'GET', 'outcome': 'SERVER_ERROR', 'status': '500', 'uri': '/owners'}",162.536228172,same_network,3,300
2026-07-24T22:04:36.236013+00:00,2026-07-24T22:04:36.419000+00:00,petclinic_owner_seconds_sum,customers-service,10.42.0.186:8080,"{'__name__': 'petclinic_owner_seconds_sum', 'exception': 'TransactionSystemException', 'instance': '10.42.0.186:8080', 'job': 'spring-petclinic', 'method': 'GET', 'outcome': 'SERVER_ERROR', 'status': '500', 'uri': '/owners/{ownerId}'}",27.98418218,same_network,3,300
2026-07-24T22:04:36.236013+00:00,2026-07-24T22:04:36.426000+00:00,petclinic_visit_seconds_count,visits-service,10.42.1.122:8080,"{'__name__': 'petclinic_visit_seconds_count', 'exception': 'None', 'instance': '10.42.1.122:8080', 'job': 'spring-petclinic', 'method': 'GET', 'outcome': 'SUCCESS', 'status': '200', 'uri': '/owners/*/pets/{petId}/visits'}",298508,same_network,3,300
2026-07-24T22:04:36.236013+00:00,2026-07-24T22:04:36.426000+00:00,petclinic_visit_seconds_count,visits-service,10.42.1.125:8080,"{'__name__': 'petclinic_visit_seconds_count', 'exception': 'None', 'instance': '10.42.1.125:8080', 'job': 'spring-petclinic', 'method': 'GET', 'outcome': 'SUCCESS', 'status': '200', 'uri': '/owners/*/pets/{petId}/visits'}",294160,same_network,3,300
2026-07-24T22:04:36.236013+00:00,2026-07-24T22:04:36.431000+00:00,petclinic_visit_seconds_max,visits-service,10.42.1.122:8080,"{'__name__': 'petclinic_visit_seconds_max', 'exception': 'None', 'instance': '10.42.1.122:8080', 'job': 'spring-petclinic', 'method': 'GET', 'outcome': 'SUCCESS', 'status': '200', 'uri': '/owners/*/pets/{petId}/visits'}",0.081998853,same_network,3,300
2026-07-24T22:04:36.236013+00:00,2026-07-24T22:04:36.431000+00:00,petclinic_visit_seconds_max,visits-service,10.42.1.125:8080,"{'__name__': 'petclinic_visit_seconds_max', 'exception': 'None', 'instance': '10.42.1.125:8080', 'job': 'spring-petclinic', 'method': 'GET', 'outcome': 'SUCCESS', 'status': '200', 'uri': '/owners/*/pets/{petId}/visits'}",0.093651042,same_network,3,300
2026-07-24T22:04:36.236013+00:00,2026-07-24T22:04:36.434000+00:00,petclinic_visit_seconds_sum,visits-service,10.42.1.122:8080,"{'__name__': 'petclinic_visit_seconds_sum', 'exception': 'None', 'instance': '10.42.1.122:8080', 'job': 'spring-petclinic', 'method': 'GET', 'outcome': 'SUCCESS', 'status': '200', 'uri': '/owners/*/pets/{petId}/visits'}",4502.719289125,same_network,3,300
2026-07-24T22:04:36.236013+00:00,2026-07-24T22:04:36.434000+00:00,petclinic_visit_seconds_sum,visits-service,10.42.1.125:8080,"{'__name__': 'petclinic_visit_seconds_sum', 'exception': 'None', 'instance': '10.42.1.125:8080', 'job': 'spring-petclinic', 'method': 'GET', 'outcome': 'SUCCESS', 'status': '200', 'uri': '/owners/*/pets/{petId}/visits'}",4503.27065996,same_network,3,300
2026-07-24T22:04:36.236013+00:00,2026-07-24T22:04:36.439000+00:00,hikaricp_connections,customers-service,10.42.0.186:8080,"{'__name__': 'hikaricp_connections', 'instance': '10.42.0.186:8080', 'job': 'spring-petclinic', 'pool': 'HikariPool-1'}",10,same_network,3,300
2026-07-24T22:04:36.236013+00:00,2026-07-24T22:04:36.439000+00:00,hikaricp_connections,visits-service,10.42.1.122:8080,"{'__name__': 'hikaricp_connections', 'instance': '10.42.1.122:8080', 'job': 'spring-petclinic', 'pool': 'HikariPool-1'}",10,same_network,3,300
2026-07-24T22:04:36.236013+00:00,2026-07-24T22:04:36.439000+00:00,hikaricp_connections,vets-service,10.42.1.123:8080,"{'__name__': 'hikaricp_connections', 'instance': '10.42.1.123:8080', 'job': 'spring-petclinic', 'pool': 'HikariPool-1'}",10,same_network,3,300
2026-07-24T22:04:36.236013+00:00,2026-07-24T22:04:36.439000+00:00,hikaricp_connections,vets-service,10.42.1.124:8080,"{'__name__': 'hikaricp_connections', 'instance': '10.42.1.124:8080', 'job': 'spring-petclinic', 'pool': 'HikariPool-1'}",10,same_network,3,300
2026-07-24T22:04:36.236013+00:00,2026-07-24T22:04:36.439000+00:00,hikaricp_connections,visits-service,10.42.1.125:8080,"{'__name__': 'hikaricp_connections', 'instance': '10.42.1.125:8080', 'job': 'spring-petclinic', 'pool': 'HikariPool-1'}",10,same_network,3,300
2026-07-24T22:04:36.236013+00:00,2026-07-24T22:04:36.439000+00:00,hikaricp_connections,customers-service,10.42.1.126:8080,"{'__name__': 'hikaricp_connections', 'instance': '10.42.1.126:8080', 'job': 'spring-petclinic', 'pool': 'HikariPool-1'}",10,same_network,3,300
2026-07-24T22:04:36.236013+00:00,2026-07-24T22:04:36.444000+00:00,hikaricp_connections_active,customers-service,10.42.0.186:8080,"{'__name__': 'hikaricp_connections_active', 'instance': '10.42.0.186:8080', 'job': 'spring-petclinic', 'pool': 'HikariPool-1'}",7,same_network,3,300
2026-07-24T22:04:36.236013+00:00,2026-07-24T22:04:36.444000+00:00,hikaricp_connections_active,visits-service,10.42.1.122:8080,"{'__name__': 'hikaricp_connections_active', 'instance': '10.42.1.122:8080', 'job': 'spring-petclinic', 'pool': 'HikariPool-1'}",0,same_network,3,300
2026-07-24T22:04:36.236013+00:00,2026-07-24T22:04:36.444000+00:00,hikaricp_connections_active,vets-service,10.42.1.123:8080,"{'__name__': 'hikaricp_connections_active', 'instance': '10.42.1.123:8080', 'job': 'spring-petclinic', 'pool': 'HikariPool-1'}",7,same_network,3,300
2026-07-24T22:04:36.236013+00:00,2026-07-24T22:04:36.444000+00:00,hikaricp_connections_active,vets-service,10.42.1.124:8080,"{'__name__': 'hikaricp_connections_active', 'instance': '10.42.1.124:8080', 'job': 'spring-petclinic', 'pool': 'HikariPool-1'}",4,same_network,3,300
2026-07-24T22:04:36.236013+00:00,2026-07-24T22:04:36.444000+00:00,hikaricp_connections_active,visits-service,10.42.1.125:8080,"{'__name__': 'hikaricp_connections_active', 'instance': '10.42.1.125:8080', 'job': 'spring-petclinic', 'pool': 'HikariPool-1'}",0,same_network,3,300
2026-07-24T22:04:36.236013+00:00,2026-07-24T22:04:36.444000+00:00,hikaricp_connections_active,customers-service,10.42.1.126:8080,"{'__name__': 'hikaricp_connections_active', 'instance': '10.42.1.126:8080', 'job': 'spring-petclinic', 'pool': 'HikariPool-1'}",9,same_network,3,300
2026-07-24T22:04:36.236013+00:00,2026-07-24T22:04:36.449000+00:00,hikaricp_connections_idle,customers-service,10.42.0.186:8080,"{'__name__': 'hikaricp_connections_idle', 'instance': '10.42.0.186:8080', 'job': 'spring-petclinic', 'pool': 'HikariPool-1'}",3,same_network,3,300
2026-07-24T22:04:36.236013+00:00,2026-07-24T22:04:36.449000+00:00,hikaricp_connections_idle,visits-service,10.42.1.122:8080,"{'__name__': 'hikaricp_connections_idle', 'instance': '10.42.1.122:8080', 'job': 'spring-petclinic', 'pool': 'HikariPool-1'}",10,same_network,3,300
2026-07-24T22:04:36.236013+00:00,2026-07-24T22:04:36.449000+00:00,hikaricp_connections_idle,vets-service,10.42.1.123:8080,"{'__name__': 'hikaricp_connections_idle', 'instance': '10.42.1.123:8080', 'job': 'spring-petclinic', 'pool': 'HikariPool-1'}",3,same_network,3,300
2026-07-24T22:04:36.236013+00:00,2026-07-24T22:04:36.449000+00:00,hikaricp_connections_idle,vets-service,10.42.1.124:8080,"{'__name__': 'hikaricp_connections_idle', 'instance': '10.42.1.124:8080', 'job': 'spring-petclinic', 'pool': 'HikariPool-1'}",6,same_network,3,300
2026-07-24T22:04:36.236013+00:00,2026-07-24T22:04:36.449000+00:00,hikaricp_connections_idle,visits-service,10.42.1.125:8080,"{'__name__': 'hikaricp_connections_idle', 'instance': '10.42.1.125:8080', 'job': 'spring-petclinic', 'pool': 'HikariPool-1'}",10,same_network,3,300
2026-07-24T22:04:36.236013+00:00,2026-07-24T22:04:36.449000+00:00,hikaricp_connections_idle,customers-service,10.42.1.126:8080,"{'__name__': 'hikaricp_connections_idle', 'instance': '10.42.1.126:8080', 'job': 'spring-petclinic', 'pool': 'HikariPool-1'}",1,same_network,3,300
2026-07-24T22:04:36.236013+00:00,2026-07-24T22:04:36.454000+00:00,hikaricp_connections_max,customers-service,10.42.0.186:8080,"{'__name__': 'hikaricp_connections_max', 'instance': '10.42.0.186:8080', 'job': 'spring-petclinic', 'pool': 'HikariPool-1'}",10,same_network,3,300
2026-07-24T22:04:36.236013+00:00,2026-07-24T22:04:36.454000+00:00,hikaricp_connections_max,visits-service,10.42.1.122:8080,"{'__name__': 'hikaricp_connections_max', 'instance': '10.42.1.122:8080', 'job': 'spring-petclinic', 'pool': 'HikariPool-1'}",10,same_network,3,300
2026-07-24T22:04:36.236013+00:00,2026-07-24T22:04:36.454000+00:00,hikaricp_connections_max,vets-service,10.42.1.123:8080,"{'__name__': 'hikaricp_connections_max', 'instance': '10.42.1.123:8080', 'job': 'spring-petclinic', 'pool': 'HikariPool-1'}",10,same_network,3,300
2026-07-24T22:04:36.236013+00:00,2026-07-24T22:04:36.454000+00:00,hikaricp_connections_max,vets-service,10.42.1.124:8080,"{'__name__': 'hikaricp_connections_max', 'instance': '10.42.1.124:8080', 'job': 'spring-petclinic', 'pool': 'HikariPool-1'}",10,same_network,3,300
2026-07-24T22:04:36.236013+00:00,2026-07-24T22:04:36.454000+00:00,hikaricp_connections_max,visits-service,10.42.1.125:8080,"{'__name__': 'hikaricp_connections_max', 'instance': '10.42.1.125:8080', 'job': 'spring-petclinic', 'pool': 'HikariPool-1'}",10,same_network,3,300
2026-07-24T22:04:36.236013+00:00,2026-07-24T22:04:36.454000+00:00,hikaricp_connections_max,customers-service,10.42.1.126:8080,"{'__name__': 'hikaricp_connections_max', 'instance': '10.42.1.126:8080', 'job': 'spring-petclinic', 'pool': 'HikariPool-1'}",10,same_network,3,300
2026-07-24T22:04:36.236013+00:00,2026-07-24T22:04:36.459000+00:00,hikaricp_connections_min,customers-service,10.42.0.186:8080,"{'__name__': 'hikaricp_connections_min', 'instance': '10.42.0.186:8080', 'job': 'spring-petclinic', 'pool': 'HikariPool-1'}",10,same_network,3,300
2026-07-24T22:04:36.236013+00:00,2026-07-24T22:04:36.459000+00:00,hikaricp_connections_min,visits-service,10.42.1.122:8080,"{'__name__': 'hikaricp_connections_min', 'instance': '10.42.1.122:8080', 'job': 'spring-petclinic', 'pool': 'HikariPool-1'}",10,same_network,3,300
2026-07-24T22:04:36.236013+00:00,2026-07-24T22:04:36.459000+00:00,hikaricp_connections_min,vets-service,10.42.1.123:8080,"{'__name__': 'hikaricp_connections_min', 'instance': '10.42.1.123:8080', 'job': 'spring-petclinic', 'pool': 'HikariPool-1'}",10,same_network,3,300
2026-07-24T22:04:36.236013+00:00,2026-07-24T22:04:36.459000+00:00,hikaricp_connections_min,vets-service,10.42.1.124:8080,"{'__name__': 'hikaricp_connections_min', 'instance': '10.42.1.124:8080', 'job': 'spring-petclinic', 'pool': 'HikariPool-1'}",10,same_network,3,300
2026-07-24T22:04:36.236013+00:00,2026-07-24T22:04:36.459000+00:00,hikaricp_connections_min,visits-service,10.42.1.125:8080,"{'__name__': 'hikaricp_connections_min', 'instance': '10.42.1.125:8080', 'job': 'spring-petclinic', 'pool': 'HikariPool-1'}",10,same_network,3,300
2026-07-24T22:04:36.236013+00:00,2026-07-24T22:04:36.459000+00:00,hikaricp_connections_min,customers-service,10.42.1.126:8080,"{'__name__': 'hikaricp_connections_min', 'instance': '10.42.1.126:8080', 'job': 'spring-petclinic', 'pool': 'HikariPool-1'}",10,same_network,3,300
2026-07-24T22:04:36.236013+00:00,2026-07-24T22:04:36.464000+00:00,hikaricp_connections_pending,customers-service,10.42.0.186:8080,"{'__name__': 'hikaricp_connections_pending', 'instance': '10.42.0.186:8080', 'job': 'spring-petclinic', 'pool': 'HikariPool-1'}",0,same_network,3,300
2026-07-24T22:04:36.236013+00:00,2026-07-24T22:04:36.464000+00:00,hikaricp_connections_pending,visits-service,10.42.1.122:8080,"{'__name__': 'hikaricp_connections_pending', 'instance': '10.42.1.122:8080', 'job': 'spring-petclinic', 'pool': 'HikariPool-1'}",0,same_network,3,300
2026-07-24T22:04:36.236013+00:00,2026-07-24T22:04:36.464000+00:00,hikaricp_connections_pending,vets-service,10.42.1.123:8080,"{'__name__': 'hikaricp_connections_pending', 'instance': '10.42.1.123:8080', 'job': 'spring-petclinic', 'pool': 'HikariPool-1'}",0,same_network,3,300
2026-07-24T22:04:36.236013+00:00,2026-07-24T22:04:36.464000+00:00,hikaricp_connections_pending,vets-service,10.42.1.124:8080,"{'__name__': 'hikaricp_connections_pending', 'instance': '10.42.1.124:8080', 'job': 'spring-petclinic', 'pool': 'HikariPool-1'}",0,same_network,3,300
2026-07-24T22:04:36.236013+00:00,2026-07-24T22:04:36.464000+00:00,hikaricp_connections_pending,visits-service,10.42.1.125:8080,"{'__name__': 'hikaricp_connections_pending', 'instance': '10.42.1.125:8080', 'job': 'spring-petclinic', 'pool': 'HikariPool-1'}",0,same_network,3,300
2026-07-24T22:04:36.236013+00:00,2026-07-24T22:04:36.464000+00:00,hikaricp_connections_pending,customers-service,10.42.1.126:8080,"{'__name__': 'hikaricp_connections_pending', 'instance': '10.42.1.126:8080', 'job': 'spring-petclinic', 'pool': 'HikariPool-1'}",0,same_network,3,300
2026-07-24T22:04:36.236013+00:00,2026-07-24T22:04:36.469000+00:00,hikaricp_connections_timeout_total,customers-service,10.42.0.186:8080,"{'__name__': 'hikaricp_connections_timeout_total', 'instance': '10.42.0.186:8080', 'job': 'spring-petclinic', 'pool': 'HikariPool-1'}",2,same_network,3,300
2026-07-24T22:04:36.236013+00:00,2026-07-24T22:04:36.469000+00:00,hikaricp_connections_timeout_total,visits-service,10.42.1.122:8080,"{'__name__': 'hikaricp_connections_timeout_total', 'instance': '10.42.1.122:8080', 'job': 'spring-petclinic', 'pool': 'HikariPool-1'}",0,same_network,3,300
2026-07-24T22:04:36.236013+00:00,2026-07-24T22:04:36.469000+00:00,hikaricp_connections_timeout_total,vets-service,10.42.1.123:8080,"{'__name__': 'hikaricp_connections_timeout_total', 'instance': '10.42.1.123:8080', 'job': 'spring-petclinic', 'pool': 'HikariPool-1'}",0,same_network,3,300
2026-07-24T22:04:36.236013+00:00,2026-07-24T22:04:36.469000+00:00,hikaricp_connections_timeout_total,vets-service,10.42.1.124:8080,"{'__name__': 'hikaricp_connections_timeout_total', 'instance': '10.42.1.124:8080', 'job': 'spring-petclinic', 'pool': 'HikariPool-1'}",0,same_network,3,300
2026-07-24T22:04:36.236013+00:00,2026-07-24T22:04:36.469000+00:00,hikaricp_connections_timeout_total,visits-service,10.42.1.125:8080,"{'__name__': 'hikaricp_connections_timeout_total', 'instance': '10.42.1.125:8080', 'job': 'spring-petclinic', 'pool': 'HikariPool-1'}",0,same_network,3,300
2026-07-24T22:04:36.236013+00:00,2026-07-24T22:04:36.469000+00:00,hikaricp_connections_timeout_total,customers-service,10.42.1.126:8080,"{'__name__': 'hikaricp_connections_timeout_total', 'instance': '10.42.1.126:8080', 'job': 'spring-petclinic', 'pool': 'HikariPool-1'}",0,same_network,3,300
2026-07-24T22:04:36.236013+00:00,2026-07-24T22:04:36.473000+00:00,hikaricp_connections_acquire_seconds_count,customers-service,10.42.0.186:8080,"{'__name__': 'hikaricp_connections_acquire_seconds_count', 'instance': '10.42.0.186:8080', 'job': 'spring-petclinic', 'pool': 'HikariPool-1'}",608884,same_network,3,300
2026-07-24T22:04:36.236013+00:00,2026-07-24T22:04:36.473000+00:00,hikaricp_connections_acquire_seconds_count,visits-service,10.42.1.122:8080,"{'__name__': 'hikaricp_connections_acquire_seconds_count', 'instance': '10.42.1.122:8080', 'job': 'spring-petclinic', 'pool': 'HikariPool-1'}",298508,same_network,3,300
2026-07-24T22:04:36.236013+00:00,2026-07-24T22:04:36.473000+00:00,hikaricp_connections_acquire_seconds_count,vets-service,10.42.1.123:8080,"{'__name__': 'hikaricp_connections_acquire_seconds_count', 'instance': '10.42.1.123:8080', 'job': 'spring-petclinic', 'pool': 'HikariPool-1'}",292896,same_network,3,300
2026-07-24T22:04:36.236013+00:00,2026-07-24T22:04:36.473000+00:00,hikaricp_connections_acquire_seconds_count,vets-service,10.42.1.124:8080,"{'__name__': 'hikaricp_connections_acquire_seconds_count', 'instance': '10.42.1.124:8080', 'job': 'spring-petclinic', 'pool': 'HikariPool-1'}",298238,same_network,3,300
2026-07-24T22:04:36.236013+00:00,2026-07-24T22:04:36.473000+00:00,hikaricp_connections_acquire_seconds_count,visits-service,10.42.1.125:8080,"{'__name__': 'hikaricp_connections_acquire_seconds_count', 'instance': '10.42.1.125:8080', 'job': 'spring-petclinic', 'pool': 'HikariPool-1'}",294160,same_network,3,300
2026-07-24T22:04:36.236013+00:00,2026-07-24T22:04:36.473000+00:00,hikaricp_connections_acquire_seconds_count,customers-service,10.42.1.126:8080,"{'__name__': 'hikaricp_connections_acquire_seconds_count', 'instance': '10.42.1.126:8080', 'job': 'spring-petclinic', 'pool': 'HikariPool-1'}",585258,same_network,3,300
2026-07-24T22:04:36.236013+00:00,2026-07-24T22:04:36.481000+00:00,hikaricp_connections_acquire_seconds_max,customers-service,10.42.0.186:8080,"{'__name__': 'hikaricp_connections_acquire_seconds_max', 'instance': '10.42.0.186:8080', 'job': 'spring-petclinic', 'pool': 'HikariPool-1'}",0.382294869,same_network,3,300
2026-07-24T22:04:36.236013+00:00,2026-07-24T22:04:36.481000+00:00,hikaricp_connections_acquire_seconds_max,visits-service,10.42.1.122:8080,"{'__name__': 'hikaricp_connections_acquire_seconds_max', 'instance': '10.42.1.122:8080', 'job': 'spring-petclinic', 'pool': 'HikariPool-1'}",0.066648618,same_network,3,300
2026-07-24T22:04:36.236013+00:00,2026-07-24T22:04:36.481000+00:00,hikaricp_connections_acquire_seconds_max,vets-service,10.42.1.123:8080,"{'__name__': 'hikaricp_connections_acquire_seconds_max', 'instance': '10.42.1.123:8080', 'job': 'spring-petclinic', 'pool': 'HikariPool-1'}",0.154938944,same_network,3,300
2026-07-24T22:04:36.236013+00:00,2026-07-24T22:04:36.481000+00:00,hikaricp_connections_acquire_seconds_max,vets-service,10.42.1.124:8080,"{'__name__': 'hikaricp_connections_acquire_seconds_max', 'instance': '10.42.1.124:8080', 'job': 'spring-petclinic', 'pool': 'HikariPool-1'}",0.129225601,same_network,3,300
2026-07-24T22:04:36.236013+00:00,2026-07-24T22:04:36.481000+00:00,hikaricp_connections_acquire_seconds_max,visits-service,10.42.1.125:8080,"{'__name__': 'hikaricp_connections_acquire_seconds_max', 'instance': '10.42.1.125:8080', 'job': 'spring-petclinic', 'pool': 'HikariPool-1'}",0.037063031,same_network,3,300
2026-07-24T22:04:36.236013+00:00,2026-07-24T22:04:36.481000+00:00,hikaricp_connections_acquire_seconds_max,customers-service,10.42.1.126:8080,"{'__name__': 'hikaricp_connections_acquire_seconds_max', 'instance': '10.42.1.126:8080', 'job': 'spring-petclinic', 'pool': 'HikariPool-1'}",0.243942334,same_network,3,300
2026-07-24T22:04:36.236013+00:00,2026-07-24T22:04:36.485000+00:00,hikaricp_connections_acquire_seconds_sum,customers-service,10.42.0.186:8080,"{'__name__': 'hikaricp_connections_acquire_seconds_sum', 'instance': '10.42.0.186:8080', 'job': 'spring-petclinic', 'pool': 'HikariPool-1'}",61136.208228417,same_network,3,300
2026-07-24T22:04:36.236013+00:00,2026-07-24T22:04:36.485000+00:00,hikaricp_connections_acquire_seconds_sum,visits-service,10.42.1.122:8080,"{'__name__': 'hikaricp_connections_acquire_seconds_sum', 'instance': '10.42.1.122:8080', 'job': 'spring-petclinic', 'pool': 'HikariPool-1'}",697.357042637,same_network,3,300
2026-07-24T22:04:36.236013+00:00,2026-07-24T22:04:36.485000+00:00,hikaricp_connections_acquire_seconds_sum,vets-service,10.42.1.123:8080,"{'__name__': 'hikaricp_connections_acquire_seconds_sum', 'instance': '10.42.1.123:8080', 'job': 'spring-petclinic', 'pool': 'HikariPool-1'}",7626.540850111,same_network,3,300
2026-07-24T22:04:36.236013+00:00,2026-07-24T22:04:36.485000+00:00,hikaricp_connections_acquire_seconds_sum,vets-service,10.42.1.124:8080,"{'__name__': 'hikaricp_connections_acquire_seconds_sum', 'instance': '10.42.1.124:8080', 'job': 'spring-petclinic', 'pool': 'HikariPool-1'}",8016.405780419,same_network,3,300
2026-07-24T22:04:36.236013+00:00,2026-07-24T22:04:36.485000+00:00,hikaricp_connections_acquire_seconds_sum,visits-service,10.42.1.125:8080,"{'__name__': 'hikaricp_connections_acquire_seconds_sum', 'instance': '10.42.1.125:8080', 'job': 'spring-petclinic', 'pool': 'HikariPool-1'}",528.753908427,same_network,3,300
2026-07-24T22:04:36.236013+00:00,2026-07-24T22:04:36.485000+00:00,hikaricp_connections_acquire_seconds_sum,customers-service,10.42.1.126:8080,"{'__name__': 'hikaricp_connections_acquire_seconds_sum', 'instance': '10.42.1.126:8080', 'job': 'spring-petclinic', 'pool': 'HikariPool-1'}",43532.951308692,same_network,3,300
2026-07-24T22:04:36.236013+00:00,2026-07-24T22:04:36.489000+00:00,hikaricp_connections_creation_seconds_count,customers-service,10.42.0.186:8080,"{'__name__': 'hikaricp_connections_creation_seconds_count', 'instance': '10.42.0.186:8080', 'job': 'spring-petclinic', 'pool': 'HikariPool-1'}",80,same_network,3,300
2026-07-24T22:04:36.236013+00:00,2026-07-24T22:04:36.489000+00:00,hikaricp_connections_creation_seconds_count,visits-service,10.42.1.122:8080,"{'__name__': 'hikaricp_connections_creation_seconds_count', 'instance': '10.42.1.122:8080', 'job': 'spring-petclinic', 'pool': 'HikariPool-1'}",281,same_network,3,300
2026-07-24T22:04:36.236013+00:00,2026-07-24T22:04:36.489000+00:00,hikaricp_connections_creation_seconds_count,vets-service,10.42.1.123:8080,"{'__name__': 'hikaricp_connections_creation_seconds_count', 'instance': '10.42.1.123:8080', 'job': 'spring-petclinic', 'pool': 'HikariPool-1'}",278,same_network,3,300
2026-07-24T22:04:36.236013+00:00,2026-07-24T22:04:36.489000+00:00,hikaricp_connections_creation_seconds_count,vets-service,10.42.1.124:8080,"{'__name__': 'hikaricp_connections_creation_seconds_count', 'instance': '10.42.1.124:8080', 'job': 'spring-petclinic', 'pool': 'HikariPool-1'}",268,same_network,3,300
2026-07-24T22:04:36.236013+00:00,2026-07-24T22:04:36.489000+00:00,hikaricp_connections_creation_seconds_count,visits-service,10.42.1.125:8080,"{'__name__': 'hikaricp_connections_creation_seconds_count', 'instance': '10.42.1.125:8080', 'job': 'spring-petclinic', 'pool': 'HikariPool-1'}",268,same_network,3,300
2026-07-24T22:04:36.236013+00:00,2026-07-24T22:04:36.489000+00:00,hikaricp_connections_creation_seconds_count,customers-service,10.42.1.126:8080,"{'__name__': 'hikaricp_connections_creation_seconds_count', 'instance': '10.42.1.126:8080', 'job': 'spring-petclinic', 'pool': 'HikariPool-1'}",266,same_network,3,300
2026-07-24T22:04:36.236013+00:00,2026-07-24T22:04:36.497000+00:00,hikaricp_connections_creation_seconds_max,customers-service,10.42.0.186:8080,"{'__name__': 'hikaricp_connections_creation_seconds_max', 'instance': '10.42.0.186:8080', 'job': 'spring-petclinic', 'pool': 'HikariPool-1'}",0,same_network,3,300
2026-07-24T22:04:36.236013+00:00,2026-07-24T22:04:36.497000+00:00,hikaricp_connections_creation_seconds_max,visits-service,10.42.1.122:8080,"{'__name__': 'hikaricp_connections_creation_seconds_max', 'instance': '10.42.1.122:8080', 'job': 'spring-petclinic', 'pool': 'HikariPool-1'}",0,same_network,3,300
2026-07-24T22:04:36.236013+00:00,2026-07-24T22:04:36.497000+00:00,hikaricp_connections_creation_seconds_max,vets-service,10.42.1.123:8080,"{'__name__': 'hikaricp_connections_creation_seconds_max', 'instance': '10.42.1.123:8080', 'job': 'spring-petclinic', 'pool': 'HikariPool-1'}",0,same_network,3,300
2026-07-24T22:04:36.236013+00:00,2026-07-24T22:04:36.497000+00:00,hikaricp_connections_creation_seconds_max,vets-service,10.42.1.124:8080,"{'__name__': 'hikaricp_connections_creation_seconds_max', 'instance': '10.42.1.124:8080', 'job': 'spring-petclinic', 'pool': 'HikariPool-1'}",0,same_network,3,300
2026-07-24T22:04:36.236013+00:00,2026-07-24T22:04:36.497000+00:00,hikaricp_connections_creation_seconds_max,visits-service,10.42.1.125:8080,"{'__name__': 'hikaricp_connections_creation_seconds_max', 'instance': '10.42.1.125:8080', 'job': 'spring-petclinic', 'pool': 'HikariPool-1'}",0,same_network,3,300
2026-07-24T22:04:36.236013+00:00,2026-07-24T22:04:36.497000+00:00,hikaricp_connections_creation_seconds_max,customers-service,10.42.1.126:8080,"{'__name__': 'hikaricp_connections_creation_seconds_max', 'instance': '10.42.1.126:8080', 'job': 'spring-petclinic', 'pool': 'HikariPool-1'}",0,same_network,3,300
2026-07-24T22:04:36.236013+00:00,2026-07-24T22:04:36.502000+00:00,hikaricp_connections_creation_seconds_sum,customers-service,10.42.0.186:8080,"{'__name__': 'hikaricp_connections_creation_seconds_sum', 'instance': '10.42.0.186:8080', 'job': 'spring-petclinic', 'pool': 'HikariPool-1'}",7.66,same_network,3,300
2026-07-24T22:04:36.236013+00:00,2026-07-24T22:04:36.502000+00:00,hikaricp_connections_creation_seconds_sum,visits-service,10.42.1.122:8080,"{'__name__': 'hikaricp_connections_creation_seconds_sum', 'instance': '10.42.1.122:8080', 'job': 'spring-petclinic', 'pool': 'HikariPool-1'}",970.766,same_network,3,300
2026-07-24T22:04:36.236013+00:00,2026-07-24T22:04:36.502000+00:00,hikaricp_connections_creation_seconds_sum,vets-service,10.42.1.123:8080,"{'__name__': 'hikaricp_connections_creation_seconds_sum', 'instance': '10.42.1.123:8080', 'job': 'spring-petclinic', 'pool': 'HikariPool-1'}",958.596,same_network,3,300
2026-07-24T22:04:36.236013+00:00,2026-07-24T22:04:36.502000+00:00,hikaricp_connections_creation_seconds_sum,vets-service,10.42.1.124:8080,"{'__name__': 'hikaricp_connections_creation_seconds_sum', 'instance': '10.42.1.124:8080', 'job': 'spring-petclinic', 'pool': 'HikariPool-1'}",909.837,same_network,3,300
2026-07-24T22:04:36.236013+00:00,2026-07-24T22:04:36.502000+00:00,hikaricp_connections_creation_seconds_sum,visits-service,10.42.1.125:8080,"{'__name__': 'hikaricp_connections_creation_seconds_sum', 'instance': '10.42.1.125:8080', 'job': 'spring-petclinic', 'pool': 'HikariPool-1'}",916.395,same_network,3,300
2026-07-24T22:04:36.236013+00:00,2026-07-24T22:04:36.502000+00:00,hikaricp_connections_creation_seconds_sum,customers-service,10.42.1.126:8080,"{'__name__': 'hikaricp_connections_creation_seconds_sum', 'instance': '10.42.1.126:8080', 'job': 'spring-petclinic', 'pool': 'HikariPool-1'}",901.866,same_network,3,300
2026-07-24T22:04:36.236013+00:00,2026-07-24T22:04:36.507000+00:00,hikaricp_connections_usage_seconds_count,customers-service,10.42.0.186:8080,"{'__name__': 'hikaricp_connections_usage_seconds_count', 'instance': '10.42.0.186:8080', 'job': 'spring-petclinic', 'pool': 'HikariPool-1'}",608865,same_network,3,300
2026-07-24T22:04:36.236013+00:00,2026-07-24T22:04:36.507000+00:00,hikaricp_connections_usage_seconds_count,visits-service,10.42.1.122:8080,"{'__name__': 'hikaricp_connections_usage_seconds_count', 'instance': '10.42.1.122:8080', 'job': 'spring-petclinic', 'pool': 'HikariPool-1'}",298508,same_network,3,300
2026-07-24T22:04:36.236013+00:00,2026-07-24T22:04:36.507000+00:00,hikaricp_connections_usage_seconds_count,vets-service,10.42.1.123:8080,"{'__name__': 'hikaricp_connections_usage_seconds_count', 'instance': '10.42.1.123:8080', 'job': 'spring-petclinic', 'pool': 'HikariPool-1'}",292889,same_network,3,300
2026-07-24T22:04:36.236013+00:00,2026-07-24T22:04:36.507000+00:00,hikaricp_connections_usage_seconds_count,vets-service,10.42.1.124:8080,"{'__name__': 'hikaricp_connections_usage_seconds_count', 'instance': '10.42.1.124:8080', 'job': 'spring-petclinic', 'pool': 'HikariPool-1'}",298234,same_network,3,300
2026-07-24T22:04:36.236013+00:00,2026-07-24T22:04:36.507000+00:00,hikaricp_connections_usage_seconds_count,visits-service,10.42.1.125:8080,"{'__name__': 'hikaricp_connections_usage_seconds_count', 'instance': '10.42.1.125:8080', 'job': 'spring-petclinic', 'pool': 'HikariPool-1'}",294160,same_network,3,300
2026-07-24T22:04:36.236013+00:00,2026-07-24T22:04:36.507000+00:00,hikaricp_connections_usage_seconds_count,customers-service,10.42.1.126:8080,"{'__name__': 'hikaricp_connections_usage_seconds_count', 'instance': '10.42.1.126:8080', 'job': 'spring-petclinic', 'pool': 'HikariPool-1'}",585250,same_network,3,300
2026-07-24T22:04:36.236013+00:00,2026-07-24T22:04:36.521000+00:00,hikaricp_connections_usage_seconds_max,customers-service,10.42.0.186:8080,"{'__name__': 'hikaricp_connections_usage_seconds_max', 'instance': '10.42.0.186:8080', 'job': 'spring-petclinic', 'pool': 'HikariPool-1'}",0.372,same_network,3,300
2026-07-24T22:04:36.236013+00:00,2026-07-24T22:04:36.521000+00:00,hikaricp_connections_usage_seconds_max,visits-service,10.42.1.122:8080,"{'__name__': 'hikaricp_connections_usage_seconds_max', 'instance': '10.42.1.122:8080', 'job': 'spring-petclinic', 'pool': 'HikariPool-1'}",0.055,same_network,3,300
2026-07-24T22:04:36.236013+00:00,2026-07-24T22:04:36.521000+00:00,hikaricp_connections_usage_seconds_max,vets-service,10.42.1.123:8080,"{'__name__': 'hikaricp_connections_usage_seconds_max', 'instance': '10.42.1.123:8080', 'job': 'spring-petclinic', 'pool': 'HikariPool-1'}",0.247,same_network,3,300
2026-07-24T22:04:36.236013+00:00,2026-07-24T22:04:36.521000+00:00,hikaricp_connections_usage_seconds_max,vets-service,10.42.1.124:8080,"{'__name__': 'hikaricp_connections_usage_seconds_max', 'instance': '10.42.1.124:8080', 'job': 'spring-petclinic', 'pool': 'HikariPool-1'}",0.223,same_network,3,300
2026-07-24T22:04:36.236013+00:00,2026-07-24T22:04:36.521000+00:00,hikaricp_connections_usage_seconds_max,visits-service,10.42.1.125:8080,"{'__name__': 'hikaricp_connections_usage_seconds_max', 'instance': '10.42.1.125:8080', 'job': 'spring-petclinic', 'pool': 'HikariPool-1'}",0.093,same_network,3,300
2026-07-24T22:04:36.236013+00:00,2026-07-24T22:04:36.521000+00:00,hikaricp_connections_usage_seconds_max,customers-service,10.42.1.126:8080,"{'__name__': 'hikaricp_connections_usage_seconds_max', 'instance': '10.42.1.126:8080', 'job': 'spring-petclinic', 'pool': 'HikariPool-1'}",0.303,same_network,3,300
2026-07-24T22:04:36.236013+00:00,2026-07-24T22:04:36.526000+00:00,hikaricp_connections_usage_seconds_sum,customers-service,10.42.0.186:8080,"{'__name__': 'hikaricp_connections_usage_seconds_sum', 'instance': '10.42.0.186:8080', 'job': 'spring-petclinic', 'pool': 'HikariPool-1'}",55217.743,same_network,3,300
2026-07-24T22:04:36.236013+00:00,2026-07-24T22:04:36.526000+00:00,hikaricp_connections_usage_seconds_sum,visits-service,10.42.1.122:8080,"{'__name__': 'hikaricp_connections_usage_seconds_sum', 'instance': '10.42.1.122:8080', 'job': 'spring-petclinic', 'pool': 'HikariPool-1'}",3040.465,same_network,3,300
2026-07-24T22:04:36.236013+00:00,2026-07-24T22:04:36.526000+00:00,hikaricp_connections_usage_seconds_sum,vets-service,10.42.1.123:8080,"{'__name__': 'hikaricp_connections_usage_seconds_sum', 'instance': '10.42.1.123:8080', 'job': 'spring-petclinic', 'pool': 'HikariPool-1'}",31805.976,same_network,3,300
2026-07-24T22:04:36.236013+00:00,2026-07-24T22:04:36.526000+00:00,hikaricp_connections_usage_seconds_sum,vets-service,10.42.1.124:8080,"{'__name__': 'hikaricp_connections_usage_seconds_sum', 'instance': '10.42.1.124:8080', 'job': 'spring-petclinic', 'pool': 'HikariPool-1'}",32314.178,same_network,3,300
2026-07-24T22:04:36.236013+00:00,2026-07-24T22:04:36.526000+00:00,hikaricp_connections_usage_seconds_sum,visits-service,10.42.1.125:8080,"{'__name__': 'hikaricp_connections_usage_seconds_sum', 'instance': '10.42.1.125:8080', 'job': 'spring-petclinic', 'pool': 'HikariPool-1'}",3064.673,same_network,3,300
2026-07-24T22:04:36.236013+00:00,2026-07-24T22:04:36.526000+00:00,hikaricp_connections_usage_seconds_sum,customers-service,10.42.1.126:8080,"{'__name__': 'hikaricp_connections_usage_seconds_sum', 'instance': '10.42.1.126:8080', 'job': 'spring-petclinic', 'pool': 'HikariPool-1'}",57384.666,same_network,3,300
2026-07-24T22:04:36.236013+00:00,2026-07-24T22:04:36.532000+00:00,jdbc_connections_active,customers-service,10.42.0.186:8080,"{'__name__': 'jdbc_connections_active', 'instance': '10.42.0.186:8080', 'job': 'spring-petclinic', 'name': 'dataSource'}",7,same_network,3,300
2026-07-24T22:04:36.236013+00:00,2026-07-24T22:04:36.532000+00:00,jdbc_connections_active,visits-service,10.42.1.122:8080,"{'__name__': 'jdbc_connections_active', 'instance': '10.42.1.122:8080', 'job': 'spring-petclinic', 'name': 'dataSource'}",0,same_network,3,300
2026-07-24T22:04:36.236013+00:00,2026-07-24T22:04:36.532000+00:00,jdbc_connections_active,vets-service,10.42.1.123:8080,"{'__name__': 'jdbc_connections_active', 'instance': '10.42.1.123:8080', 'job': 'spring-petclinic', 'name': 'dataSource'}",7,same_network,3,300
2026-07-24T22:04:36.236013+00:00,2026-07-24T22:04:36.532000+00:00,jdbc_connections_active,vets-service,10.42.1.124:8080,"{'__name__': 'jdbc_connections_active', 'instance': '10.42.1.124:8080', 'job': 'spring-petclinic', 'name': 'dataSource'}",4,same_network,3,300
2026-07-24T22:04:36.236013+00:00,2026-07-24T22:04:36.532000+00:00,jdbc_connections_active,visits-service,10.42.1.125:8080,"{'__name__': 'jdbc_connections_active', 'instance': '10.42.1.125:8080', 'job': 'spring-petclinic', 'name': 'dataSource'}",0,same_network,3,300
2026-07-24T22:04:36.236013+00:00,2026-07-24T22:04:36.532000+00:00,jdbc_connections_active,customers-service,10.42.1.126:8080,"{'__name__': 'jdbc_connections_active', 'instance': '10.42.1.126:8080', 'job': 'spring-petclinic', 'name': 'dataSource'}",8,same_network,3,300
2026-07-24T22:04:36.236013+00:00,2026-07-24T22:04:36.537000+00:00,jdbc_connections_idle,customers-service,10.42.0.186:8080,"{'__name__': 'jdbc_connections_idle', 'instance': '10.42.0.186:8080', 'job': 'spring-petclinic', 'name': 'dataSource'}",5,same_network,3,300
2026-07-24T22:04:36.236013+00:00,2026-07-24T22:04:36.537000+00:00,jdbc_connections_idle,visits-service,10.42.1.122:8080,"{'__name__': 'jdbc_connections_idle', 'instance': '10.42.1.122:8080', 'job': 'spring-petclinic', 'name': 'dataSource'}",10,same_network,3,300
2026-07-24T22:04:36.236013+00:00,2026-07-24T22:04:36.537000+00:00,jdbc_connections_idle,vets-service,10.42.1.123:8080,"{'__name__': 'jdbc_connections_idle', 'instance': '10.42.1.123:8080', 'job': 'spring-petclinic', 'name': 'dataSource'}",3,same_network,3,300
2026-07-24T22:04:36.236013+00:00,2026-07-24T22:04:36.537000+00:00,jdbc_connections_idle,vets-service,10.42.1.124:8080,"{'__name__': 'jdbc_connections_idle', 'instance': '10.42.1.124:8080', 'job': 'spring-petclinic', 'name': 'dataSource'}",6,same_network,3,300
2026-07-24T22:04:36.236013+00:00,2026-07-24T22:04:36.537000+00:00,jdbc_connections_idle,visits-service,10.42.1.125:8080,"{'__name__': 'jdbc_connections_idle', 'instance': '10.42.1.125:8080', 'job': 'spring-petclinic', 'name': 'dataSource'}",10,same_network,3,300
2026-07-24T22:04:36.236013+00:00,2026-07-24T22:04:36.537000+00:00,jdbc_connections_idle,customers-service,10.42.1.126:8080,"{'__name__': 'jdbc_connections_idle', 'instance': '10.42.1.126:8080', 'job': 'spring-petclinic', 'name': 'dataSource'}",1,same_network,3,300
2026-07-24T22:04:36.236013+00:00,2026-07-24T22:04:36.545000+00:00,jdbc_connections_max,customers-service,10.42.0.186:8080,"{'__name__': 'jdbc_connections_max', 'instance': '10.42.0.186:8080', 'job': 'spring-petclinic', 'name': 'dataSource'}",10,same_network,3,300
2026-07-24T22:04:36.236013+00:00,2026-07-24T22:04:36.545000+00:00,jdbc_connections_max,visits-service,10.42.1.122:8080,"{'__name__': 'jdbc_connections_max', 'instance': '10.42.1.122:8080', 'job': 'spring-petclinic', 'name': 'dataSource'}",10,same_network,3,300
2026-07-24T22:04:36.236013+00:00,2026-07-24T22:04:36.545000+00:00,jdbc_connections_max,vets-service,10.42.1.123:8080,"{'__name__': 'jdbc_connections_max', 'instance': '10.42.1.123:8080', 'job': 'spring-petclinic', 'name': 'dataSource'}",10,same_network,3,300
2026-07-24T22:04:36.236013+00:00,2026-07-24T22:04:36.545000+00:00,jdbc_connections_max,vets-service,10.42.1.124:8080,"{'__name__': 'jdbc_connections_max', 'instance': '10.42.1.124:8080', 'job': 'spring-petclinic', 'name': 'dataSource'}",10,same_network,3,300
2026-07-24T22:04:36.236013+00:00,2026-07-24T22:04:36.545000+00:00,jdbc_connections_max,visits-service,10.42.1.125:8080,"{'__name__': 'jdbc_connections_max', 'instance': '10.42.1.125:8080', 'job': 'spring-petclinic', 'name': 'dataSource'}",10,same_network,3,300
2026-07-24T22:04:36.236013+00:00,2026-07-24T22:04:36.545000+00:00,jdbc_connections_max,customers-service,10.42.1.126:8080,"{'__name__': 'jdbc_connections_max', 'instance': '10.42.1.126:8080', 'job': 'spring-petclinic', 'name': 'dataSource'}",10,same_network,3,300
2026-07-24T22:04:36.236013+00:00,2026-07-24T22:04:36.550000+00:00,jdbc_connections_min,customers-service,10.42.0.186:8080,"{'__name__': 'jdbc_connections_min', 'instance': '10.42.0.186:8080', 'job': 'spring-petclinic', 'name': 'dataSource'}",10,same_network,3,300
2026-07-24T22:04:36.236013+00:00,2026-07-24T22:04:36.550000+00:00,jdbc_connections_min,visits-service,10.42.1.122:8080,"{'__name__': 'jdbc_connections_min', 'instance': '10.42.1.122:8080', 'job': 'spring-petclinic', 'name': 'dataSource'}",10,same_network,3,300
2026-07-24T22:04:36.236013+00:00,2026-07-24T22:04:36.550000+00:00,jdbc_connections_min,vets-service,10.42.1.123:8080,"{'__name__': 'jdbc_connections_min', 'instance': '10.42.1.123:8080', 'job': 'spring-petclinic', 'name': 'dataSource'}",10,same_network,3,300
2026-07-24T22:04:36.236013+00:00,2026-07-24T22:04:36.550000+00:00,jdbc_connections_min,vets-service,10.42.1.124:8080,"{'__name__': 'jdbc_connections_min', 'instance': '10.42.1.124:8080', 'job': 'spring-petclinic', 'name': 'dataSource'}",10,same_network,3,300
2026-07-24T22:04:36.236013+00:00,2026-07-24T22:04:36.550000+00:00,jdbc_connections_min,visits-service,10.42.1.125:8080,"{'__name__': 'jdbc_connections_min', 'instance': '10.42.1.125:8080', 'job': 'spring-petclinic', 'name': 'dataSource'}",10,same_network,3,300
2026-07-24T22:04:36.236013+00:00,2026-07-24T22:04:36.550000+00:00,jdbc_connections_min,customers-service,10.42.1.126:8080,"{'__name__': 'jdbc_connections_min', 'instance': '10.42.1.126:8080', 'job': 'spring-petclinic', 'name': 'dataSource'}",10,same_network,3,300
2026-07-24T22:04:36.236013+00:00,2026-07-24T22:04:36.558000+00:00,container_network_receive_bytes_total,visits-service,augusto-almondes,"{'__name__': 'container_network_receive_bytes_total', 'beta_kubernetes_io_arch': 'amd64', 'beta_kubernetes_io_instance_type': 'k3s', 'beta_kubernetes_io_os': 'linux', 'id': '/kubepods.slice/kubepods-besteffort.slice/kubepods-besteffort-pod07c98de3_903e_4594_897f_2c8d02326386.slice/cri-containerd-78cb0991f2215bba7766e453130cd6629145f4cb69967ab6841e765a002dd5bd.scope', 'image': 'docker.io/rancher/mirrored-pause:3.6', 'instance': 'augusto-almondes', 'interface': 'eth0', 'job': 'kubernetes-cadvisor', 'kubernetes_io_arch': 'amd64', 'kubernetes_io_hostname': 'augusto-almondes', 'kubernetes_io_os': 'linux', 'name': '78cb0991f2215bba7766e453130cd6629145f4cb69967ab6841e765a002dd5bd', 'namespace': 'spring-petclinic', 'node_kubernetes_io_instance_type': 'k3s', 'pod': 'visits-service-859d489b98-v28jh'}",326506785,same_network,3,300
2026-07-24T22:04:36.236013+00:00,2026-07-24T22:04:36.558000+00:00,container_network_receive_bytes_total,vets-service,augusto-almondes,"{'__name__': 'container_network_receive_bytes_total', 'beta_kubernetes_io_arch': 'amd64', 'beta_kubernetes_io_instance_type': 'k3s', 'beta_kubernetes_io_os': 'linux', 'id': '/kubepods.slice/kubepods-besteffort.slice/kubepods-besteffort-pod37c58633_3a89_4b91_8817_d95841fa9c04.slice/cri-containerd-3d072be83235a90f43adf1b2786dedb708b2eadf4ce06678d0446a5c1cf7d1bf.scope', 'image': 'docker.io/rancher/mirrored-pause:3.6', 'instance': 'augusto-almondes', 'interface': 'eth0', 'job': 'kubernetes-cadvisor', 'kubernetes_io_arch': 'amd64', 'kubernetes_io_hostname': 'augusto-almondes', 'kubernetes_io_os': 'linux', 'name': '3d072be83235a90f43adf1b2786dedb708b2eadf4ce06678d0446a5c1cf7d1bf', 'namespace': 'spring-petclinic', 'node_kubernetes_io_instance_type': 'k3s', 'pod': 'vets-service-68cc5897b6-gr89c'}",1293356890,same_network,3,300
2026-07-24T22:04:36.236013+00:00,2026-07-24T22:04:36.558000+00:00,container_network_receive_bytes_total,customers-service,notebook-vivy,"{'__name__': 'container_network_receive_bytes_total', 'beta_kubernetes_io_arch': 'amd64', 'beta_kubernetes_io_instance_type': 'k3s', 'beta_kubernetes_io_os': 'linux', 'id': '/kubepods.slice/kubepods-besteffort.slice/kubepods-besteffort-pod461d7b21_3e4e_4af8_ae9e_5c2edf453cf6.slice/cri-containerd-fd1e043bde697e972772a0aa9fe92c09dc38468de0e796b4fcc7ccb62c2cc331.scope', 'image': 'docker.io/rancher/mirrored-pause:3.6', 'instance': 'notebook-vivy', 'interface': 'eth0', 'job': 'kubernetes-cadvisor', 'kubernetes_io_arch': 'amd64', 'kubernetes_io_hostname': 'notebook-vivy', 'kubernetes_io_os': 'linux', 'name': 'fd1e043bde697e972772a0aa9fe92c09dc38468de0e796b4fcc7ccb62c2cc331', 'namespace': 'spring-petclinic', 'node_kubernetes_io_instance_type': 'k3s', 'node_role_kubernetes_io_control_plane': 'true', 'pod': 'customers-service-754bdcc448-g5gns'}",3920303527,same_network,3,300
2026-07-24T22:04:36.236013+00:00,2026-07-24T22:04:36.558000+00:00,container_network_receive_bytes_total,,notebook-vivy,"{'__name__': 'container_network_receive_bytes_total', 'beta_kubernetes_io_arch': 'amd64', 'beta_kubernetes_io_instance_type': 'k3s', 'beta_kubernetes_io_os': 'linux', 'id': '/kubepods.slice/kubepods-besteffort.slice/kubepods-besteffort-pod61c59b0e_baf9_48d9_ae8a_9a9a72cf52af.slice/cri-containerd-1adc220d89ff318103e137809efebdbdb53d40bfc366b15aebb7dda0164e3c84.scope', 'image': 'docker.io/rancher/mirrored-pause:3.6', 'instance': 'notebook-vivy', 'interface': 'eth0', 'job': 'kubernetes-cadvisor', 'kubernetes_io_arch': 'amd64', 'kubernetes_io_hostname': 'notebook-vivy', 'kubernetes_io_os': 'linux', 'name': '1adc220d89ff318103e137809efebdbdb53d40bfc366b15aebb7dda0164e3c84', 'namespace': 'spring-petclinic', 'node_kubernetes_io_instance_type': 'k3s', 'node_role_kubernetes_io_control_plane': 'true', 'pod': 'prometheus-6d9b5b9b7c-c9njq'}",966607674,same_network,3,300
2026-07-24T22:04:36.236013+00:00,2026-07-24T22:04:36.558000+00:00,container_network_receive_bytes_total,visits-service,augusto-almondes,"{'__name__': 'container_network_receive_bytes_total', 'beta_kubernetes_io_arch': 'amd64', 'beta_kubernetes_io_instance_type': 'k3s', 'beta_kubernetes_io_os': 'linux', 'id': '/kubepods.slice/kubepods-besteffort.slice/kubepods-besteffort-pod6e6c7e0b_abf8_47e8_9b7f_73fed236fe33.slice/cri-containerd-36634f28d8d5262f3c40800bd8233f19285c32bdf1c30883fc9d08ad552c5fcc.scope', 'image': 'docker.io/rancher/mirrored-pause:3.6', 'instance': 'augusto-almondes', 'interface': 'eth0', 'job': 'kubernetes-cadvisor', 'kubernetes_io_arch': 'amd64', 'kubernetes_io_hostname': 'augusto-almondes', 'kubernetes_io_os': 'linux', 'name': '36634f28d8d5262f3c40800bd8233f19285c32bdf1c30883fc9d08ad552c5fcc', 'namespace': 'spring-petclinic', 'node_kubernetes_io_instance_type': 'k3s', 'pod': 'visits-service-859d489b98-qpm6m'}",321842993,same_network,3,300
2026-07-24T22:04:36.236013+00:00,2026-07-24T22:04:36.558000+00:00,container_network_receive_bytes_total,,notebook-vivy,"{'__name__': 'container_network_receive_bytes_total', 'beta_kubernetes_io_arch': 'amd64', 'beta_kubernetes_io_instance_type': 'k3s', 'beta_kubernetes_io_os': 'linux', 'id': '/kubepods.slice/kubepods-besteffort.slice/kubepods-besteffort-pod818aa63c_0637_4d0f_bd16_9785508f386f.slice/cri-containerd-257fc1a313926de0c88bf51147ec32916a10686b887e16d8bb4ca05843baf589.scope', 'image': 'docker.io/rancher/mirrored-pause:3.6', 'instance': 'notebook-vivy', 'interface': 'eth0', 'job': 'kubernetes-cadvisor', 'kubernetes_io_arch': 'amd64', 'kubernetes_io_hostname': 'notebook-vivy', 'kubernetes_io_os': 'linux', 'name': '257fc1a313926de0c88bf51147ec32916a10686b887e16d8bb4ca05843baf589', 'namespace': 'spring-petclinic', 'node_kubernetes_io_instance_type': 'k3s', 'node_role_kubernetes_io_control_plane': 'true', 'pod': 'config-server-799b6bb84c-g2tr5'}",6936,same_network,3,300
2026-07-24T22:04:36.236013+00:00,2026-07-24T22:04:36.558000+00:00,container_network_receive_bytes_total,,macbookair-vivy,"{'__name__': 'container_network_receive_bytes_total', 'beta_kubernetes_io_arch': 'amd64', 'beta_kubernetes_io_instance_type': 'k3s', 'beta_kubernetes_io_os': 'linux', 'id': '/kubepods.slice/kubepods-besteffort.slice/kubepods-besteffort-podbb8e7e86_67b2_4503_b6ea_265ba0e9fc0c.slice/cri-containerd-41001c13718012a62944ab802abddb11401442e875bc7d1cf10aa9c870850224.scope', 'image': 'docker.io/rancher/mirrored-pause:3.6', 'instance': 'macbookair-vivy', 'interface': 'eth0', 'job': 'kubernetes-cadvisor', 'kubernetes_io_arch': 'amd64', 'kubernetes_io_hostname': 'macbookair-vivy', 'kubernetes_io_os': 'linux', 'name': '41001c13718012a62944ab802abddb11401442e875bc7d1cf10aa9c870850224', 'namespace': 'spring-petclinic', 'node_kubernetes_io_instance_type': 'k3s', 'pod': 'mysql-7dcf5984bc-22j65', 'role': 'database'}",8808836554,same_network,3,300
2026-07-24T22:04:36.236013+00:00,2026-07-24T22:04:36.558000+00:00,container_network_receive_bytes_total,,notebook-vivy,"{'__name__': 'container_network_receive_bytes_total', 'beta_kubernetes_io_arch': 'amd64', 'beta_kubernetes_io_instance_type': 'k3s', 'beta_kubernetes_io_os': 'linux', 'id': '/kubepods.slice/kubepods-besteffort.slice/kubepods-besteffort-podceb031e9_6468_4f4b_80a0_24260acd6e8a.slice/cri-containerd-40053313449c00a55736ce939108bea56e6a102b12b42e1a31bd001b2cb943bb.scope', 'image': 'docker.io/rancher/mirrored-pause:3.6', 'instance': 'notebook-vivy', 'interface': 'eth0', 'job': 'kubernetes-cadvisor', 'kubernetes_io_arch': 'amd64', 'kubernetes_io_hostname': 'notebook-vivy', 'kubernetes_io_os': 'linux', 'name': '40053313449c00a55736ce939108bea56e6a102b12b42e1a31bd001b2cb943bb', 'namespace': 'spring-petclinic', 'node_kubernetes_io_instance_type': 'k3s', 'node_role_kubernetes_io_control_plane': 'true', 'pod': 'discovery-server-6694f65985-cr2kx'}",6978,same_network,3,300
2026-07-24T22:04:36.236013+00:00,2026-07-24T22:04:36.558000+00:00,container_network_receive_bytes_total,customers-service,augusto-almondes,"{'__name__': 'container_network_receive_bytes_total', 'beta_kubernetes_io_arch': 'amd64', 'beta_kubernetes_io_instance_type': 'k3s', 'beta_kubernetes_io_os': 'linux', 'id': '/kubepods.slice/kubepods-besteffort.slice/kubepods-besteffort-pode37399aa_5830_4643_8b7d_68f55d86f0b1.slice/cri-containerd-e7e17f8994d91ad485dcadb505533c11157a9c4ea3fe4f1d557d045c51189815.scope', 'image': 'docker.io/rancher/mirrored-pause:3.6', 'instance': 'augusto-almondes', 'interface': 'eth0', 'job': 'kubernetes-cadvisor', 'kubernetes_io_arch': 'amd64', 'kubernetes_io_hostname': 'augusto-almondes', 'kubernetes_io_os': 'linux', 'name': 'e7e17f8994d91ad485dcadb505533c11157a9c4ea3fe4f1d557d045c51189815', 'namespace': 'spring-petclinic', 'node_kubernetes_io_instance_type': 'k3s', 'pod': 'customers-service-754bdcc448-vqzd7'}",3795565292,same_network,3,300
2026-07-24T22:04:36.236013+00:00,2026-07-24T22:04:36.558000+00:00,container_network_receive_bytes_total,vets-service,augusto-almondes,"{'__name__': 'container_network_receive_bytes_total', 'beta_kubernetes_io_arch': 'amd64', 'beta_kubernetes_io_instance_type': 'k3s', 'beta_kubernetes_io_os': 'linux', 'id': '/kubepods.slice/kubepods-besteffort.slice/kubepods-besteffort-pode8be662b_d64d_4461_b18e_e524621757f2.slice/cri-containerd-1858b7a840027f969d237d1c10d7ecc22ef5e38a29d202d5760513652eb60797.scope', 'image': 'docker.io/rancher/mirrored-pause:3.6', 'instance': 'augusto-almondes', 'interface': 'eth0', 'job': 'kubernetes-cadvisor', 'kubernetes_io_arch': 'amd64', 'kubernetes_io_hostname': 'augusto-almondes', 'kubernetes_io_os': 'linux', 'name': '1858b7a840027f969d237d1c10d7ecc22ef5e38a29d202d5760513652eb60797', 'namespace': 'spring-petclinic', 'node_kubernetes_io_instance_type': 'k3s', 'pod': 'vets-service-68cc5897b6-cj224'}",1317199069,same_network,3,300
2026-07-24T22:04:36.236013+00:00,2026-07-24T22:04:36.558000+00:00,container_network_receive_bytes_total,api-gateway,notebook-vivy,"{'__name__': 'container_network_receive_bytes_total', 'beta_kubernetes_io_arch': 'amd64', 'beta_kubernetes_io_instance_type': 'k3s', 'beta_kubernetes_io_os': 'linux', 'id': '/kubepods.slice/kubepods-burstable.slice/kubepods-burstable-pod0938bf77_f775_4395_8d68_3f3e730442fa.slice/cri-containerd-a6fd5250d3bfc2badbe10894f62c473ef988a39eb319025e754de23b80c1ab4c.scope', 'image': 'docker.io/rancher/mirrored-pause:3.6', 'instance': 'notebook-vivy', 'interface': 'eth0', 'job': 'kubernetes-cadvisor', 'kubernetes_io_arch': 'amd64', 'kubernetes_io_hostname': 'notebook-vivy', 'kubernetes_io_os': 'linux', 'name': 'a6fd5250d3bfc2badbe10894f62c473ef988a39eb319025e754de23b80c1ab4c', 'namespace': 'spring-petclinic', 'node_kubernetes_io_instance_type': 'k3s', 'node_role_kubernetes_io_control_plane': 'true', 'pod': 'api-gateway-78f775b647-m4zpr'}",3550691656,same_network,3,300
2026-07-24T22:04:36.236013+00:00,2026-07-24T22:04:36.558000+00:00,container_network_receive_bytes_total,,notebook-vivy,"{'__name__': 'container_network_receive_bytes_total', 'beta_kubernetes_io_arch': 'amd64', 'beta_kubernetes_io_instance_type': 'k3s', 'beta_kubernetes_io_os': 'linux', 'id': '/kubepods.slice/kubepods-burstable.slice/kubepods-burstable-pod09c597ef_7768_4ae9_a0f5_1a6a4d12429f.slice/cri-containerd-71a203b5d7433062735bda847d7d37feb6bf4a60472b7731f6d1b0fe96211934.scope', 'image': 'docker.io/rancher/mirrored-pause:3.6', 'instance': 'notebook-vivy', 'interface': 'eth0', 'job': 'kubernetes-cadvisor', 'kubernetes_io_arch': 'amd64', 'kubernetes_io_hostname': 'notebook-vivy', 'kubernetes_io_os': 'linux', 'name': '71a203b5d7433062735bda847d7d37feb6bf4a60472b7731f6d1b0fe96211934', 'namespace': 'spring-petclinic', 'node_kubernetes_io_instance_type': 'k3s', 'node_role_kubernetes_io_control_plane': 'true', 'pod': 'zipkin-76d97d46df-4kcr9'}",4743842631,same_network,3,300
2026-07-24T22:04:36.236013+00:00,2026-07-24T22:04:36.558000+00:00,container_network_receive_bytes_total,,augusto-almondes,"{'__name__': 'container_network_receive_bytes_total', 'beta_kubernetes_io_arch': 'amd64', 'beta_kubernetes_io_instance_type': 'k3s', 'beta_kubernetes_io_os': 'linux', 'id': '/kubepods.slice/kubepods-burstable.slice/kubepods-burstable-pod1f46dbde_909b_4d3f_b97d_2a39953c86a7.slice/cri-containerd-ba8d023b76c7725ee06abbed55f557de3ff14db60b35b51171c3b1a89ccf72e2.scope', 'image': 'docker.io/rancher/mirrored-pause:3.6', 'instance': 'augusto-almondes', 'interface': 'eth0', 'job': 'kubernetes-cadvisor', 'kubernetes_io_arch': 'amd64', 'kubernetes_io_hostname': 'augusto-almondes', 'kubernetes_io_os': 'linux', 'name': 'ba8d023b76c7725ee06abbed55f557de3ff14db60b35b51171c3b1a89ccf72e2', 'namespace': 'spring-petclinic', 'node_kubernetes_io_instance_type': 'k3s', 'pod': 'promtail-f6prj'}",6965114,same_network,3,300
2026-07-24T22:04:36.236013+00:00,2026-07-24T22:04:36.558000+00:00,container_network_receive_bytes_total,,notebook-vivy,"{'__name__': 'container_network_receive_bytes_total', 'beta_kubernetes_io_arch': 'amd64', 'beta_kubernetes_io_instance_type': 'k3s', 'beta_kubernetes_io_os': 'linux', 'id': '/kubepods.slice/kubepods-burstable.slice/kubepods-burstable-pod4150c254_a41f_4f8b_8f98_d26a0c6ac7e0.slice/cri-containerd-5a7cfa41636ef4b9b6979fd30de1bffc1033fc4d1a59062a0d942b86307ef87a.scope', 'image': 'docker.io/rancher/mirrored-pause:3.6', 'instance': 'notebook-vivy', 'interface': 'eth0', 'job': 'kubernetes-cadvisor', 'kubernetes_io_arch': 'amd64', 'kubernetes_io_hostname': 'notebook-vivy', 'kubernetes_io_os': 'linux', 'name': '5a7cfa41636ef4b9b6979fd30de1bffc1033fc4d1a59062a0d942b86307ef87a', 'namespace': 'spring-petclinic', 'node_kubernetes_io_instance_type': 'k3s', 'node_role_kubernetes_io_control_plane': 'true', 'pod': 'loki-84cd674d9f-5jbmr'}",955867181,same_network,3,300
2026-07-24T22:04:36.236013+00:00,2026-07-24T22:04:36.558000+00:00,container_network_receive_bytes_total,api-gateway,augusto-almondes,"{'__name__': 'container_network_receive_bytes_total', 'beta_kubernetes_io_arch': 'amd64', 'beta_kubernetes_io_instance_type': 'k3s', 'beta_kubernetes_io_os': 'linux', 'id': '/kubepods.slice/kubepods-burstable.slice/kubepods-burstable-pod8329aa55_845e_49e6_bc48_19166a540b8f.slice/cri-containerd-faae04884b29c370b3bb7fec91e75dac682e34a15f8a391ce4220d76bdf21c1c.scope', 'image': 'docker.io/rancher/mirrored-pause:3.6', 'instance': 'augusto-almondes', 'interface': 'eth0', 'job': 'kubernetes-cadvisor', 'kubernetes_io_arch': 'amd64', 'kubernetes_io_hostname': 'augusto-almondes', 'kubernetes_io_os': 'linux', 'name': 'faae04884b29c370b3bb7fec91e75dac682e34a15f8a391ce4220d76bdf21c1c', 'namespace': 'spring-petclinic', 'node_kubernetes_io_instance_type': 'k3s', 'pod': 'api-gateway-78f775b647-cs4l5'}",25200892,same_network,3,300
2026-07-24T22:04:36.236013+00:00,2026-07-24T22:04:36.558000+00:00,container_network_receive_bytes_total,,macbookair-vivy,"{'__name__': 'container_network_receive_bytes_total', 'beta_kubernetes_io_arch': 'amd64', 'beta_kubernetes_io_instance_type': 'k3s', 'beta_kubernetes_io_os': 'linux', 'id': '/kubepods.slice/kubepods-burstable.slice/kubepods-burstable-pod83bca641_4313_46eb_880d_ed7d9b73c3b4.slice/cri-containerd-fa71dc8ca33ab1aaee8733e1064f6c903582a47168f208c39fa0d84958e0adf6.scope', 'image': 'docker.io/rancher/mirrored-pause:3.6', 'instance': 'macbookair-vivy', 'interface': 'eth0', 'job': 'kubernetes-cadvisor', 'kubernetes_io_arch': 'amd64', 'kubernetes_io_hostname': 'macbookair-vivy', 'kubernetes_io_os': 'linux', 'name': 'fa71dc8ca33ab1aaee8733e1064f6c903582a47168f208c39fa0d84958e0adf6', 'namespace': 'spring-petclinic', 'node_kubernetes_io_instance_type': 'k3s', 'pod': 'promtail-6th4p', 'role': 'database'}",1744728,same_network,3,300
2026-07-24T22:04:36.236013+00:00,2026-07-24T22:04:36.558000+00:00,container_network_receive_bytes_total,,notebook-vivy,"{'__name__': 'container_network_receive_bytes_total', 'beta_kubernetes_io_arch': 'amd64', 'beta_kubernetes_io_instance_type': 'k3s', 'beta_kubernetes_io_os': 'linux', 'id': '/kubepods.slice/kubepods-burstable.slice/kubepods-burstable-podb25714d0_13cb_4579_b8b1_7a8606f015ca.slice/cri-containerd-42cc5d6d1ba003bd2b36c4cfe046d938102ebaf4057c03c2ebe008cb716d2ac8.scope', 'image': 'docker.io/rancher/mirrored-pause:3.6', 'instance': 'notebook-vivy', 'interface': 'eth0', 'job': 'kubernetes-cadvisor', 'kubernetes_io_arch': 'amd64', 'kubernetes_io_hostname': 'notebook-vivy', 'kubernetes_io_os': 'linux', 'name': '42cc5d6d1ba003bd2b36c4cfe046d938102ebaf4057c03c2ebe008cb716d2ac8', 'namespace': 'spring-petclinic', 'node_kubernetes_io_instance_type': 'k3s', 'node_role_kubernetes_io_control_plane': 'true', 'pod': 'promtail-rsjq4'}",12116300,same_network,3,300
2026-07-24T22:04:36.236013+00:00,2026-07-24T22:04:36.564000+00:00,container_network_transmit_bytes_total,visits-service,augusto-almondes,"{'__name__': 'container_network_transmit_bytes_total', 'beta_kubernetes_io_arch': 'amd64', 'beta_kubernetes_io_instance_type': 'k3s', 'beta_kubernetes_io_os': 'linux', 'id': '/kubepods.slice/kubepods-besteffort.slice/kubepods-besteffort-pod07c98de3_903e_4594_897f_2c8d02326386.slice/cri-containerd-78cb0991f2215bba7766e453130cd6629145f4cb69967ab6841e765a002dd5bd.scope', 'image': 'docker.io/rancher/mirrored-pause:3.6', 'instance': 'augusto-almondes', 'interface': 'eth0', 'job': 'kubernetes-cadvisor', 'kubernetes_io_arch': 'amd64', 'kubernetes_io_hostname': 'augusto-almondes', 'kubernetes_io_os': 'linux', 'name': '78cb0991f2215bba7766e453130cd6629145f4cb69967ab6841e765a002dd5bd', 'namespace': 'spring-petclinic', 'node_kubernetes_io_instance_type': 'k3s', 'pod': 'visits-service-859d489b98-v28jh'}",358407571,same_network,3,300
2026-07-24T22:04:36.236013+00:00,2026-07-24T22:04:36.564000+00:00,container_network_transmit_bytes_total,vets-service,augusto-almondes,"{'__name__': 'container_network_transmit_bytes_total', 'beta_kubernetes_io_arch': 'amd64', 'beta_kubernetes_io_instance_type': 'k3s', 'beta_kubernetes_io_os': 'linux', 'id': '/kubepods.slice/kubepods-besteffort.slice/kubepods-besteffort-pod37c58633_3a89_4b91_8817_d95841fa9c04.slice/cri-containerd-3d072be83235a90f43adf1b2786dedb708b2eadf4ce06678d0446a5c1cf7d1bf.scope', 'image': 'docker.io/rancher/mirrored-pause:3.6', 'instance': 'augusto-almondes', 'interface': 'eth0', 'job': 'kubernetes-cadvisor', 'kubernetes_io_arch': 'amd64', 'kubernetes_io_hostname': 'augusto-almondes', 'kubernetes_io_os': 'linux', 'name': '3d072be83235a90f43adf1b2786dedb708b2eadf4ce06678d0446a5c1cf7d1bf', 'namespace': 'spring-petclinic', 'node_kubernetes_io_instance_type': 'k3s', 'pod': 'vets-service-68cc5897b6-gr89c'}",1605926582,same_network,3,300
2026-07-24T22:04:36.236013+00:00,2026-07-24T22:04:36.564000+00:00,container_network_transmit_bytes_total,customers-service,notebook-vivy,"{'__name__': 'container_network_transmit_bytes_total', 'beta_kubernetes_io_arch': 'amd64', 'beta_kubernetes_io_instance_type': 'k3s', 'beta_kubernetes_io_os': 'linux', 'id': '/kubepods.slice/kubepods-besteffort.slice/kubepods-besteffort-pod461d7b21_3e4e_4af8_ae9e_5c2edf453cf6.slice/cri-containerd-fd1e043bde697e972772a0aa9fe92c09dc38468de0e796b4fcc7ccb62c2cc331.scope', 'image': 'docker.io/rancher/mirrored-pause:3.6', 'instance': 'notebook-vivy', 'interface': 'eth0', 'job': 'kubernetes-cadvisor', 'kubernetes_io_arch': 'amd64', 'kubernetes_io_hostname': 'notebook-vivy', 'kubernetes_io_os': 'linux', 'name': 'fd1e043bde697e972772a0aa9fe92c09dc38468de0e796b4fcc7ccb62c2cc331', 'namespace': 'spring-petclinic', 'node_kubernetes_io_instance_type': 'k3s', 'node_role_kubernetes_io_control_plane': 'true', 'pod': 'customers-service-754bdcc448-g5gns'}",3899451989,same_network,3,300
2026-07-24T22:04:36.236013+00:00,2026-07-24T22:04:36.564000+00:00,container_network_transmit_bytes_total,,notebook-vivy,"{'__name__': 'container_network_transmit_bytes_total', 'beta_kubernetes_io_arch': 'amd64', 'beta_kubernetes_io_instance_type': 'k3s', 'beta_kubernetes_io_os': 'linux', 'id': '/kubepods.slice/kubepods-besteffort.slice/kubepods-besteffort-pod61c59b0e_baf9_48d9_ae8a_9a9a72cf52af.slice/cri-containerd-1adc220d89ff318103e137809efebdbdb53d40bfc366b15aebb7dda0164e3c84.scope', 'image': 'docker.io/rancher/mirrored-pause:3.6', 'instance': 'notebook-vivy', 'interface': 'eth0', 'job': 'kubernetes-cadvisor', 'kubernetes_io_arch': 'amd64', 'kubernetes_io_hostname': 'notebook-vivy', 'kubernetes_io_os': 'linux', 'name': '1adc220d89ff318103e137809efebdbdb53d40bfc366b15aebb7dda0164e3c84', 'namespace': 'spring-petclinic', 'node_kubernetes_io_instance_type': 'k3s', 'node_role_kubernetes_io_control_plane': 'true', 'pod': 'prometheus-6d9b5b9b7c-c9njq'}",109490888,same_network,3,300
2026-07-24T22:04:36.236013+00:00,2026-07-24T22:04:36.564000+00:00,container_network_transmit_bytes_total,visits-service,augusto-almondes,"{'__name__': 'container_network_transmit_bytes_total', 'beta_kubernetes_io_arch': 'amd64', 'beta_kubernetes_io_instance_type': 'k3s', 'beta_kubernetes_io_os': 'linux', 'id': '/kubepods.slice/kubepods-besteffort.slice/kubepods-besteffort-pod6e6c7e0b_abf8_47e8_9b7f_73fed236fe33.slice/cri-containerd-36634f28d8d5262f3c40800bd8233f19285c32bdf1c30883fc9d08ad552c5fcc.scope', 'image': 'docker.io/rancher/mirrored-pause:3.6', 'instance': 'augusto-almondes', 'interface': 'eth0', 'job': 'kubernetes-cadvisor', 'kubernetes_io_arch': 'amd64', 'kubernetes_io_hostname': 'augusto-almondes', 'kubernetes_io_os': 'linux', 'name': '36634f28d8d5262f3c40800bd8233f19285c32bdf1c30883fc9d08ad552c5fcc', 'namespace': 'spring-petclinic', 'node_kubernetes_io_instance_type': 'k3s', 'pod': 'visits-service-859d489b98-qpm6m'}",353292129,same_network,3,300
2026-07-24T22:04:36.236013+00:00,2026-07-24T22:04:36.564000+00:00,container_network_transmit_bytes_total,,notebook-vivy,"{'__name__': 'container_network_transmit_bytes_total', 'beta_kubernetes_io_arch': 'amd64', 'beta_kubernetes_io_instance_type': 'k3s', 'beta_kubernetes_io_os': 'linux', 'id': '/kubepods.slice/kubepods-besteffort.slice/kubepods-besteffort-pod818aa63c_0637_4d0f_bd16_9785508f386f.slice/cri-containerd-257fc1a313926de0c88bf51147ec32916a10686b887e16d8bb4ca05843baf589.scope', 'image': 'docker.io/rancher/mirrored-pause:3.6', 'instance': 'notebook-vivy', 'interface': 'eth0', 'job': 'kubernetes-cadvisor', 'kubernetes_io_arch': 'amd64', 'kubernetes_io_hostname': 'notebook-vivy', 'kubernetes_io_os': 'linux', 'name': '257fc1a313926de0c88bf51147ec32916a10686b887e16d8bb4ca05843baf589', 'namespace': 'spring-petclinic', 'node_kubernetes_io_instance_type': 'k3s', 'node_role_kubernetes_io_control_plane': 'true', 'pod': 'config-server-799b6bb84c-g2tr5'}",42,same_network,3,300
2026-07-24T22:04:36.236013+00:00,2026-07-24T22:04:36.564000+00:00,container_network_transmit_bytes_total,,macbookair-vivy,"{'__name__': 'container_network_transmit_bytes_total', 'beta_kubernetes_io_arch': 'amd64', 'beta_kubernetes_io_instance_type': 'k3s', 'beta_kubernetes_io_os': 'linux', 'id': '/kubepods.slice/kubepods-besteffort.slice/kubepods-besteffort-podbb8e7e86_67b2_4503_b6ea_265ba0e9fc0c.slice/cri-containerd-41001c13718012a62944ab802abddb11401442e875bc7d1cf10aa9c870850224.scope', 'image': 'docker.io/rancher/mirrored-pause:3.6', 'instance': 'macbookair-vivy', 'interface': 'eth0', 'job': 'kubernetes-cadvisor', 'kubernetes_io_arch': 'amd64', 'kubernetes_io_hostname': 'macbookair-vivy', 'kubernetes_io_os': 'linux', 'name': '41001c13718012a62944ab802abddb11401442e875bc7d1cf10aa9c870850224', 'namespace': 'spring-petclinic', 'node_kubernetes_io_instance_type': 'k3s', 'pod': 'mysql-7dcf5984bc-22j65', 'role': 'database'}",12234721619,same_network,3,300
2026-07-24T22:04:36.236013+00:00,2026-07-24T22:04:36.564000+00:00,container_network_transmit_bytes_total,,notebook-vivy,"{'__name__': 'container_network_transmit_bytes_total', 'beta_kubernetes_io_arch': 'amd64', 'beta_kubernetes_io_instance_type': 'k3s', 'beta_kubernetes_io_os': 'linux', 'id': '/kubepods.slice/kubepods-besteffort.slice/kubepods-besteffort-podceb031e9_6468_4f4b_80a0_24260acd6e8a.slice/cri-containerd-40053313449c00a55736ce939108bea56e6a102b12b42e1a31bd001b2cb943bb.scope', 'image': 'docker.io/rancher/mirrored-pause:3.6', 'instance': 'notebook-vivy', 'interface': 'eth0', 'job': 'kubernetes-cadvisor', 'kubernetes_io_arch': 'amd64', 'kubernetes_io_hostname': 'notebook-vivy', 'kubernetes_io_os': 'linux', 'name': '40053313449c00a55736ce939108bea56e6a102b12b42e1a31bd001b2cb943bb', 'namespace': 'spring-petclinic', 'node_kubernetes_io_instance_type': 'k3s', 'node_role_kubernetes_io_control_plane': 'true', 'pod': 'discovery-server-6694f65985-cr2kx'}",42,same_network,3,300
2026-07-24T22:04:36.236013+00:00,2026-07-24T22:04:36.564000+00:00,container_network_transmit_bytes_total,customers-service,augusto-almondes,"{'__name__': 'container_network_transmit_bytes_total', 'beta_kubernetes_io_arch': 'amd64', 'beta_kubernetes_io_instance_type': 'k3s', 'beta_kubernetes_io_os': 'linux', 'id': '/kubepods.slice/kubepods-besteffort.slice/kubepods-besteffort-pode37399aa_5830_4643_8b7d_68f55d86f0b1.slice/cri-containerd-e7e17f8994d91ad485dcadb505533c11157a9c4ea3fe4f1d557d045c51189815.scope', 'image': 'docker.io/rancher/mirrored-pause:3.6', 'instance': 'augusto-almondes', 'interface': 'eth0', 'job': 'kubernetes-cadvisor', 'kubernetes_io_arch': 'amd64', 'kubernetes_io_hostname': 'augusto-almondes', 'kubernetes_io_os': 'linux', 'name': 'e7e17f8994d91ad485dcadb505533c11157a9c4ea3fe4f1d557d045c51189815', 'namespace': 'spring-petclinic', 'node_kubernetes_io_instance_type': 'k3s', 'pod': 'customers-service-754bdcc448-vqzd7'}",3770346958,same_network,3,300
2026-07-24T22:04:36.236013+00:00,2026-07-24T22:04:36.564000+00:00,container_network_transmit_bytes_total,vets-service,augusto-almondes,"{'__name__': 'container_network_transmit_bytes_total', 'beta_kubernetes_io_arch': 'amd64', 'beta_kubernetes_io_instance_type': 'k3s', 'beta_kubernetes_io_os': 'linux', 'id': '/kubepods.slice/kubepods-besteffort.slice/kubepods-besteffort-pode8be662b_d64d_4461_b18e_e524621757f2.slice/cri-containerd-1858b7a840027f969d237d1c10d7ecc22ef5e38a29d202d5760513652eb60797.scope', 'image': 'docker.io/rancher/mirrored-pause:3.6', 'instance': 'augusto-almondes', 'interface': 'eth0', 'job': 'kubernetes-cadvisor', 'kubernetes_io_arch': 'amd64', 'kubernetes_io_hostname': 'augusto-almondes', 'kubernetes_io_os': 'linux', 'name': '1858b7a840027f969d237d1c10d7ecc22ef5e38a29d202d5760513652eb60797', 'namespace': 'spring-petclinic', 'node_kubernetes_io_instance_type': 'k3s', 'pod': 'vets-service-68cc5897b6-cj224'}",1634834493,same_network,3,300
2026-07-24T22:04:36.236013+00:00,2026-07-24T22:04:36.564000+00:00,container_network_transmit_bytes_total,api-gateway,notebook-vivy,"{'__name__': 'container_network_transmit_bytes_total', 'beta_kubernetes_io_arch': 'amd64', 'beta_kubernetes_io_instance_type': 'k3s', 'beta_kubernetes_io_os': 'linux', 'id': '/kubepods.slice/kubepods-burstable.slice/kubepods-burstable-pod0938bf77_f775_4395_8d68_3f3e730442fa.slice/cri-containerd-a6fd5250d3bfc2badbe10894f62c473ef988a39eb319025e754de23b80c1ab4c.scope', 'image': 'docker.io/rancher/mirrored-pause:3.6', 'instance': 'notebook-vivy', 'interface': 'eth0', 'job': 'kubernetes-cadvisor', 'kubernetes_io_arch': 'amd64', 'kubernetes_io_hostname': 'notebook-vivy', 'kubernetes_io_os': 'linux', 'name': 'a6fd5250d3bfc2badbe10894f62c473ef988a39eb319025e754de23b80c1ab4c', 'namespace': 'spring-petclinic', 'node_kubernetes_io_instance_type': 'k3s', 'node_role_kubernetes_io_control_plane': 'true', 'pod': 'api-gateway-78f775b647-m4zpr'}",6296021945,same_network,3,300
2026-07-24T22:04:36.236013+00:00,2026-07-24T22:04:36.564000+00:00,container_network_transmit_bytes_total,,notebook-vivy,"{'__name__': 'container_network_transmit_bytes_total', 'beta_kubernetes_io_arch': 'amd64', 'beta_kubernetes_io_instance_type': 'k3s', 'beta_kubernetes_io_os': 'linux', 'id': '/kubepods.slice/kubepods-burstable.slice/kubepods-burstable-pod09c597ef_7768_4ae9_a0f5_1a6a4d12429f.slice/cri-containerd-71a203b5d7433062735bda847d7d37feb6bf4a60472b7731f6d1b0fe96211934.scope', 'image': 'docker.io/rancher/mirrored-pause:3.6', 'instance': 'notebook-vivy', 'interface': 'eth0', 'job': 'kubernetes-cadvisor', 'kubernetes_io_arch': 'amd64', 'kubernetes_io_hostname': 'notebook-vivy', 'kubernetes_io_os': 'linux', 'name': '71a203b5d7433062735bda847d7d37feb6bf4a60472b7731f6d1b0fe96211934', 'namespace': 'spring-petclinic', 'node_kubernetes_io_instance_type': 'k3s', 'node_role_kubernetes_io_control_plane': 'true', 'pod': 'zipkin-76d97d46df-4kcr9'}",669196615,same_network,3,300
2026-07-24T22:04:36.236013+00:00,2026-07-24T22:04:36.564000+00:00,container_network_transmit_bytes_total,,augusto-almondes,"{'__name__': 'container_network_transmit_bytes_total', 'beta_kubernetes_io_arch': 'amd64', 'beta_kubernetes_io_instance_type': 'k3s', 'beta_kubernetes_io_os': 'linux', 'id': '/kubepods.slice/kubepods-burstable.slice/kubepods-burstable-pod1f46dbde_909b_4d3f_b97d_2a39953c86a7.slice/cri-containerd-ba8d023b76c7725ee06abbed55f557de3ff14db60b35b51171c3b1a89ccf72e2.scope', 'image': 'docker.io/rancher/mirrored-pause:3.6', 'instance': 'augusto-almondes', 'interface': 'eth0', 'job': 'kubernetes-cadvisor', 'kubernetes_io_arch': 'amd64', 'kubernetes_io_hostname': 'augusto-almondes', 'kubernetes_io_os': 'linux', 'name': 'ba8d023b76c7725ee06abbed55f557de3ff14db60b35b51171c3b1a89ccf72e2', 'namespace': 'spring-petclinic', 'node_kubernetes_io_instance_type': 'k3s', 'pod': 'promtail-f6prj'}",301216899,same_network,3,300
2026-07-24T22:04:36.236013+00:00,2026-07-24T22:04:36.564000+00:00,container_network_transmit_bytes_total,,notebook-vivy,"{'__name__': 'container_network_transmit_bytes_total', 'beta_kubernetes_io_arch': 'amd64', 'beta_kubernetes_io_instance_type': 'k3s', 'beta_kubernetes_io_os': 'linux', 'id': '/kubepods.slice/kubepods-burstable.slice/kubepods-burstable-pod4150c254_a41f_4f8b_8f98_d26a0c6ac7e0.slice/cri-containerd-5a7cfa41636ef4b9b6979fd30de1bffc1033fc4d1a59062a0d942b86307ef87a.scope', 'image': 'docker.io/rancher/mirrored-pause:3.6', 'instance': 'notebook-vivy', 'interface': 'eth0', 'job': 'kubernetes-cadvisor', 'kubernetes_io_arch': 'amd64', 'kubernetes_io_hostname': 'notebook-vivy', 'kubernetes_io_os': 'linux', 'name': '5a7cfa41636ef4b9b6979fd30de1bffc1033fc4d1a59062a0d942b86307ef87a', 'namespace': 'spring-petclinic', 'node_kubernetes_io_instance_type': 'k3s', 'node_role_kubernetes_io_control_plane': 'true', 'pod': 'loki-84cd674d9f-5jbmr'}",340045391,same_network,3,300
2026-07-24T22:04:36.236013+00:00,2026-07-24T22:04:36.564000+00:00,container_network_transmit_bytes_total,api-gateway,augusto-almondes,"{'__name__': 'container_network_transmit_bytes_total', 'beta_kubernetes_io_arch': 'amd64', 'beta_kubernetes_io_instance_type': 'k3s', 'beta_kubernetes_io_os': 'linux', 'id': '/kubepods.slice/kubepods-burstable.slice/kubepods-burstable-pod8329aa55_845e_49e6_bc48_19166a540b8f.slice/cri-containerd-faae04884b29c370b3bb7fec91e75dac682e34a15f8a391ce4220d76bdf21c1c.scope', 'image': 'docker.io/rancher/mirrored-pause:3.6', 'instance': 'augusto-almondes', 'interface': 'eth0', 'job': 'kubernetes-cadvisor', 'kubernetes_io_arch': 'amd64', 'kubernetes_io_hostname': 'augusto-almondes', 'kubernetes_io_os': 'linux', 'name': 'faae04884b29c370b3bb7fec91e75dac682e34a15f8a391ce4220d76bdf21c1c', 'namespace': 'spring-petclinic', 'node_kubernetes_io_instance_type': 'k3s', 'pod': 'api-gateway-78f775b647-cs4l5'}",44827439,same_network,3,300
2026-07-24T22:04:36.236013+00:00,2026-07-24T22:04:36.564000+00:00,container_network_transmit_bytes_total,,macbookair-vivy,"{'__name__': 'container_network_transmit_bytes_total', 'beta_kubernetes_io_arch': 'amd64', 'beta_kubernetes_io_instance_type': 'k3s', 'beta_kubernetes_io_os': 'linux', 'id': '/kubepods.slice/kubepods-burstable.slice/kubepods-burstable-pod83bca641_4313_46eb_880d_ed7d9b73c3b4.slice/cri-containerd-fa71dc8ca33ab1aaee8733e1064f6c903582a47168f208c39fa0d84958e0adf6.scope', 'image': 'docker.io/rancher/mirrored-pause:3.6', 'instance': 'macbookair-vivy', 'interface': 'eth0', 'job': 'kubernetes-cadvisor', 'kubernetes_io_arch': 'amd64', 'kubernetes_io_hostname': 'macbookair-vivy', 'kubernetes_io_os': 'linux', 'name': 'fa71dc8ca33ab1aaee8733e1064f6c903582a47168f208c39fa0d84958e0adf6', 'namespace': 'spring-petclinic', 'node_kubernetes_io_instance_type': 'k3s', 'pod': 'promtail-6th4p', 'role': 'database'}",562874,same_network,3,300
2026-07-24T22:04:36.236013+00:00,2026-07-24T22:04:36.564000+00:00,container_network_transmit_bytes_total,,notebook-vivy,"{'__name__': 'container_network_transmit_bytes_total', 'beta_kubernetes_io_arch': 'amd64', 'beta_kubernetes_io_instance_type': 'k3s', 'beta_kubernetes_io_os': 'linux', 'id': '/kubepods.slice/kubepods-burstable.slice/kubepods-burstable-podb25714d0_13cb_4579_b8b1_7a8606f015ca.slice/cri-containerd-42cc5d6d1ba003bd2b36c4cfe046d938102ebaf4057c03c2ebe008cb716d2ac8.scope', 'image': 'docker.io/rancher/mirrored-pause:3.6', 'instance': 'notebook-vivy', 'interface': 'eth0', 'job': 'kubernetes-cadvisor', 'kubernetes_io_arch': 'amd64', 'kubernetes_io_hostname': 'notebook-vivy', 'kubernetes_io_os': 'linux', 'name': '42cc5d6d1ba003bd2b36c4cfe046d938102ebaf4057c03c2ebe008cb716d2ac8', 'namespace': 'spring-petclinic', 'node_kubernetes_io_instance_type': 'k3s', 'node_role_kubernetes_io_control_plane': 'true', 'pod': 'promtail-rsjq4'}",302422148,same_network,3,300
2026-07-24T22:04:36.236013+00:00,2026-07-24T22:04:36.572000+00:00,executor_active_threads,customers-service,10.42.0.186:8080,"{'__name__': 'executor_active_threads', 'instance': '10.42.0.186:8080', 'job': 'spring-petclinic', 'name': 'applicationTaskExecutor'}",0,same_network,3,300
2026-07-24T22:04:36.236013+00:00,2026-07-24T22:04:36.572000+00:00,executor_active_threads,api-gateway,10.42.0.187:8080,"{'__name__': 'executor_active_threads', 'instance': '10.42.0.187:8080', 'job': 'spring-petclinic', 'name': 'applicationTaskExecutor'}",0,same_network,3,300
2026-07-24T22:04:36.236013+00:00,2026-07-24T22:04:36.572000+00:00,executor_active_threads,visits-service,10.42.1.122:8080,"{'__name__': 'executor_active_threads', 'instance': '10.42.1.122:8080', 'job': 'spring-petclinic', 'name': 'applicationTaskExecutor'}",0,same_network,3,300
2026-07-24T22:04:36.236013+00:00,2026-07-24T22:04:36.572000+00:00,executor_active_threads,vets-service,10.42.1.123:8080,"{'__name__': 'executor_active_threads', 'instance': '10.42.1.123:8080', 'job': 'spring-petclinic', 'name': 'applicationTaskExecutor'}",0,same_network,3,300
2026-07-24T22:04:36.236013+00:00,2026-07-24T22:04:36.572000+00:00,executor_active_threads,vets-service,10.42.1.124:8080,"{'__name__': 'executor_active_threads', 'instance': '10.42.1.124:8080', 'job': 'spring-petclinic', 'name': 'applicationTaskExecutor'}",0,same_network,3,300
2026-07-24T22:04:36.236013+00:00,2026-07-24T22:04:36.572000+00:00,executor_active_threads,visits-service,10.42.1.125:8080,"{'__name__': 'executor_active_threads', 'instance': '10.42.1.125:8080', 'job': 'spring-petclinic', 'name': 'applicationTaskExecutor'}",0,same_network,3,300
2026-07-24T22:04:36.236013+00:00,2026-07-24T22:04:36.572000+00:00,executor_active_threads,customers-service,10.42.1.126:8080,"{'__name__': 'executor_active_threads', 'instance': '10.42.1.126:8080', 'job': 'spring-petclinic', 'name': 'applicationTaskExecutor'}",0,same_network,3,300
2026-07-24T22:04:36.236013+00:00,2026-07-24T22:04:36.572000+00:00,executor_active_threads,api-gateway,10.42.1.129:8080,"{'__name__': 'executor_active_threads', 'instance': '10.42.1.129:8080', 'job': 'spring-petclinic', 'name': 'applicationTaskExecutor'}",0,same_network,3,300
2026-07-24T22:04:36.236013+00:00,2026-07-24T22:04:36.577000+00:00,executor_completed_tasks_total,customers-service,10.42.0.186:8080,"{'__name__': 'executor_completed_tasks_total', 'instance': '10.42.0.186:8080', 'job': 'spring-petclinic', 'name': 'applicationTaskExecutor'}",0,same_network,3,300
2026-07-24T22:04:36.236013+00:00,2026-07-24T22:04:36.577000+00:00,executor_completed_tasks_total,api-gateway,10.42.0.187:8080,"{'__name__': 'executor_completed_tasks_total', 'instance': '10.42.0.187:8080', 'job': 'spring-petclinic', 'name': 'applicationTaskExecutor'}",0,same_network,3,300
2026-07-24T22:04:36.236013+00:00,2026-07-24T22:04:36.577000+00:00,executor_completed_tasks_total,visits-service,10.42.1.122:8080,"{'__name__': 'executor_completed_tasks_total', 'instance': '10.42.1.122:8080', 'job': 'spring-petclinic', 'name': 'applicationTaskExecutor'}",0,same_network,3,300
2026-07-24T22:04:36.236013+00:00,2026-07-24T22:04:36.577000+00:00,executor_completed_tasks_total,vets-service,10.42.1.123:8080,"{'__name__': 'executor_completed_tasks_total', 'instance': '10.42.1.123:8080', 'job': 'spring-petclinic', 'name': 'applicationTaskExecutor'}",0,same_network,3,300
2026-07-24T22:04:36.236013+00:00,2026-07-24T22:04:36.577000+00:00,executor_completed_tasks_total,vets-service,10.42.1.124:8080,"{'__name__': 'executor_completed_tasks_total', 'instance': '10.42.1.124:8080', 'job': 'spring-petclinic', 'name': 'applicationTaskExecutor'}",0,same_network,3,300
2026-07-24T22:04:36.236013+00:00,2026-07-24T22:04:36.577000+00:00,executor_completed_tasks_total,visits-service,10.42.1.125:8080,"{'__name__': 'executor_completed_tasks_total', 'instance': '10.42.1.125:8080', 'job': 'spring-petclinic', 'name': 'applicationTaskExecutor'}",0,same_network,3,300
2026-07-24T22:04:36.236013+00:00,2026-07-24T22:04:36.577000+00:00,executor_completed_tasks_total,customers-service,10.42.1.126:8080,"{'__name__': 'executor_completed_tasks_total', 'instance': '10.42.1.126:8080', 'job': 'spring-petclinic', 'name': 'applicationTaskExecutor'}",0,same_network,3,300
2026-07-24T22:04:36.236013+00:00,2026-07-24T22:04:36.577000+00:00,executor_completed_tasks_total,api-gateway,10.42.1.129:8080,"{'__name__': 'executor_completed_tasks_total', 'instance': '10.42.1.129:8080', 'job': 'spring-petclinic', 'name': 'applicationTaskExecutor'}",0,same_network,3,300
2026-07-24T22:04:36.236013+00:00,2026-07-24T22:04:36.582000+00:00,executor_pool_core_threads,customers-service,10.42.0.186:8080,"{'__name__': 'executor_pool_core_threads', 'instance': '10.42.0.186:8080', 'job': 'spring-petclinic', 'name': 'applicationTaskExecutor'}",8,same_network,3,300
2026-07-24T22:04:36.236013+00:00,2026-07-24T22:04:36.582000+00:00,executor_pool_core_threads,api-gateway,10.42.0.187:8080,"{'__name__': 'executor_pool_core_threads', 'instance': '10.42.0.187:8080', 'job': 'spring-petclinic', 'name': 'applicationTaskExecutor'}",8,same_network,3,300
2026-07-24T22:04:36.236013+00:00,2026-07-24T22:04:36.582000+00:00,executor_pool_core_threads,visits-service,10.42.1.122:8080,"{'__name__': 'executor_pool_core_threads', 'instance': '10.42.1.122:8080', 'job': 'spring-petclinic', 'name': 'applicationTaskExecutor'}",8,same_network,3,300
2026-07-24T22:04:36.236013+00:00,2026-07-24T22:04:36.582000+00:00,executor_pool_core_threads,vets-service,10.42.1.123:8080,"{'__name__': 'executor_pool_core_threads', 'instance': '10.42.1.123:8080', 'job': 'spring-petclinic', 'name': 'applicationTaskExecutor'}",8,same_network,3,300
2026-07-24T22:04:36.236013+00:00,2026-07-24T22:04:36.582000+00:00,executor_pool_core_threads,vets-service,10.42.1.124:8080,"{'__name__': 'executor_pool_core_threads', 'instance': '10.42.1.124:8080', 'job': 'spring-petclinic', 'name': 'applicationTaskExecutor'}",8,same_network,3,300
2026-07-24T22:04:36.236013+00:00,2026-07-24T22:04:36.582000+00:00,executor_pool_core_threads,visits-service,10.42.1.125:8080,"{'__name__': 'executor_pool_core_threads', 'instance': '10.42.1.125:8080', 'job': 'spring-petclinic', 'name': 'applicationTaskExecutor'}",8,same_network,3,300
2026-07-24T22:04:36.236013+00:00,2026-07-24T22:04:36.582000+00:00,executor_pool_core_threads,customers-service,10.42.1.126:8080,"{'__name__': 'executor_pool_core_threads', 'instance': '10.42.1.126:8080', 'job': 'spring-petclinic', 'name': 'applicationTaskExecutor'}",8,same_network,3,300
2026-07-24T22:04:36.236013+00:00,2026-07-24T22:04:36.582000+00:00,executor_pool_core_threads,api-gateway,10.42.1.129:8080,"{'__name__': 'executor_pool_core_threads', 'instance': '10.42.1.129:8080', 'job': 'spring-petclinic', 'name': 'applicationTaskExecutor'}",8,same_network,3,300
2026-07-24T22:04:36.236013+00:00,2026-07-24T22:04:36.588000+00:00,executor_pool_max_threads,customers-service,10.42.0.186:8080,"{'__name__': 'executor_pool_max_threads', 'instance': '10.42.0.186:8080', 'job': 'spring-petclinic', 'name': 'applicationTaskExecutor'}",2147483647,same_network,3,300
2026-07-24T22:04:36.236013+00:00,2026-07-24T22:04:36.588000+00:00,executor_pool_max_threads,api-gateway,10.42.0.187:8080,"{'__name__': 'executor_pool_max_threads', 'instance': '10.42.0.187:8080', 'job': 'spring-petclinic', 'name': 'applicationTaskExecutor'}",2147483647,same_network,3,300
2026-07-24T22:04:36.236013+00:00,2026-07-24T22:04:36.588000+00:00,executor_pool_max_threads,visits-service,10.42.1.122:8080,"{'__name__': 'executor_pool_max_threads', 'instance': '10.42.1.122:8080', 'job': 'spring-petclinic', 'name': 'applicationTaskExecutor'}",2147483647,same_network,3,300
2026-07-24T22:04:36.236013+00:00,2026-07-24T22:04:36.588000+00:00,executor_pool_max_threads,vets-service,10.42.1.123:8080,"{'__name__': 'executor_pool_max_threads', 'instance': '10.42.1.123:8080', 'job': 'spring-petclinic', 'name': 'applicationTaskExecutor'}",2147483647,same_network,3,300
2026-07-24T22:04:36.236013+00:00,2026-07-24T22:04:36.588000+00:00,executor_pool_max_threads,vets-service,10.42.1.124:8080,"{'__name__': 'executor_pool_max_threads', 'instance': '10.42.1.124:8080', 'job': 'spring-petclinic', 'name': 'applicationTaskExecutor'}",2147483647,same_network,3,300
2026-07-24T22:04:36.236013+00:00,2026-07-24T22:04:36.588000+00:00,executor_pool_max_threads,visits-service,10.42.1.125:8080,"{'__name__': 'executor_pool_max_threads', 'instance': '10.42.1.125:8080', 'job': 'spring-petclinic', 'name': 'applicationTaskExecutor'}",2147483647,same_network,3,300
2026-07-24T22:04:36.236013+00:00,2026-07-24T22:04:36.588000+00:00,executor_pool_max_threads,customers-service,10.42.1.126:8080,"{'__name__': 'executor_pool_max_threads', 'instance': '10.42.1.126:8080', 'job': 'spring-petclinic', 'name': 'applicationTaskExecutor'}",2147483647,same_network,3,300
2026-07-24T22:04:36.236013+00:00,2026-07-24T22:04:36.588000+00:00,executor_pool_max_threads,api-gateway,10.42.1.129:8080,"{'__name__': 'executor_pool_max_threads', 'instance': '10.42.1.129:8080', 'job': 'spring-petclinic', 'name': 'applicationTaskExecutor'}",2147483647,same_network,3,300
2026-07-24T22:04:36.236013+00:00,2026-07-24T22:04:36.594000+00:00,executor_pool_size_threads,customers-service,10.42.0.186:8080,"{'__name__': 'executor_pool_size_threads', 'instance': '10.42.0.186:8080', 'job': 'spring-petclinic', 'name': 'applicationTaskExecutor'}",0,same_network,3,300
2026-07-24T22:04:36.236013+00:00,2026-07-24T22:04:36.594000+00:00,executor_pool_size_threads,api-gateway,10.42.0.187:8080,"{'__name__': 'executor_pool_size_threads', 'instance': '10.42.0.187:8080', 'job': 'spring-petclinic', 'name': 'applicationTaskExecutor'}",0,same_network,3,300
2026-07-24T22:04:36.236013+00:00,2026-07-24T22:04:36.594000+00:00,executor_pool_size_threads,visits-service,10.42.1.122:8080,"{'__name__': 'executor_pool_size_threads', 'instance': '10.42.1.122:8080', 'job': 'spring-petclinic', 'name': 'applicationTaskExecutor'}",0,same_network,3,300
2026-07-24T22:04:36.236013+00:00,2026-07-24T22:04:36.594000+00:00,executor_pool_size_threads,vets-service,10.42.1.123:8080,"{'__name__': 'executor_pool_size_threads', 'instance': '10.42.1.123:8080', 'job': 'spring-petclinic', 'name': 'applicationTaskExecutor'}",0,same_network,3,300
2026-07-24T22:04:36.236013+00:00,2026-07-24T22:04:36.594000+00:00,executor_pool_size_threads,vets-service,10.42.1.124:8080,"{'__name__': 'executor_pool_size_threads', 'instance': '10.42.1.124:8080', 'job': 'spring-petclinic', 'name': 'applicationTaskExecutor'}",0,same_network,3,300
2026-07-24T22:04:36.236013+00:00,2026-07-24T22:04:36.594000+00:00,executor_pool_size_threads,visits-service,10.42.1.125:8080,"{'__name__': 'executor_pool_size_threads', 'instance': '10.42.1.125:8080', 'job': 'spring-petclinic', 'name': 'applicationTaskExecutor'}",0,same_network,3,300
2026-07-24T22:04:36.236013+00:00,2026-07-24T22:04:36.594000+00:00,executor_pool_size_threads,customers-service,10.42.1.126:8080,"{'__name__': 'executor_pool_size_threads', 'instance': '10.42.1.126:8080', 'job': 'spring-petclinic', 'name': 'applicationTaskExecutor'}",0,same_network,3,300
2026-07-24T22:04:36.236013+00:00,2026-07-24T22:04:36.594000+00:00,executor_pool_size_threads,api-gateway,10.42.1.129:8080,"{'__name__': 'executor_pool_size_threads', 'instance': '10.42.1.129:8080', 'job': 'spring-petclinic', 'name': 'applicationTaskExecutor'}",0,same_network,3,300
2026-07-24T22:04:36.236013+00:00,2026-07-24T22:04:36.598000+00:00,executor_queue_remaining_tasks,customers-service,10.42.0.186:8080,"{'__name__': 'executor_queue_remaining_tasks', 'instance': '10.42.0.186:8080', 'job': 'spring-petclinic', 'name': 'applicationTaskExecutor'}",2147483647,same_network,3,300
2026-07-24T22:04:36.236013+00:00,2026-07-24T22:04:36.598000+00:00,executor_queue_remaining_tasks,api-gateway,10.42.0.187:8080,"{'__name__': 'executor_queue_remaining_tasks', 'instance': '10.42.0.187:8080', 'job': 'spring-petclinic', 'name': 'applicationTaskExecutor'}",2147483647,same_network,3,300
2026-07-24T22:04:36.236013+00:00,2026-07-24T22:04:36.598000+00:00,executor_queue_remaining_tasks,visits-service,10.42.1.122:8080,"{'__name__': 'executor_queue_remaining_tasks', 'instance': '10.42.1.122:8080', 'job': 'spring-petclinic', 'name': 'applicationTaskExecutor'}",2147483647,same_network,3,300
2026-07-24T22:04:36.236013+00:00,2026-07-24T22:04:36.598000+00:00,executor_queue_remaining_tasks,vets-service,10.42.1.123:8080,"{'__name__': 'executor_queue_remaining_tasks', 'instance': '10.42.1.123:8080', 'job': 'spring-petclinic', 'name': 'applicationTaskExecutor'}",2147483647,same_network,3,300
2026-07-24T22:04:36.236013+00:00,2026-07-24T22:04:36.598000+00:00,executor_queue_remaining_tasks,vets-service,10.42.1.124:8080,"{'__name__': 'executor_queue_remaining_tasks', 'instance': '10.42.1.124:8080', 'job': 'spring-petclinic', 'name': 'applicationTaskExecutor'}",2147483647,same_network,3,300
2026-07-24T22:04:36.236013+00:00,2026-07-24T22:04:36.598000+00:00,executor_queue_remaining_tasks,visits-service,10.42.1.125:8080,"{'__name__': 'executor_queue_remaining_tasks', 'instance': '10.42.1.125:8080', 'job': 'spring-petclinic', 'name': 'applicationTaskExecutor'}",2147483647,same_network,3,300
2026-07-24T22:04:36.236013+00:00,2026-07-24T22:04:36.598000+00:00,executor_queue_remaining_tasks,customers-service,10.42.1.126:8080,"{'__name__': 'executor_queue_remaining_tasks', 'instance': '10.42.1.126:8080', 'job': 'spring-petclinic', 'name': 'applicationTaskExecutor'}",2147483647,same_network,3,300
2026-07-24T22:04:36.236013+00:00,2026-07-24T22:04:36.598000+00:00,executor_queue_remaining_tasks,api-gateway,10.42.1.129:8080,"{'__name__': 'executor_queue_remaining_tasks', 'instance': '10.42.1.129:8080', 'job': 'spring-petclinic', 'name': 'applicationTaskExecutor'}",2147483647,same_network,3,300
2026-07-24T22:04:36.236013+00:00,2026-07-24T22:04:36.602000+00:00,executor_queued_tasks,customers-service,10.42.0.186:8080,"{'__name__': 'executor_queued_tasks', 'instance': '10.42.0.186:8080', 'job': 'spring-petclinic', 'name': 'applicationTaskExecutor'}",0,same_network,3,300
2026-07-24T22:04:36.236013+00:00,2026-07-24T22:04:36.602000+00:00,executor_queued_tasks,api-gateway,10.42.0.187:8080,"{'__name__': 'executor_queued_tasks', 'instance': '10.42.0.187:8080', 'job': 'spring-petclinic', 'name': 'applicationTaskExecutor'}",0,same_network,3,300
2026-07-24T22:04:36.236013+00:00,2026-07-24T22:04:36.602000+00:00,executor_queued_tasks,visits-service,10.42.1.122:8080,"{'__name__': 'executor_queued_tasks', 'instance': '10.42.1.122:8080', 'job': 'spring-petclinic', 'name': 'applicationTaskExecutor'}",0,same_network,3,300
2026-07-24T22:04:36.236013+00:00,2026-07-24T22:04:36.602000+00:00,executor_queued_tasks,vets-service,10.42.1.123:8080,"{'__name__': 'executor_queued_tasks', 'instance': '10.42.1.123:8080', 'job': 'spring-petclinic', 'name': 'applicationTaskExecutor'}",0,same_network,3,300
2026-07-24T22:04:36.236013+00:00,2026-07-24T22:04:36.602000+00:00,executor_queued_tasks,vets-service,10.42.1.124:8080,"{'__name__': 'executor_queued_tasks', 'instance': '10.42.1.124:8080', 'job': 'spring-petclinic', 'name': 'applicationTaskExecutor'}",0,same_network,3,300
2026-07-24T22:04:36.236013+00:00,2026-07-24T22:04:36.602000+00:00,executor_queued_tasks,visits-service,10.42.1.125:8080,"{'__name__': 'executor_queued_tasks', 'instance': '10.42.1.125:8080', 'job': 'spring-petclinic', 'name': 'applicationTaskExecutor'}",0,same_network,3,300
2026-07-24T22:04:36.236013+00:00,2026-07-24T22:04:36.602000+00:00,executor_queued_tasks,customers-service,10.42.1.126:8080,"{'__name__': 'executor_queued_tasks', 'instance': '10.42.1.126:8080', 'job': 'spring-petclinic', 'name': 'applicationTaskExecutor'}",0,same_network,3,300
2026-07-24T22:04:36.236013+00:00,2026-07-24T22:04:36.602000+00:00,executor_queued_tasks,api-gateway,10.42.1.129:8080,"{'__name__': 'executor_queued_tasks', 'instance': '10.42.1.129:8080', 'job': 'spring-petclinic', 'name': 'applicationTaskExecutor'}",0,same_network,3,300
2026-07-24T22:04:36.236013+00:00,2026-07-24T22:04:36.607000+00:00,jvm_threads_daemon_threads,customers-service,10.42.0.186:8080,"{'__name__': 'jvm_threads_daemon_threads', 'instance': '10.42.0.186:8080', 'job': 'spring-petclinic'}",215,same_network,3,300
2026-07-24T22:04:36.236013+00:00,2026-07-24T22:04:36.607000+00:00,jvm_threads_daemon_threads,api-gateway,10.42.0.187:8080,"{'__name__': 'jvm_threads_daemon_threads', 'instance': '10.42.0.187:8080', 'job': 'spring-petclinic'}",29,same_network,3,300
2026-07-24T22:04:36.236013+00:00,2026-07-24T22:04:36.607000+00:00,jvm_threads_daemon_threads,visits-service,10.42.1.122:8080,"{'__name__': 'jvm_threads_daemon_threads', 'instance': '10.42.1.122:8080', 'job': 'spring-petclinic'}",36,same_network,3,300
2026-07-24T22:04:36.236013+00:00,2026-07-24T22:04:36.607000+00:00,jvm_threads_daemon_threads,vets-service,10.42.1.123:8080,"{'__name__': 'jvm_threads_daemon_threads', 'instance': '10.42.1.123:8080', 'job': 'spring-petclinic'}",115,same_network,3,300
2026-07-24T22:04:36.236013+00:00,2026-07-24T22:04:36.607000+00:00,jvm_threads_daemon_threads,vets-service,10.42.1.124:8080,"{'__name__': 'jvm_threads_daemon_threads', 'instance': '10.42.1.124:8080', 'job': 'spring-petclinic'}",95,same_network,3,300
2026-07-24T22:04:36.236013+00:00,2026-07-24T22:04:36.607000+00:00,jvm_threads_daemon_threads,visits-service,10.42.1.125:8080,"{'__name__': 'jvm_threads_daemon_threads', 'instance': '10.42.1.125:8080', 'job': 'spring-petclinic'}",39,same_network,3,300
2026-07-24T22:04:36.236013+00:00,2026-07-24T22:04:36.607000+00:00,jvm_threads_daemon_threads,customers-service,10.42.1.126:8080,"{'__name__': 'jvm_threads_daemon_threads', 'instance': '10.42.1.126:8080', 'job': 'spring-petclinic'}",217,same_network,3,300
2026-07-24T22:04:36.236013+00:00,2026-07-24T22:04:36.607000+00:00,jvm_threads_daemon_threads,api-gateway,10.42.1.129:8080,"{'__name__': 'jvm_threads_daemon_threads', 'instance': '10.42.1.129:8080', 'job': 'spring-petclinic'}",30,same_network,3,300
2026-07-24T22:04:36.236013+00:00,2026-07-24T22:04:36.611000+00:00,jvm_threads_live_threads,customers-service,10.42.0.186:8080,"{'__name__': 'jvm_threads_live_threads', 'instance': '10.42.0.186:8080', 'job': 'spring-petclinic'}",224,same_network,3,300
2026-07-24T22:04:36.236013+00:00,2026-07-24T22:04:36.611000+00:00,jvm_threads_live_threads,api-gateway,10.42.0.187:8080,"{'__name__': 'jvm_threads_live_threads', 'instance': '10.42.0.187:8080', 'job': 'spring-petclinic'}",36,same_network,3,300
2026-07-24T22:04:36.236013+00:00,2026-07-24T22:04:36.611000+00:00,jvm_threads_live_threads,visits-service,10.42.1.122:8080,"{'__name__': 'jvm_threads_live_threads', 'instance': '10.42.1.122:8080', 'job': 'spring-petclinic'}",45,same_network,3,300
2026-07-24T22:04:36.236013+00:00,2026-07-24T22:04:36.611000+00:00,jvm_threads_live_threads,vets-service,10.42.1.123:8080,"{'__name__': 'jvm_threads_live_threads', 'instance': '10.42.1.123:8080', 'job': 'spring-petclinic'}",124,same_network,3,300
2026-07-24T22:04:36.236013+00:00,2026-07-24T22:04:36.611000+00:00,jvm_threads_live_threads,vets-service,10.42.1.124:8080,"{'__name__': 'jvm_threads_live_threads', 'instance': '10.42.1.124:8080', 'job': 'spring-petclinic'}",104,same_network,3,300
2026-07-24T22:04:36.236013+00:00,2026-07-24T22:04:36.611000+00:00,jvm_threads_live_threads,visits-service,10.42.1.125:8080,"{'__name__': 'jvm_threads_live_threads', 'instance': '10.42.1.125:8080', 'job': 'spring-petclinic'}",48,same_network,3,300
2026-07-24T22:04:36.236013+00:00,2026-07-24T22:04:36.611000+00:00,jvm_threads_live_threads,customers-service,10.42.1.126:8080,"{'__name__': 'jvm_threads_live_threads', 'instance': '10.42.1.126:8080', 'job': 'spring-petclinic'}",226,same_network,3,300
2026-07-24T22:04:36.236013+00:00,2026-07-24T22:04:36.611000+00:00,jvm_threads_live_threads,api-gateway,10.42.1.129:8080,"{'__name__': 'jvm_threads_live_threads', 'instance': '10.42.1.129:8080', 'job': 'spring-petclinic'}",37,same_network,3,300
2026-07-24T22:04:36.236013+00:00,2026-07-24T22:04:36.617000+00:00,jvm_threads_peak_threads,customers-service,10.42.0.186:8080,"{'__name__': 'jvm_threads_peak_threads', 'instance': '10.42.0.186:8080', 'job': 'spring-petclinic'}",232,same_network,3,300
2026-07-24T22:04:36.236013+00:00,2026-07-24T22:04:36.617000+00:00,jvm_threads_peak_threads,api-gateway,10.42.0.187:8080,"{'__name__': 'jvm_threads_peak_threads', 'instance': '10.42.0.187:8080', 'job': 'spring-petclinic'}",61,same_network,3,300
2026-07-24T22:04:36.236013+00:00,2026-07-24T22:04:36.617000+00:00,jvm_threads_peak_threads,visits-service,10.42.1.122:8080,"{'__name__': 'jvm_threads_peak_threads', 'instance': '10.42.1.122:8080', 'job': 'spring-petclinic'}",133,same_network,3,300
2026-07-24T22:04:36.236013+00:00,2026-07-24T22:04:36.617000+00:00,jvm_threads_peak_threads,vets-service,10.42.1.123:8080,"{'__name__': 'jvm_threads_peak_threads', 'instance': '10.42.1.123:8080', 'job': 'spring-petclinic'}",223,same_network,3,300
2026-07-24T22:04:36.236013+00:00,2026-07-24T22:04:36.617000+00:00,jvm_threads_peak_threads,vets-service,10.42.1.124:8080,"{'__name__': 'jvm_threads_peak_threads', 'instance': '10.42.1.124:8080', 'job': 'spring-petclinic'}",219,same_network,3,300
2026-07-24T22:04:36.236013+00:00,2026-07-24T22:04:36.617000+00:00,jvm_threads_peak_threads,visits-service,10.42.1.125:8080,"{'__name__': 'jvm_threads_peak_threads', 'instance': '10.42.1.125:8080', 'job': 'spring-petclinic'}",113,same_network,3,300
2026-07-24T22:04:36.236013+00:00,2026-07-24T22:04:36.617000+00:00,jvm_threads_peak_threads,customers-service,10.42.1.126:8080,"{'__name__': 'jvm_threads_peak_threads', 'instance': '10.42.1.126:8080', 'job': 'spring-petclinic'}",235,same_network,3,300
2026-07-24T22:04:36.236013+00:00,2026-07-24T22:04:36.617000+00:00,jvm_threads_peak_threads,api-gateway,10.42.1.129:8080,"{'__name__': 'jvm_threads_peak_threads', 'instance': '10.42.1.129:8080', 'job': 'spring-petclinic'}",40,same_network,3,300
2026-07-24T22:04:36.236013+00:00,2026-07-24T22:04:36.621000+00:00,jvm_threads_states_threads,customers-service,10.42.0.186:8080,"{'__name__': 'jvm_threads_states_threads', 'instance': '10.42.0.186:8080', 'job': 'spring-petclinic', 'state': 'blocked'}",0,same_network,3,300
2026-07-24T22:04:36.236013+00:00,2026-07-24T22:04:36.621000+00:00,jvm_threads_states_threads,customers-service,10.42.0.186:8080,"{'__name__': 'jvm_threads_states_threads', 'instance': '10.42.0.186:8080', 'job': 'spring-petclinic', 'state': 'new'}",0,same_network,3,300
2026-07-24T22:04:36.236013+00:00,2026-07-24T22:04:36.621000+00:00,jvm_threads_states_threads,customers-service,10.42.0.186:8080,"{'__name__': 'jvm_threads_states_threads', 'instance': '10.42.0.186:8080', 'job': 'spring-petclinic', 'state': 'runnable'}",15,same_network,3,300
2026-07-24T22:04:36.236013+00:00,2026-07-24T22:04:36.621000+00:00,jvm_threads_states_threads,customers-service,10.42.0.186:8080,"{'__name__': 'jvm_threads_states_threads', 'instance': '10.42.0.186:8080', 'job': 'spring-petclinic', 'state': 'terminated'}",0,same_network,3,300
2026-07-24T22:04:36.236013+00:00,2026-07-24T22:04:36.621000+00:00,jvm_threads_states_threads,customers-service,10.42.0.186:8080,"{'__name__': 'jvm_threads_states_threads', 'instance': '10.42.0.186:8080', 'job': 'spring-petclinic', 'state': 'timed-waiting'}",195,same_network,3,300
2026-07-24T22:04:36.236013+00:00,2026-07-24T22:04:36.621000+00:00,jvm_threads_states_threads,customers-service,10.42.0.186:8080,"{'__name__': 'jvm_threads_states_threads', 'instance': '10.42.0.186:8080', 'job': 'spring-petclinic', 'state': 'waiting'}",14,same_network,3,300
2026-07-24T22:04:36.236013+00:00,2026-07-24T22:04:36.621000+00:00,jvm_threads_states_threads,api-gateway,10.42.0.187:8080,"{'__name__': 'jvm_threads_states_threads', 'instance': '10.42.0.187:8080', 'job': 'spring-petclinic', 'state': 'blocked'}",0,same_network,3,300
2026-07-24T22:04:36.236013+00:00,2026-07-24T22:04:36.621000+00:00,jvm_threads_states_threads,api-gateway,10.42.0.187:8080,"{'__name__': 'jvm_threads_states_threads', 'instance': '10.42.0.187:8080', 'job': 'spring-petclinic', 'state': 'new'}",0,same_network,3,300
2026-07-24T22:04:36.236013+00:00,2026-07-24T22:04:36.621000+00:00,jvm_threads_states_threads,api-gateway,10.42.0.187:8080,"{'__name__': 'jvm_threads_states_threads', 'instance': '10.42.0.187:8080', 'job': 'spring-petclinic', 'state': 'runnable'}",14,same_network,3,300
2026-07-24T22:04:36.236013+00:00,2026-07-24T22:04:36.621000+00:00,jvm_threads_states_threads,api-gateway,10.42.0.187:8080,"{'__name__': 'jvm_threads_states_threads', 'instance': '10.42.0.187:8080', 'job': 'spring-petclinic', 'state': 'terminated'}",0,same_network,3,300
2026-07-24T22:04:36.236013+00:00,2026-07-24T22:04:36.621000+00:00,jvm_threads_states_threads,api-gateway,10.42.0.187:8080,"{'__name__': 'jvm_threads_states_threads', 'instance': '10.42.0.187:8080', 'job': 'spring-petclinic', 'state': 'timed-waiting'}",6,same_network,3,300
2026-07-24T22:04:36.236013+00:00,2026-07-24T22:04:36.621000+00:00,jvm_threads_states_threads,api-gateway,10.42.0.187:8080,"{'__name__': 'jvm_threads_states_threads', 'instance': '10.42.0.187:8080', 'job': 'spring-petclinic', 'state': 'waiting'}",16,same_network,3,300
2026-07-24T22:04:36.236013+00:00,2026-07-24T22:04:36.621000+00:00,jvm_threads_states_threads,visits-service,10.42.1.122:8080,"{'__name__': 'jvm_threads_states_threads', 'instance': '10.42.1.122:8080', 'job': 'spring-petclinic', 'state': 'blocked'}",0,same_network,3,300
2026-07-24T22:04:36.236013+00:00,2026-07-24T22:04:36.621000+00:00,jvm_threads_states_threads,visits-service,10.42.1.122:8080,"{'__name__': 'jvm_threads_states_threads', 'instance': '10.42.1.122:8080', 'job': 'spring-petclinic', 'state': 'new'}",0,same_network,3,300
2026-07-24T22:04:36.236013+00:00,2026-07-24T22:04:36.621000+00:00,jvm_threads_states_threads,visits-service,10.42.1.122:8080,"{'__name__': 'jvm_threads_states_threads', 'instance': '10.42.1.122:8080', 'job': 'spring-petclinic', 'state': 'runnable'}",8,same_network,3,300
2026-07-24T22:04:36.236013+00:00,2026-07-24T22:04:36.621000+00:00,jvm_threads_states_threads,visits-service,10.42.1.122:8080,"{'__name__': 'jvm_threads_states_threads', 'instance': '10.42.1.122:8080', 'job': 'spring-petclinic', 'state': 'terminated'}",0,same_network,3,300
2026-07-24T22:04:36.236013+00:00,2026-07-24T22:04:36.621000+00:00,jvm_threads_states_threads,visits-service,10.42.1.122:8080,"{'__name__': 'jvm_threads_states_threads', 'instance': '10.42.1.122:8080', 'job': 'spring-petclinic', 'state': 'timed-waiting'}",23,same_network,3,300
2026-07-24T22:04:36.236013+00:00,2026-07-24T22:04:36.621000+00:00,jvm_threads_states_threads,visits-service,10.42.1.122:8080,"{'__name__': 'jvm_threads_states_threads', 'instance': '10.42.1.122:8080', 'job': 'spring-petclinic', 'state': 'waiting'}",14,same_network,3,300
2026-07-24T22:04:36.236013+00:00,2026-07-24T22:04:36.621000+00:00,jvm_threads_states_threads,vets-service,10.42.1.123:8080,"{'__name__': 'jvm_threads_states_threads', 'instance': '10.42.1.123:8080', 'job': 'spring-petclinic', 'state': 'blocked'}",0,same_network,3,300
2026-07-24T22:04:36.236013+00:00,2026-07-24T22:04:36.621000+00:00,jvm_threads_states_threads,vets-service,10.42.1.123:8080,"{'__name__': 'jvm_threads_states_threads', 'instance': '10.42.1.123:8080', 'job': 'spring-petclinic', 'state': 'new'}",0,same_network,3,300
2026-07-24T22:04:36.236013+00:00,2026-07-24T22:04:36.621000+00:00,jvm_threads_states_threads,vets-service,10.42.1.123:8080,"{'__name__': 'jvm_threads_states_threads', 'instance': '10.42.1.123:8080', 'job': 'spring-petclinic', 'state': 'runnable'}",15,same_network,3,300
2026-07-24T22:04:36.236013+00:00,2026-07-24T22:04:36.621000+00:00,jvm_threads_states_threads,vets-service,10.42.1.123:8080,"{'__name__': 'jvm_threads_states_threads', 'instance': '10.42.1.123:8080', 'job': 'spring-petclinic', 'state': 'terminated'}",0,same_network,3,300
2026-07-24T22:04:36.236013+00:00,2026-07-24T22:04:36.621000+00:00,jvm_threads_states_threads,vets-service,10.42.1.123:8080,"{'__name__': 'jvm_threads_states_threads', 'instance': '10.42.1.123:8080', 'job': 'spring-petclinic', 'state': 'timed-waiting'}",95,same_network,3,300
2026-07-24T22:04:36.236013+00:00,2026-07-24T22:04:36.621000+00:00,jvm_threads_states_threads,vets-service,10.42.1.123:8080,"{'__name__': 'jvm_threads_states_threads', 'instance': '10.42.1.123:8080', 'job': 'spring-petclinic', 'state': 'waiting'}",14,same_network,3,300
2026-07-24T22:04:36.236013+00:00,2026-07-24T22:04:36.621000+00:00,jvm_threads_states_threads,vets-service,10.42.1.124:8080,"{'__name__': 'jvm_threads_states_threads', 'instance': '10.42.1.124:8080', 'job': 'spring-petclinic', 'state': 'blocked'}",0,same_network,3,300
2026-07-24T22:04:36.236013+00:00,2026-07-24T22:04:36.621000+00:00,jvm_threads_states_threads,vets-service,10.42.1.124:8080,"{'__name__': 'jvm_threads_states_threads', 'instance': '10.42.1.124:8080', 'job': 'spring-petclinic', 'state': 'new'}",0,same_network,3,300
2026-07-24T22:04:36.236013+00:00,2026-07-24T22:04:36.621000+00:00,jvm_threads_states_threads,vets-service,10.42.1.124:8080,"{'__name__': 'jvm_threads_states_threads', 'instance': '10.42.1.124:8080', 'job': 'spring-petclinic', 'state': 'runnable'}",12,same_network,3,300
2026-07-24T22:04:36.236013+00:00,2026-07-24T22:04:36.621000+00:00,jvm_threads_states_threads,vets-service,10.42.1.124:8080,"{'__name__': 'jvm_threads_states_threads', 'instance': '10.42.1.124:8080', 'job': 'spring-petclinic', 'state': 'terminated'}",0,same_network,3,300
2026-07-24T22:04:36.236013+00:00,2026-07-24T22:04:36.621000+00:00,jvm_threads_states_threads,vets-service,10.42.1.124:8080,"{'__name__': 'jvm_threads_states_threads', 'instance': '10.42.1.124:8080', 'job': 'spring-petclinic', 'state': 'timed-waiting'}",78,same_network,3,300
2026-07-24T22:04:36.236013+00:00,2026-07-24T22:04:36.621000+00:00,jvm_threads_states_threads,vets-service,10.42.1.124:8080,"{'__name__': 'jvm_threads_states_threads', 'instance': '10.42.1.124:8080', 'job': 'spring-petclinic', 'state': 'waiting'}",14,same_network,3,300
2026-07-24T22:04:36.236013+00:00,2026-07-24T22:04:36.621000+00:00,jvm_threads_states_threads,visits-service,10.42.1.125:8080,"{'__name__': 'jvm_threads_states_threads', 'instance': '10.42.1.125:8080', 'job': 'spring-petclinic', 'state': 'blocked'}",0,same_network,3,300
2026-07-24T22:04:36.236013+00:00,2026-07-24T22:04:36.621000+00:00,jvm_threads_states_threads,visits-service,10.42.1.125:8080,"{'__name__': 'jvm_threads_states_threads', 'instance': '10.42.1.125:8080', 'job': 'spring-petclinic', 'state': 'new'}",0,same_network,3,300
2026-07-24T22:04:36.236013+00:00,2026-07-24T22:04:36.621000+00:00,jvm_threads_states_threads,visits-service,10.42.1.125:8080,"{'__name__': 'jvm_threads_states_threads', 'instance': '10.42.1.125:8080', 'job': 'spring-petclinic', 'state': 'runnable'}",8,same_network,3,300
2026-07-24T22:04:36.236013+00:00,2026-07-24T22:04:36.621000+00:00,jvm_threads_states_threads,visits-service,10.42.1.125:8080,"{'__name__': 'jvm_threads_states_threads', 'instance': '10.42.1.125:8080', 'job': 'spring-petclinic', 'state': 'terminated'}",0,same_network,3,300
2026-07-24T22:04:36.236013+00:00,2026-07-24T22:04:36.621000+00:00,jvm_threads_states_threads,visits-service,10.42.1.125:8080,"{'__name__': 'jvm_threads_states_threads', 'instance': '10.42.1.125:8080', 'job': 'spring-petclinic', 'state': 'timed-waiting'}",26,same_network,3,300
2026-07-24T22:04:36.236013+00:00,2026-07-24T22:04:36.621000+00:00,jvm_threads_states_threads,visits-service,10.42.1.125:8080,"{'__name__': 'jvm_threads_states_threads', 'instance': '10.42.1.125:8080', 'job': 'spring-petclinic', 'state': 'waiting'}",14,same_network,3,300
2026-07-24T22:04:36.236013+00:00,2026-07-24T22:04:36.621000+00:00,jvm_threads_states_threads,customers-service,10.42.1.126:8080,"{'__name__': 'jvm_threads_states_threads', 'instance': '10.42.1.126:8080', 'job': 'spring-petclinic', 'state': 'blocked'}",0,same_network,3,300
2026-07-24T22:04:36.236013+00:00,2026-07-24T22:04:36.621000+00:00,jvm_threads_states_threads,customers-service,10.42.1.126:8080,"{'__name__': 'jvm_threads_states_threads', 'instance': '10.42.1.126:8080', 'job': 'spring-petclinic', 'state': 'new'}",0,same_network,3,300
2026-07-24T22:04:36.236013+00:00,2026-07-24T22:04:36.621000+00:00,jvm_threads_states_threads,customers-service,10.42.1.126:8080,"{'__name__': 'jvm_threads_states_threads', 'instance': '10.42.1.126:8080', 'job': 'spring-petclinic', 'state': 'runnable'}",16,same_network,3,300
2026-07-24T22:04:36.236013+00:00,2026-07-24T22:04:36.621000+00:00,jvm_threads_states_threads,customers-service,10.42.1.126:8080,"{'__name__': 'jvm_threads_states_threads', 'instance': '10.42.1.126:8080', 'job': 'spring-petclinic', 'state': 'terminated'}",0,same_network,3,300
2026-07-24T22:04:36.236013+00:00,2026-07-24T22:04:36.621000+00:00,jvm_threads_states_threads,customers-service,10.42.1.126:8080,"{'__name__': 'jvm_threads_states_threads', 'instance': '10.42.1.126:8080', 'job': 'spring-petclinic', 'state': 'timed-waiting'}",196,same_network,3,300
2026-07-24T22:04:36.236013+00:00,2026-07-24T22:04:36.621000+00:00,jvm_threads_states_threads,customers-service,10.42.1.126:8080,"{'__name__': 'jvm_threads_states_threads', 'instance': '10.42.1.126:8080', 'job': 'spring-petclinic', 'state': 'waiting'}",14,same_network,3,300
2026-07-24T22:04:36.236013+00:00,2026-07-24T22:04:36.621000+00:00,jvm_threads_states_threads,api-gateway,10.42.1.129:8080,"{'__name__': 'jvm_threads_states_threads', 'instance': '10.42.1.129:8080', 'job': 'spring-petclinic', 'state': 'blocked'}",0,same_network,3,300
2026-07-24T22:04:36.236013+00:00,2026-07-24T22:04:36.621000+00:00,jvm_threads_states_threads,api-gateway,10.42.1.129:8080,"{'__name__': 'jvm_threads_states_threads', 'instance': '10.42.1.129:8080', 'job': 'spring-petclinic', 'state': 'new'}",0,same_network,3,300
2026-07-24T22:04:36.236013+00:00,2026-07-24T22:04:36.621000+00:00,jvm_threads_states_threads,api-gateway,10.42.1.129:8080,"{'__name__': 'jvm_threads_states_threads', 'instance': '10.42.1.129:8080', 'job': 'spring-petclinic', 'state': 'runnable'}",14,same_network,3,300
2026-07-24T22:04:36.236013+00:00,2026-07-24T22:04:36.621000+00:00,jvm_threads_states_threads,api-gateway,10.42.1.129:8080,"{'__name__': 'jvm_threads_states_threads', 'instance': '10.42.1.129:8080', 'job': 'spring-petclinic', 'state': 'terminated'}",0,same_network,3,300
2026-07-24T22:04:36.236013+00:00,2026-07-24T22:04:36.621000+00:00,jvm_threads_states_threads,api-gateway,10.42.1.129:8080,"{'__name__': 'jvm_threads_states_threads', 'instance': '10.42.1.129:8080', 'job': 'spring-petclinic', 'state': 'timed-waiting'}",7,same_network,3,300
2026-07-24T22:04:36.236013+00:00,2026-07-24T22:04:36.621000+00:00,jvm_threads_states_threads,api-gateway,10.42.1.129:8080,"{'__name__': 'jvm_threads_states_threads', 'instance': '10.42.1.129:8080', 'job': 'spring-petclinic', 'state': 'waiting'}",16,same_network,3,300
2026-07-24T22:04:36.236013+00:00,2026-07-24T22:04:36.631000+00:00,logback_events_total,customers-service,10.42.0.186:8080,"{'__name__': 'logback_events_total', 'instance': '10.42.0.186:8080', 'job': 'spring-petclinic', 'level': 'debug'}",1222532,same_network,3,300
2026-07-24T22:04:36.236013+00:00,2026-07-24T22:04:36.631000+00:00,logback_events_total,customers-service,10.42.0.186:8080,"{'__name__': 'logback_events_total', 'instance': '10.42.0.186:8080', 'job': 'spring-petclinic', 'level': 'error'}",27,same_network,3,300
2026-07-24T22:04:36.236013+00:00,2026-07-24T22:04:36.631000+00:00,logback_events_total,customers-service,10.42.0.186:8080,"{'__name__': 'logback_events_total', 'instance': '10.42.0.186:8080', 'job': 'spring-petclinic', 'level': 'info'}",39,same_network,3,300
2026-07-24T22:04:36.236013+00:00,2026-07-24T22:04:36.631000+00:00,logback_events_total,customers-service,10.42.0.186:8080,"{'__name__': 'logback_events_total', 'instance': '10.42.0.186:8080', 'job': 'spring-petclinic', 'level': 'trace'}",0,same_network,3,300
2026-07-24T22:04:36.236013+00:00,2026-07-24T22:04:36.631000+00:00,logback_events_total,customers-service,10.42.0.186:8080,"{'__name__': 'logback_events_total', 'instance': '10.42.0.186:8080', 'job': 'spring-petclinic', 'level': 'warn'}",29,same_network,3,300
2026-07-24T22:04:36.236013+00:00,2026-07-24T22:04:36.631000+00:00,logback_events_total,api-gateway,10.42.0.187:8080,"{'__name__': 'logback_events_total', 'instance': '10.42.0.187:8080', 'job': 'spring-petclinic', 'level': 'debug'}",0,same_network,3,300
2026-07-24T22:04:36.236013+00:00,2026-07-24T22:04:36.631000+00:00,logback_events_total,api-gateway,10.42.0.187:8080,"{'__name__': 'logback_events_total', 'instance': '10.42.0.187:8080', 'job': 'spring-petclinic', 'level': 'error'}",51,same_network,3,300
2026-07-24T22:04:36.236013+00:00,2026-07-24T22:04:36.631000+00:00,logback_events_total,api-gateway,10.42.0.187:8080,"{'__name__': 'logback_events_total', 'instance': '10.42.0.187:8080', 'job': 'spring-petclinic', 'level': 'info'}",32,same_network,3,300
2026-07-24T22:04:36.236013+00:00,2026-07-24T22:04:36.631000+00:00,logback_events_total,api-gateway,10.42.0.187:8080,"{'__name__': 'logback_events_total', 'instance': '10.42.0.187:8080', 'job': 'spring-petclinic', 'level': 'trace'}",0,same_network,3,300
2026-07-24T22:04:36.236013+00:00,2026-07-24T22:04:36.631000+00:00,logback_events_total,api-gateway,10.42.0.187:8080,"{'__name__': 'logback_events_total', 'instance': '10.42.0.187:8080', 'job': 'spring-petclinic', 'level': 'warn'}",9,same_network,3,300
2026-07-24T22:04:36.236013+00:00,2026-07-24T22:04:36.631000+00:00,logback_events_total,visits-service,10.42.1.122:8080,"{'__name__': 'logback_events_total', 'instance': '10.42.1.122:8080', 'job': 'spring-petclinic', 'level': 'debug'}",602727,same_network,3,300
2026-07-24T22:04:36.236013+00:00,2026-07-24T22:04:36.631000+00:00,logback_events_total,visits-service,10.42.1.122:8080,"{'__name__': 'logback_events_total', 'instance': '10.42.1.122:8080', 'job': 'spring-petclinic', 'level': 'error'}",317,same_network,3,300
2026-07-24T22:04:36.236013+00:00,2026-07-24T22:04:36.631000+00:00,logback_events_total,visits-service,10.42.1.122:8080,"{'__name__': 'logback_events_total', 'instance': '10.42.1.122:8080', 'job': 'spring-petclinic', 'level': 'info'}",367,same_network,3,300
2026-07-24T22:04:36.236013+00:00,2026-07-24T22:04:36.631000+00:00,logback_events_total,visits-service,10.42.1.122:8080,"{'__name__': 'logback_events_total', 'instance': '10.42.1.122:8080', 'job': 'spring-petclinic', 'level': 'trace'}",0,same_network,3,300
2026-07-24T22:04:36.236013+00:00,2026-07-24T22:04:36.631000+00:00,logback_events_total,visits-service,10.42.1.122:8080,"{'__name__': 'logback_events_total', 'instance': '10.42.1.122:8080', 'job': 'spring-petclinic', 'level': 'warn'}",16,same_network,3,300
2026-07-24T22:04:36.236013+00:00,2026-07-24T22:04:36.631000+00:00,logback_events_total,vets-service,10.42.1.123:8080,"{'__name__': 'logback_events_total', 'instance': '10.42.1.123:8080', 'job': 'spring-petclinic', 'level': 'debug'}",592772,same_network,3,300
2026-07-24T22:04:36.236013+00:00,2026-07-24T22:04:36.631000+00:00,logback_events_total,vets-service,10.42.1.123:8080,"{'__name__': 'logback_events_total', 'instance': '10.42.1.123:8080', 'job': 'spring-petclinic', 'level': 'error'}",317,same_network,3,300
2026-07-24T22:04:36.236013+00:00,2026-07-24T22:04:36.631000+00:00,logback_events_total,vets-service,10.42.1.123:8080,"{'__name__': 'logback_events_total', 'instance': '10.42.1.123:8080', 'job': 'spring-petclinic', 'level': 'info'}",367,same_network,3,300
2026-07-24T22:04:36.236013+00:00,2026-07-24T22:04:36.631000+00:00,logback_events_total,vets-service,10.42.1.123:8080,"{'__name__': 'logback_events_total', 'instance': '10.42.1.123:8080', 'job': 'spring-petclinic', 'level': 'trace'}",0,same_network,3,300
2026-07-24T22:04:36.236013+00:00,2026-07-24T22:04:36.631000+00:00,logback_events_total,vets-service,10.42.1.123:8080,"{'__name__': 'logback_events_total', 'instance': '10.42.1.123:8080', 'job': 'spring-petclinic', 'level': 'warn'}",15,same_network,3,300
2026-07-24T22:04:36.236013+00:00,2026-07-24T22:04:36.631000+00:00,logback_events_total,vets-service,10.42.1.124:8080,"{'__name__': 'logback_events_total', 'instance': '10.42.1.124:8080', 'job': 'spring-petclinic', 'level': 'debug'}",602137,same_network,3,300
2026-07-24T22:04:36.236013+00:00,2026-07-24T22:04:36.631000+00:00,logback_events_total,vets-service,10.42.1.124:8080,"{'__name__': 'logback_events_total', 'instance': '10.42.1.124:8080', 'job': 'spring-petclinic', 'level': 'error'}",316,same_network,3,300
2026-07-24T22:04:36.236013+00:00,2026-07-24T22:04:36.631000+00:00,logback_events_total,vets-service,10.42.1.124:8080,"{'__name__': 'logback_events_total', 'instance': '10.42.1.124:8080', 'job': 'spring-petclinic', 'level': 'info'}",366,same_network,3,300
2026-07-24T22:04:36.236013+00:00,2026-07-24T22:04:36.631000+00:00,logback_events_total,vets-service,10.42.1.124:8080,"{'__name__': 'logback_events_total', 'instance': '10.42.1.124:8080', 'job': 'spring-petclinic', 'level': 'trace'}",0,same_network,3,300
2026-07-24T22:04:36.236013+00:00,2026-07-24T22:04:36.631000+00:00,logback_events_total,vets-service,10.42.1.124:8080,"{'__name__': 'logback_events_total', 'instance': '10.42.1.124:8080', 'job': 'spring-petclinic', 'level': 'warn'}",15,same_network,3,300
2026-07-24T22:04:36.236013+00:00,2026-07-24T22:04:36.631000+00:00,logback_events_total,visits-service,10.42.1.125:8080,"{'__name__': 'logback_events_total', 'instance': '10.42.1.125:8080', 'job': 'spring-petclinic', 'level': 'debug'}",593981,same_network,3,300
2026-07-24T22:04:36.236013+00:00,2026-07-24T22:04:36.631000+00:00,logback_events_total,visits-service,10.42.1.125:8080,"{'__name__': 'logback_events_total', 'instance': '10.42.1.125:8080', 'job': 'spring-petclinic', 'level': 'error'}",315,same_network,3,300
2026-07-24T22:04:36.236013+00:00,2026-07-24T22:04:36.631000+00:00,logback_events_total,visits-service,10.42.1.125:8080,"{'__name__': 'logback_events_total', 'instance': '10.42.1.125:8080', 'job': 'spring-petclinic', 'level': 'info'}",365,same_network,3,300
2026-07-24T22:04:36.236013+00:00,2026-07-24T22:04:36.631000+00:00,logback_events_total,visits-service,10.42.1.125:8080,"{'__name__': 'logback_events_total', 'instance': '10.42.1.125:8080', 'job': 'spring-petclinic', 'level': 'trace'}",0,same_network,3,300
2026-07-24T22:04:36.236013+00:00,2026-07-24T22:04:36.631000+00:00,logback_events_total,visits-service,10.42.1.125:8080,"{'__name__': 'logback_events_total', 'instance': '10.42.1.125:8080', 'job': 'spring-petclinic', 'level': 'warn'}",15,same_network,3,300
2026-07-24T22:04:36.236013+00:00,2026-07-24T22:04:36.631000+00:00,logback_events_total,customers-service,10.42.1.126:8080,"{'__name__': 'logback_events_total', 'instance': '10.42.1.126:8080', 'job': 'spring-petclinic', 'level': 'debug'}",1176143,same_network,3,300
2026-07-24T22:04:36.236013+00:00,2026-07-24T22:04:36.631000+00:00,logback_events_total,customers-service,10.42.1.126:8080,"{'__name__': 'logback_events_total', 'instance': '10.42.1.126:8080', 'job': 'spring-petclinic', 'level': 'error'}",316,same_network,3,300
2026-07-24T22:04:36.236013+00:00,2026-07-24T22:04:36.631000+00:00,logback_events_total,customers-service,10.42.1.126:8080,"{'__name__': 'logback_events_total', 'instance': '10.42.1.126:8080', 'job': 'spring-petclinic', 'level': 'info'}",366,same_network,3,300
2026-07-24T22:04:36.236013+00:00,2026-07-24T22:04:36.631000+00:00,logback_events_total,customers-service,10.42.1.126:8080,"{'__name__': 'logback_events_total', 'instance': '10.42.1.126:8080', 'job': 'spring-petclinic', 'level': 'trace'}",0,same_network,3,300
2026-07-24T22:04:36.236013+00:00,2026-07-24T22:04:36.631000+00:00,logback_events_total,customers-service,10.42.1.126:8080,"{'__name__': 'logback_events_total', 'instance': '10.42.1.126:8080', 'job': 'spring-petclinic', 'level': 'warn'}",15,same_network,3,300
2026-07-24T22:04:36.236013+00:00,2026-07-24T22:04:36.631000+00:00,logback_events_total,api-gateway,10.42.1.129:8080,"{'__name__': 'logback_events_total', 'instance': '10.42.1.129:8080', 'job': 'spring-petclinic', 'level': 'debug'}",0,same_network,3,300
2026-07-24T22:04:36.236013+00:00,2026-07-24T22:04:36.631000+00:00,logback_events_total,api-gateway,10.42.1.129:8080,"{'__name__': 'logback_events_total', 'instance': '10.42.1.129:8080', 'job': 'spring-petclinic', 'level': 'error'}",0,same_network,3,300
2026-07-24T22:04:36.236013+00:00,2026-07-24T22:04:36.631000+00:00,logback_events_total,api-gateway,10.42.1.129:8080,"{'__name__': 'logback_events_total', 'instance': '10.42.1.129:8080', 'job': 'spring-petclinic', 'level': 'info'}",32,same_network,3,300
2026-07-24T22:04:36.236013+00:00,2026-07-24T22:04:36.631000+00:00,logback_events_total,api-gateway,10.42.1.129:8080,"{'__name__': 'logback_events_total', 'instance': '10.42.1.129:8080', 'job': 'spring-petclinic', 'level': 'trace'}",0,same_network,3,300
2026-07-24T22:04:36.236013+00:00,2026-07-24T22:04:36.631000+00:00,logback_events_total,api-gateway,10.42.1.129:8080,"{'__name__': 'logback_events_total', 'instance': '10.42.1.129:8080', 'job': 'spring-petclinic', 'level': 'warn'}",8,same_network,3,300
2026-07-24T22:04:36.236013+00:00,2026-07-24T22:04:36.638000+00:00,process_files_open_files,customers-service,10.42.0.186:8080,"{'__name__': 'process_files_open_files', 'instance': '10.42.0.186:8080', 'job': 'spring-petclinic'}",219,same_network,3,300
2026-07-24T22:04:36.236013+00:00,2026-07-24T22:04:36.638000+00:00,process_files_open_files,api-gateway,10.42.0.187:8080,"{'__name__': 'process_files_open_files', 'instance': '10.42.0.187:8080', 'job': 'spring-petclinic'}",735,same_network,3,300
2026-07-24T22:04:36.236013+00:00,2026-07-24T22:04:36.638000+00:00,process_files_open_files,visits-service,10.42.1.122:8080,"{'__name__': 'process_files_open_files', 'instance': '10.42.1.122:8080', 'job': 'spring-petclinic'}",31,same_network,3,300
2026-07-24T22:04:36.236013+00:00,2026-07-24T22:04:36.638000+00:00,process_files_open_files,vets-service,10.42.1.123:8080,"{'__name__': 'process_files_open_files', 'instance': '10.42.1.123:8080', 'job': 'spring-petclinic'}",110,same_network,3,300
2026-07-24T22:04:36.236013+00:00,2026-07-24T22:04:36.638000+00:00,process_files_open_files,vets-service,10.42.1.124:8080,"{'__name__': 'process_files_open_files', 'instance': '10.42.1.124:8080', 'job': 'spring-petclinic'}",89,same_network,3,300
2026-07-24T22:04:36.236013+00:00,2026-07-24T22:04:36.638000+00:00,process_files_open_files,visits-service,10.42.1.125:8080,"{'__name__': 'process_files_open_files', 'instance': '10.42.1.125:8080', 'job': 'spring-petclinic'}",31,same_network,3,300
2026-07-24T22:04:36.236013+00:00,2026-07-24T22:04:36.638000+00:00,process_files_open_files,customers-service,10.42.1.126:8080,"{'__name__': 'process_files_open_files', 'instance': '10.42.1.126:8080', 'job': 'spring-petclinic'}",216,same_network,3,300
2026-07-24T22:04:36.236013+00:00,2026-07-24T22:04:36.638000+00:00,process_files_open_files,api-gateway,10.42.1.129:8080,"{'__name__': 'process_files_open_files', 'instance': '10.42.1.129:8080', 'job': 'spring-petclinic'}",475,same_network,3,300
2026-07-24T22:04:36.236013+00:00,2026-07-24T22:04:36.642000+00:00,up,customers-service,10.42.0.186:8080,"{'__name__': 'up', 'instance': '10.42.0.186:8080', 'job': 'spring-petclinic'}",1,same_network,3,300
2026-07-24T22:04:36.236013+00:00,2026-07-24T22:04:36.642000+00:00,up,api-gateway,10.42.0.187:8080,"{'__name__': 'up', 'instance': '10.42.0.187:8080', 'job': 'spring-petclinic'}",1,same_network,3,300
2026-07-24T22:04:36.236013+00:00,2026-07-24T22:04:36.642000+00:00,up,visits-service,10.42.1.122:8080,"{'__name__': 'up', 'instance': '10.42.1.122:8080', 'job': 'spring-petclinic'}",1,same_network,3,300
2026-07-24T22:04:36.236013+00:00,2026-07-24T22:04:36.642000+00:00,up,vets-service,10.42.1.123:8080,"{'__name__': 'up', 'instance': '10.42.1.123:8080', 'job': 'spring-petclinic'}",1,same_network,3,300
2026-07-24T22:04:36.236013+00:00,2026-07-24T22:04:36.642000+00:00,up,vets-service,10.42.1.124:8080,"{'__name__': 'up', 'instance': '10.42.1.124:8080', 'job': 'spring-petclinic'}",1,same_network,3,300
2026-07-24T22:04:36.236013+00:00,2026-07-24T22:04:36.642000+00:00,up,visits-service,10.42.1.125:8080,"{'__name__': 'up', 'instance': '10.42.1.125:8080', 'job': 'spring-petclinic'}",1,same_network,3,300
2026-07-24T22:04:36.236013+00:00,2026-07-24T22:04:36.642000+00:00,up,customers-service,10.42.1.126:8080,"{'__name__': 'up', 'instance': '10.42.1.126:8080', 'job': 'spring-petclinic'}",1,same_network,3,300
2026-07-24T22:04:36.236013+00:00,2026-07-24T22:04:36.642000+00:00,up,api-gateway,10.42.1.129:8080,"{'__name__': 'up', 'instance': '10.42.1.129:8080', 'job': 'spring-petclinic'}",1,same_network,3,300
2026-07-24T22:04:36.236013+00:00,2026-07-24T22:04:36.647000+00:00,zipkin_reporter_messages_bytes_total,customers-service,10.42.0.186:8080,"{'__name__': 'zipkin_reporter_messages_bytes_total', 'instance': '10.42.0.186:8080', 'job': 'spring-petclinic'}",611662609,same_network,3,300
2026-07-24T22:04:36.236013+00:00,2026-07-24T22:04:36.647000+00:00,zipkin_reporter_messages_bytes_total,api-gateway,10.42.0.187:8080,"{'__name__': 'zipkin_reporter_messages_bytes_total', 'instance': '10.42.0.187:8080', 'job': 'spring-petclinic'}",1379946499,same_network,3,300
2026-07-24T22:04:36.236013+00:00,2026-07-24T22:04:36.647000+00:00,zipkin_reporter_messages_bytes_total,visits-service,10.42.1.122:8080,"{'__name__': 'zipkin_reporter_messages_bytes_total', 'instance': '10.42.1.122:8080', 'job': 'spring-petclinic'}",138348573,same_network,3,300
2026-07-24T22:04:36.236013+00:00,2026-07-24T22:04:36.647000+00:00,zipkin_reporter_messages_bytes_total,vets-service,10.42.1.123:8080,"{'__name__': 'zipkin_reporter_messages_bytes_total', 'instance': '10.42.1.123:8080', 'job': 'spring-petclinic'}",291791910,same_network,3,300
2026-07-24T22:04:36.236013+00:00,2026-07-24T22:04:36.647000+00:00,zipkin_reporter_messages_bytes_total,vets-service,10.42.1.124:8080,"{'__name__': 'zipkin_reporter_messages_bytes_total', 'instance': '10.42.1.124:8080', 'job': 'spring-petclinic'}",296464558,same_network,3,300
2026-07-24T22:04:36.236013+00:00,2026-07-24T22:04:36.647000+00:00,zipkin_reporter_messages_bytes_total,visits-service,10.42.1.125:8080,"{'__name__': 'zipkin_reporter_messages_bytes_total', 'instance': '10.42.1.125:8080', 'job': 'spring-petclinic'}",136330767,same_network,3,300
2026-07-24T22:04:36.236013+00:00,2026-07-24T22:04:36.647000+00:00,zipkin_reporter_messages_bytes_total,customers-service,10.42.1.126:8080,"{'__name__': 'zipkin_reporter_messages_bytes_total', 'instance': '10.42.1.126:8080', 'job': 'spring-petclinic'}",587965498,same_network,3,300
2026-07-24T22:04:36.236013+00:00,2026-07-24T22:04:36.647000+00:00,zipkin_reporter_messages_bytes_total,api-gateway,10.42.1.129:8080,"{'__name__': 'zipkin_reporter_messages_bytes_total', 'instance': '10.42.1.129:8080', 'job': 'spring-petclinic'}",10152477,same_network,3,300
2026-07-24T22:04:36.236013+00:00,2026-07-24T22:04:36.651000+00:00,zipkin_reporter_messages_dropped_total,customers-service,10.42.0.186:8080,"{'__name__': 'zipkin_reporter_messages_dropped_total', 'cause': 'ResourceAccessException', 'instance': '10.42.0.186:8080', 'job': 'spring-petclinic'}",83,same_network,3,300
2026-07-24T22:04:36.236013+00:00,2026-07-24T22:04:36.651000+00:00,zipkin_reporter_messages_dropped_total,api-gateway,10.42.0.187:8080,"{'__name__': 'zipkin_reporter_messages_dropped_total', 'cause': 'ResourceAccessException', 'instance': '10.42.0.187:8080', 'job': 'spring-petclinic'}",98,same_network,3,300
2026-07-24T22:04:36.236013+00:00,2026-07-24T22:04:36.651000+00:00,zipkin_reporter_messages_dropped_total,visits-service,10.42.1.122:8080,"{'__name__': 'zipkin_reporter_messages_dropped_total', 'cause': 'ResourceAccessException', 'instance': '10.42.1.122:8080', 'job': 'spring-petclinic'}",97,same_network,3,300
2026-07-24T22:04:36.236013+00:00,2026-07-24T22:04:36.651000+00:00,zipkin_reporter_messages_dropped_total,vets-service,10.42.1.123:8080,"{'__name__': 'zipkin_reporter_messages_dropped_total', 'cause': 'ResourceAccessException', 'instance': '10.42.1.123:8080', 'job': 'spring-petclinic'}",96,same_network,3,300
2026-07-24T22:04:36.236013+00:00,2026-07-24T22:04:36.651000+00:00,zipkin_reporter_messages_dropped_total,vets-service,10.42.1.124:8080,"{'__name__': 'zipkin_reporter_messages_dropped_total', 'cause': 'ResourceAccessException', 'instance': '10.42.1.124:8080', 'job': 'spring-petclinic'}",90,same_network,3,300
2026-07-24T22:04:36.236013+00:00,2026-07-24T22:04:36.651000+00:00,zipkin_reporter_messages_dropped_total,visits-service,10.42.1.125:8080,"{'__name__': 'zipkin_reporter_messages_dropped_total', 'cause': 'ResourceAccessException', 'instance': '10.42.1.125:8080', 'job': 'spring-petclinic'}",92,same_network,3,300
2026-07-24T22:04:36.236013+00:00,2026-07-24T22:04:36.651000+00:00,zipkin_reporter_messages_dropped_total,customers-service,10.42.1.126:8080,"{'__name__': 'zipkin_reporter_messages_dropped_total', 'cause': 'ResourceAccessException', 'instance': '10.42.1.126:8080', 'job': 'spring-petclinic'}",99,same_network,3,300
2026-07-24T22:04:36.236013+00:00,2026-07-24T22:04:36.651000+00:00,zipkin_reporter_messages_dropped_total,api-gateway,10.42.1.129:8080,"{'__name__': 'zipkin_reporter_messages_dropped_total', 'cause': 'ResourceAccessException', 'instance': '10.42.1.129:8080', 'job': 'spring-petclinic'}",3,same_network,3,300
2026-07-24T22:04:36.236013+00:00,2026-07-24T22:04:36.655000+00:00,zipkin_reporter_messages_total,customers-service,10.42.0.186:8080,"{'__name__': 'zipkin_reporter_messages_total', 'instance': '10.42.0.186:8080', 'job': 'spring-petclinic'}",9706,same_network,3,300
2026-07-24T22:04:36.236013+00:00,2026-07-24T22:04:36.655000+00:00,zipkin_reporter_messages_total,api-gateway,10.42.0.187:8080,"{'__name__': 'zipkin_reporter_messages_total', 'instance': '10.42.0.187:8080', 'job': 'spring-petclinic'}",9699,same_network,3,300
2026-07-24T22:04:36.236013+00:00,2026-07-24T22:04:36.655000+00:00,zipkin_reporter_messages_total,visits-service,10.42.1.122:8080,"{'__name__': 'zipkin_reporter_messages_total', 'instance': '10.42.1.122:8080', 'job': 'spring-petclinic'}",9883,same_network,3,300
2026-07-24T22:04:36.236013+00:00,2026-07-24T22:04:36.655000+00:00,zipkin_reporter_messages_total,vets-service,10.42.1.123:8080,"{'__name__': 'zipkin_reporter_messages_total', 'instance': '10.42.1.123:8080', 'job': 'spring-petclinic'}",9918,same_network,3,300
2026-07-24T22:04:36.236013+00:00,2026-07-24T22:04:36.655000+00:00,zipkin_reporter_messages_total,vets-service,10.42.1.124:8080,"{'__name__': 'zipkin_reporter_messages_total', 'instance': '10.42.1.124:8080', 'job': 'spring-petclinic'}",9915,same_network,3,300
2026-07-24T22:04:36.236013+00:00,2026-07-24T22:04:36.655000+00:00,zipkin_reporter_messages_total,visits-service,10.42.1.125:8080,"{'__name__': 'zipkin_reporter_messages_total', 'instance': '10.42.1.125:8080', 'job': 'spring-petclinic'}",9737,same_network,3,300
2026-07-24T22:04:36.236013+00:00,2026-07-24T22:04:36.655000+00:00,zipkin_reporter_messages_total,customers-service,10.42.1.126:8080,"{'__name__': 'zipkin_reporter_messages_total', 'instance': '10.42.1.126:8080', 'job': 'spring-petclinic'}",9840,same_network,3,300
2026-07-24T22:04:36.236013+00:00,2026-07-24T22:04:36.655000+00:00,zipkin_reporter_messages_total,api-gateway,10.42.1.129:8080,"{'__name__': 'zipkin_reporter_messages_total', 'instance': '10.42.1.129:8080', 'job': 'spring-petclinic'}",151,same_network,3,300
2026-07-24T22:04:36.236013+00:00,2026-07-24T22:04:36.662000+00:00,zipkin_reporter_queue_bytes,customers-service,10.42.0.186:8080,"{'__name__': 'zipkin_reporter_queue_bytes', 'instance': '10.42.0.186:8080', 'job': 'spring-petclinic'}",0,same_network,3,300
2026-07-24T22:04:36.236013+00:00,2026-07-24T22:04:36.662000+00:00,zipkin_reporter_queue_bytes,api-gateway,10.42.0.187:8080,"{'__name__': 'zipkin_reporter_queue_bytes', 'instance': '10.42.0.187:8080', 'job': 'spring-petclinic'}",0,same_network,3,300
2026-07-24T22:04:36.236013+00:00,2026-07-24T22:04:36.662000+00:00,zipkin_reporter_queue_bytes,visits-service,10.42.1.122:8080,"{'__name__': 'zipkin_reporter_queue_bytes', 'instance': '10.42.1.122:8080', 'job': 'spring-petclinic'}",0,same_network,3,300
2026-07-24T22:04:36.236013+00:00,2026-07-24T22:04:36.662000+00:00,zipkin_reporter_queue_bytes,vets-service,10.42.1.123:8080,"{'__name__': 'zipkin_reporter_queue_bytes', 'instance': '10.42.1.123:8080', 'job': 'spring-petclinic'}",0,same_network,3,300
2026-07-24T22:04:36.236013+00:00,2026-07-24T22:04:36.662000+00:00,zipkin_reporter_queue_bytes,vets-service,10.42.1.124:8080,"{'__name__': 'zipkin_reporter_queue_bytes', 'instance': '10.42.1.124:8080', 'job': 'spring-petclinic'}",0,same_network,3,300
2026-07-24T22:04:36.236013+00:00,2026-07-24T22:04:36.662000+00:00,zipkin_reporter_queue_bytes,visits-service,10.42.1.125:8080,"{'__name__': 'zipkin_reporter_queue_bytes', 'instance': '10.42.1.125:8080', 'job': 'spring-petclinic'}",0,same_network,3,300
2026-07-24T22:04:36.236013+00:00,2026-07-24T22:04:36.662000+00:00,zipkin_reporter_queue_bytes,customers-service,10.42.1.126:8080,"{'__name__': 'zipkin_reporter_queue_bytes', 'instance': '10.42.1.126:8080', 'job': 'spring-petclinic'}",0,same_network,3,300
2026-07-24T22:04:36.236013+00:00,2026-07-24T22:04:36.662000+00:00,zipkin_reporter_queue_bytes,api-gateway,10.42.1.129:8080,"{'__name__': 'zipkin_reporter_queue_bytes', 'instance': '10.42.1.129:8080', 'job': 'spring-petclinic'}",0,same_network,3,300
2026-07-24T22:04:36.236013+00:00,2026-07-24T22:04:36.667000+00:00,zipkin_reporter_queue_spans,customers-service,10.42.0.186:8080,"{'__name__': 'zipkin_reporter_queue_spans', 'instance': '10.42.0.186:8080', 'job': 'spring-petclinic'}",0,same_network,3,300
2026-07-24T22:04:36.236013+00:00,2026-07-24T22:04:36.667000+00:00,zipkin_reporter_queue_spans,api-gateway,10.42.0.187:8080,"{'__name__': 'zipkin_reporter_queue_spans', 'instance': '10.42.0.187:8080', 'job': 'spring-petclinic'}",0,same_network,3,300
2026-07-24T22:04:36.236013+00:00,2026-07-24T22:04:36.667000+00:00,zipkin_reporter_queue_spans,visits-service,10.42.1.122:8080,"{'__name__': 'zipkin_reporter_queue_spans', 'instance': '10.42.1.122:8080', 'job': 'spring-petclinic'}",0,same_network,3,300
2026-07-24T22:04:36.236013+00:00,2026-07-24T22:04:36.667000+00:00,zipkin_reporter_queue_spans,vets-service,10.42.1.123:8080,"{'__name__': 'zipkin_reporter_queue_spans', 'instance': '10.42.1.123:8080', 'job': 'spring-petclinic'}",0,same_network,3,300
2026-07-24T22:04:36.236013+00:00,2026-07-24T22:04:36.667000+00:00,zipkin_reporter_queue_spans,vets-service,10.42.1.124:8080,"{'__name__': 'zipkin_reporter_queue_spans', 'instance': '10.42.1.124:8080', 'job': 'spring-petclinic'}",0,same_network,3,300
2026-07-24T22:04:36.236013+00:00,2026-07-24T22:04:36.667000+00:00,zipkin_reporter_queue_spans,visits-service,10.42.1.125:8080,"{'__name__': 'zipkin_reporter_queue_spans', 'instance': '10.42.1.125:8080', 'job': 'spring-petclinic'}",0,same_network,3,300
2026-07-24T22:04:36.236013+00:00,2026-07-24T22:04:36.667000+00:00,zipkin_reporter_queue_spans,customers-service,10.42.1.126:8080,"{'__name__': 'zipkin_reporter_queue_spans', 'instance': '10.42.1.126:8080', 'job': 'spring-petclinic'}",0,same_network,3,300
2026-07-24T22:04:36.236013+00:00,2026-07-24T22:04:36.667000+00:00,zipkin_reporter_queue_spans,api-gateway,10.42.1.129:8080,"{'__name__': 'zipkin_reporter_queue_spans', 'instance': '10.42.1.129:8080', 'job': 'spring-petclinic'}",0,same_network,3,300
2026-07-24T22:04:36.236013+00:00,2026-07-24T22:04:36.673000+00:00,zipkin_reporter_spans_bytes_total,customers-service,10.42.0.186:8080,"{'__name__': 'zipkin_reporter_spans_bytes_total', 'instance': '10.42.0.186:8080', 'job': 'spring-petclinic'}",610483590,same_network,3,300
2026-07-24T22:04:36.236013+00:00,2026-07-24T22:04:36.673000+00:00,zipkin_reporter_spans_bytes_total,api-gateway,10.42.0.187:8080,"{'__name__': 'zipkin_reporter_spans_bytes_total', 'instance': '10.42.0.187:8080', 'job': 'spring-petclinic'}",1377586100,same_network,3,300
2026-07-24T22:04:36.236013+00:00,2026-07-24T22:04:36.673000+00:00,zipkin_reporter_spans_bytes_total,visits-service,10.42.1.122:8080,"{'__name__': 'zipkin_reporter_spans_bytes_total', 'instance': '10.42.1.122:8080', 'job': 'spring-petclinic'}",138043887,same_network,3,300
2026-07-24T22:04:36.236013+00:00,2026-07-24T22:04:36.673000+00:00,zipkin_reporter_spans_bytes_total,vets-service,10.42.1.123:8080,"{'__name__': 'zipkin_reporter_spans_bytes_total', 'instance': '10.42.1.123:8080', 'job': 'spring-petclinic'}",291198914,same_network,3,300
2026-07-24T22:04:36.236013+00:00,2026-07-24T22:04:36.673000+00:00,zipkin_reporter_spans_bytes_total,vets-service,10.42.1.124:8080,"{'__name__': 'zipkin_reporter_spans_bytes_total', 'instance': '10.42.1.124:8080', 'job': 'spring-petclinic'}",295865140,same_network,3,300
2026-07-24T22:04:36.236013+00:00,2026-07-24T22:04:36.673000+00:00,zipkin_reporter_spans_bytes_total,visits-service,10.42.1.125:8080,"{'__name__': 'zipkin_reporter_spans_bytes_total', 'instance': '10.42.1.125:8080', 'job': 'spring-petclinic'}",136040315,same_network,3,300
2026-07-24T22:04:36.236013+00:00,2026-07-24T22:04:36.673000+00:00,zipkin_reporter_spans_bytes_total,customers-service,10.42.1.126:8080,"{'__name__': 'zipkin_reporter_spans_bytes_total', 'instance': '10.42.1.126:8080', 'job': 'spring-petclinic'}",586792170,same_network,3,300
2026-07-24T22:04:36.236013+00:00,2026-07-24T22:04:36.673000+00:00,zipkin_reporter_spans_bytes_total,api-gateway,10.42.1.129:8080,"{'__name__': 'zipkin_reporter_spans_bytes_total', 'instance': '10.42.1.129:8080', 'job': 'spring-petclinic'}",10171928,same_network,3,300
2026-07-24T22:04:36.236013+00:00,2026-07-24T22:04:36.678000+00:00,zipkin_reporter_spans_dropped_total,customers-service,10.42.0.186:8080,"{'__name__': 'zipkin_reporter_spans_dropped_total', 'instance': '10.42.0.186:8080', 'job': 'spring-petclinic'}",13169,same_network,3,300
2026-07-24T22:04:36.236013+00:00,2026-07-24T22:04:36.678000+00:00,zipkin_reporter_spans_dropped_total,api-gateway,10.42.0.187:8080,"{'__name__': 'zipkin_reporter_spans_dropped_total', 'instance': '10.42.0.187:8080', 'job': 'spring-petclinic'}",65084,same_network,3,300
2026-07-24T22:04:36.236013+00:00,2026-07-24T22:04:36.678000+00:00,zipkin_reporter_spans_dropped_total,visits-service,10.42.1.122:8080,"{'__name__': 'zipkin_reporter_spans_dropped_total', 'instance': '10.42.1.122:8080', 'job': 'spring-petclinic'}",3411,same_network,3,300
2026-07-24T22:04:36.236013+00:00,2026-07-24T22:04:36.678000+00:00,zipkin_reporter_spans_dropped_total,vets-service,10.42.1.123:8080,"{'__name__': 'zipkin_reporter_spans_dropped_total', 'instance': '10.42.1.123:8080', 'job': 'spring-petclinic'}",6685,same_network,3,300
2026-07-24T22:04:36.236013+00:00,2026-07-24T22:04:36.678000+00:00,zipkin_reporter_spans_dropped_total,vets-service,10.42.1.124:8080,"{'__name__': 'zipkin_reporter_spans_dropped_total', 'instance': '10.42.1.124:8080', 'job': 'spring-petclinic'}",6712,same_network,3,300
2026-07-24T22:04:36.236013+00:00,2026-07-24T22:04:36.678000+00:00,zipkin_reporter_spans_dropped_total,visits-service,10.42.1.125:8080,"{'__name__': 'zipkin_reporter_spans_dropped_total', 'instance': '10.42.1.125:8080', 'job': 'spring-petclinic'}",3523,same_network,3,300
2026-07-24T22:04:36.236013+00:00,2026-07-24T22:04:36.678000+00:00,zipkin_reporter_spans_dropped_total,customers-service,10.42.1.126:8080,"{'__name__': 'zipkin_reporter_spans_dropped_total', 'instance': '10.42.1.126:8080', 'job': 'spring-petclinic'}",14987,same_network,3,300
2026-07-24T22:04:36.236013+00:00,2026-07-24T22:04:36.678000+00:00,zipkin_reporter_spans_dropped_total,api-gateway,10.42.1.129:8080,"{'__name__': 'zipkin_reporter_spans_dropped_total', 'instance': '10.42.1.129:8080', 'job': 'spring-petclinic'}",763,same_network,3,300
2026-07-24T22:04:36.236013+00:00,2026-07-24T22:04:36.684000+00:00,zipkin_reporter_spans_total,customers-service,10.42.0.186:8080,"{'__name__': 'zipkin_reporter_spans_total', 'instance': '10.42.0.186:8080', 'job': 'spring-petclinic'}",1217756,same_network,3,300
2026-07-24T22:04:36.236013+00:00,2026-07-24T22:04:36.684000+00:00,zipkin_reporter_spans_total,api-gateway,10.42.0.187:8080,"{'__name__': 'zipkin_reporter_spans_total', 'instance': '10.42.0.187:8080', 'job': 'spring-petclinic'}",4632297,same_network,3,300
2026-07-24T22:04:36.236013+00:00,2026-07-24T22:04:36.684000+00:00,zipkin_reporter_spans_total,visits-service,10.42.1.122:8080,"{'__name__': 'zipkin_reporter_spans_total', 'instance': '10.42.1.122:8080', 'job': 'spring-petclinic'}",298508,same_network,3,300
2026-07-24T22:04:36.236013+00:00,2026-07-24T22:04:36.684000+00:00,zipkin_reporter_spans_total,vets-service,10.42.1.123:8080,"{'__name__': 'zipkin_reporter_spans_total', 'instance': '10.42.1.123:8080', 'job': 'spring-petclinic'}",587058,same_network,3,300
2026-07-24T22:04:36.236013+00:00,2026-07-24T22:04:36.684000+00:00,zipkin_reporter_spans_total,vets-service,10.42.1.124:8080,"{'__name__': 'zipkin_reporter_spans_total', 'instance': '10.42.1.124:8080', 'job': 'spring-petclinic'}",596468,same_network,3,300
2026-07-24T22:04:36.236013+00:00,2026-07-24T22:04:36.684000+00:00,zipkin_reporter_spans_total,visits-service,10.42.1.125:8080,"{'__name__': 'zipkin_reporter_spans_total', 'instance': '10.42.1.125:8080', 'job': 'spring-petclinic'}",294160,same_network,3,300
2026-07-24T22:04:36.236013+00:00,2026-07-24T22:04:36.684000+00:00,zipkin_reporter_spans_total,customers-service,10.42.1.126:8080,"{'__name__': 'zipkin_reporter_spans_total', 'instance': '10.42.1.126:8080', 'job': 'spring-petclinic'}",1170499,same_network,3,300
2026-07-24T22:04:36.236013+00:00,2026-07-24T22:04:36.684000+00:00,zipkin_reporter_spans_total,api-gateway,10.42.1.129:8080,"{'__name__': 'zipkin_reporter_spans_total', 'instance': '10.42.1.129:8080', 'job': 'spring-petclinic'}",34184,same_network,3,300
2026-07-24T22:05:37.804529+00:00,2026-07-24T22:05:37.814000+00:00,process_cpu_usage,customers-service,10.42.0.186:8080,"{'__name__': 'process_cpu_usage', 'instance': '10.42.0.186:8080', 'job': 'spring-petclinic'}",0.06164441799166737,same_network,3,300
2026-07-24T22:05:37.804529+00:00,2026-07-24T22:05:37.814000+00:00,process_cpu_usage,api-gateway,10.42.0.187:8080,"{'__name__': 'process_cpu_usage', 'instance': '10.42.0.187:8080', 'job': 'spring-petclinic'}",0.08420337832102538,same_network,3,300
2026-07-24T22:05:37.804529+00:00,2026-07-24T22:05:37.814000+00:00,process_cpu_usage,visits-service,10.42.1.122:8080,"{'__name__': 'process_cpu_usage', 'instance': '10.42.1.122:8080', 'job': 'spring-petclinic'}",0.005684509711037423,same_network,3,300
2026-07-24T22:05:37.804529+00:00,2026-07-24T22:05:37.814000+00:00,process_cpu_usage,vets-service,10.42.1.123:8080,"{'__name__': 'process_cpu_usage', 'instance': '10.42.1.123:8080', 'job': 'spring-petclinic'}",0.02772511848341232,same_network,3,300
2026-07-24T22:05:37.804529+00:00,2026-07-24T22:05:37.814000+00:00,process_cpu_usage,vets-service,10.42.1.124:8080,"{'__name__': 'process_cpu_usage', 'instance': '10.42.1.124:8080', 'job': 'spring-petclinic'}",0.014275517487508922,same_network,3,300
2026-07-24T22:05:37.804529+00:00,2026-07-24T22:05:37.814000+00:00,process_cpu_usage,visits-service,10.42.1.125:8080,"{'__name__': 'process_cpu_usage', 'instance': '10.42.1.125:8080', 'job': 'spring-petclinic'}",0.00857551214864221,same_network,3,300
2026-07-24T22:05:37.804529+00:00,2026-07-24T22:05:37.814000+00:00,process_cpu_usage,customers-service,10.42.1.126:8080,"{'__name__': 'process_cpu_usage', 'instance': '10.42.1.126:8080', 'job': 'spring-petclinic'}",0.04317117689072296,same_network,3,300
2026-07-24T22:05:37.804529+00:00,2026-07-24T22:05:37.814000+00:00,process_cpu_usage,api-gateway,10.42.1.129:8080,"{'__name__': 'process_cpu_usage', 'instance': '10.42.1.129:8080', 'job': 'spring-petclinic'}",0.045385899372068994,same_network,3,300
2026-07-24T22:05:37.804529+00:00,2026-07-24T22:05:37.818000+00:00,system_cpu_usage,customers-service,10.42.0.186:8080,"{'__name__': 'system_cpu_usage', 'instance': '10.42.0.186:8080', 'job': 'spring-petclinic'}",0.061617395372575705,same_network,3,300
2026-07-24T22:05:37.804529+00:00,2026-07-24T22:05:37.818000+00:00,system_cpu_usage,api-gateway,10.42.0.187:8080,"{'__name__': 'system_cpu_usage', 'instance': '10.42.0.187:8080', 'job': 'spring-petclinic'}",0.08419407520583991,same_network,3,300
2026-07-24T22:05:37.804529+00:00,2026-07-24T22:05:37.818000+00:00,system_cpu_usage,visits-service,10.42.1.122:8080,"{'__name__': 'system_cpu_usage', 'instance': '10.42.1.122:8080', 'job': 'spring-petclinic'}",0.0056993249644718144,same_network,3,300
2026-07-24T22:05:37.804529+00:00,2026-07-24T22:05:37.818000+00:00,system_cpu_usage,vets-service,10.42.1.123:8080,"{'__name__': 'system_cpu_usage', 'instance': '10.42.1.123:8080', 'job': 'spring-petclinic'}",0.027678335045436587,same_network,3,300
2026-07-24T22:05:37.804529+00:00,2026-07-24T22:05:37.818000+00:00,system_cpu_usage,vets-service,10.42.1.124:8080,"{'__name__': 'system_cpu_usage', 'instance': '10.42.1.124:8080', 'job': 'spring-petclinic'}",0.014309778711928935,same_network,3,300
2026-07-24T22:05:37.804529+00:00,2026-07-24T22:05:37.818000+00:00,system_cpu_usage,visits-service,10.42.1.125:8080,"{'__name__': 'system_cpu_usage', 'instance': '10.42.1.125:8080', 'job': 'spring-petclinic'}",0.008586048118151501,same_network,3,300
2026-07-24T22:05:37.804529+00:00,2026-07-24T22:05:37.818000+00:00,system_cpu_usage,customers-service,10.42.1.126:8080,"{'__name__': 'system_cpu_usage', 'instance': '10.42.1.126:8080', 'job': 'spring-petclinic'}",0.04311691581369515,same_network,3,300
2026-07-24T22:05:37.804529+00:00,2026-07-24T22:05:37.818000+00:00,system_cpu_usage,api-gateway,10.42.1.129:8080,"{'__name__': 'system_cpu_usage', 'instance': '10.42.1.129:8080', 'job': 'spring-petclinic'}",0.04529362711595009,same_network,3,300
2026-07-24T22:05:37.804529+00:00,2026-07-24T22:05:37.824000+00:00,process_uptime_seconds,customers-service,10.42.0.186:8080,"{'__name__': 'process_uptime_seconds', 'instance': '10.42.0.186:8080', 'job': 'spring-petclinic'}",13123.162,same_network,3,300
2026-07-24T22:05:37.804529+00:00,2026-07-24T22:05:37.824000+00:00,process_uptime_seconds,api-gateway,10.42.0.187:8080,"{'__name__': 'process_uptime_seconds', 'instance': '10.42.0.187:8080', 'job': 'spring-petclinic'}",13119.05,same_network,3,300
2026-07-24T22:05:37.804529+00:00,2026-07-24T22:05:37.824000+00:00,process_uptime_seconds,visits-service,10.42.1.122:8080,"{'__name__': 'process_uptime_seconds', 'instance': '10.42.1.122:8080', 'job': 'spring-petclinic'}",17283.421,same_network,3,300
2026-07-24T22:05:37.804529+00:00,2026-07-24T22:05:37.824000+00:00,process_uptime_seconds,vets-service,10.42.1.123:8080,"{'__name__': 'process_uptime_seconds', 'instance': '10.42.1.123:8080', 'job': 'spring-petclinic'}",17284.72,same_network,3,300
2026-07-24T22:05:37.804529+00:00,2026-07-24T22:05:37.824000+00:00,process_uptime_seconds,vets-service,10.42.1.124:8080,"{'__name__': 'process_uptime_seconds', 'instance': '10.42.1.124:8080', 'job': 'spring-petclinic'}",17167.944,same_network,3,300
2026-07-24T22:05:37.804529+00:00,2026-07-24T22:05:37.824000+00:00,process_uptime_seconds,visits-service,10.42.1.125:8080,"{'__name__': 'process_uptime_seconds', 'instance': '10.42.1.125:8080', 'job': 'spring-petclinic'}",17158.59,same_network,3,300
2026-07-24T22:05:37.804529+00:00,2026-07-24T22:05:37.824000+00:00,process_uptime_seconds,customers-service,10.42.1.126:8080,"{'__name__': 'process_uptime_seconds', 'instance': '10.42.1.126:8080', 'job': 'spring-petclinic'}",17101.924,same_network,3,300
2026-07-24T22:05:37.804529+00:00,2026-07-24T22:05:37.824000+00:00,process_uptime_seconds,api-gateway,10.42.1.129:8080,"{'__name__': 'process_uptime_seconds', 'instance': '10.42.1.129:8080', 'job': 'spring-petclinic'}",399.808,same_network,3,300
2026-07-24T22:05:37.804529+00:00,2026-07-24T22:05:37.828000+00:00,system_load_average_1m,customers-service,10.42.0.186:8080,"{'__name__': 'system_load_average_1m', 'instance': '10.42.0.186:8080', 'job': 'spring-petclinic'}",3.484375,same_network,3,300
2026-07-24T22:05:37.804529+00:00,2026-07-24T22:05:37.828000+00:00,system_load_average_1m,api-gateway,10.42.0.187:8080,"{'__name__': 'system_load_average_1m', 'instance': '10.42.0.187:8080', 'job': 'spring-petclinic'}",3.484375,same_network,3,300
2026-07-24T22:05:37.804529+00:00,2026-07-24T22:05:37.828000+00:00,system_load_average_1m,visits-service,10.42.1.122:8080,"{'__name__': 'system_load_average_1m', 'instance': '10.42.1.122:8080', 'job': 'spring-petclinic'}",2.69775390625,same_network,3,300
2026-07-24T22:05:37.804529+00:00,2026-07-24T22:05:37.828000+00:00,system_load_average_1m,vets-service,10.42.1.123:8080,"{'__name__': 'system_load_average_1m', 'instance': '10.42.1.123:8080', 'job': 'spring-petclinic'}",2.69775390625,same_network,3,300
2026-07-24T22:05:37.804529+00:00,2026-07-24T22:05:37.828000+00:00,system_load_average_1m,vets-service,10.42.1.124:8080,"{'__name__': 'system_load_average_1m', 'instance': '10.42.1.124:8080', 'job': 'spring-petclinic'}",2.65771484375,same_network,3,300
2026-07-24T22:05:37.804529+00:00,2026-07-24T22:05:37.828000+00:00,system_load_average_1m,visits-service,10.42.1.125:8080,"{'__name__': 'system_load_average_1m', 'instance': '10.42.1.125:8080', 'job': 'spring-petclinic'}",2.52490234375,same_network,3,300
2026-07-24T22:05:37.804529+00:00,2026-07-24T22:05:37.828000+00:00,system_load_average_1m,customers-service,10.42.1.126:8080,"{'__name__': 'system_load_average_1m', 'instance': '10.42.1.126:8080', 'job': 'spring-petclinic'}",2.65771484375,same_network,3,300
2026-07-24T22:05:37.804529+00:00,2026-07-24T22:05:37.828000+00:00,system_load_average_1m,api-gateway,10.42.1.129:8080,"{'__name__': 'system_load_average_1m', 'instance': '10.42.1.129:8080', 'job': 'spring-petclinic'}",2.65771484375,same_network,3,300
2026-07-24T22:05:37.804529+00:00,2026-07-24T22:05:37.832000+00:00,jvm_memory_used_bytes,api-gateway,10.42.0.187:8080,"{'__name__': 'jvm_memory_used_bytes', 'area': 'heap', 'id': 'Eden Space', 'instance': '10.42.0.187:8080', 'job': 'spring-petclinic'}",68550936,same_network,3,300
2026-07-24T22:05:37.804529+00:00,2026-07-24T22:05:37.832000+00:00,jvm_memory_used_bytes,api-gateway,10.42.1.129:8080,"{'__name__': 'jvm_memory_used_bytes', 'area': 'heap', 'id': 'Eden Space', 'instance': '10.42.1.129:8080', 'job': 'spring-petclinic'}",2753192,same_network,3,300
2026-07-24T22:05:37.804529+00:00,2026-07-24T22:05:37.832000+00:00,jvm_memory_used_bytes,customers-service,10.42.0.186:8080,"{'__name__': 'jvm_memory_used_bytes', 'area': 'heap', 'id': 'G1 Eden Space', 'instance': '10.42.0.186:8080', 'job': 'spring-petclinic'}",25165824,same_network,3,300
2026-07-24T22:05:37.804529+00:00,2026-07-24T22:05:37.832000+00:00,jvm_memory_used_bytes,visits-service,10.42.1.122:8080,"{'__name__': 'jvm_memory_used_bytes', 'area': 'heap', 'id': 'G1 Eden Space', 'instance': '10.42.1.122:8080', 'job': 'spring-petclinic'}",213909504,same_network,3,300
2026-07-24T22:05:37.804529+00:00,2026-07-24T22:05:37.832000+00:00,jvm_memory_used_bytes,vets-service,10.42.1.123:8080,"{'__name__': 'jvm_memory_used_bytes', 'area': 'heap', 'id': 'G1 Eden Space', 'instance': '10.42.1.123:8080', 'job': 'spring-petclinic'}",12582912,same_network,3,300
2026-07-24T22:05:37.804529+00:00,2026-07-24T22:05:37.832000+00:00,jvm_memory_used_bytes,vets-service,10.42.1.124:8080,"{'__name__': 'jvm_memory_used_bytes', 'area': 'heap', 'id': 'G1 Eden Space', 'instance': '10.42.1.124:8080', 'job': 'spring-petclinic'}",4194304,same_network,3,300
2026-07-24T22:05:37.804529+00:00,2026-07-24T22:05:37.832000+00:00,jvm_memory_used_bytes,visits-service,10.42.1.125:8080,"{'__name__': 'jvm_memory_used_bytes', 'area': 'heap', 'id': 'G1 Eden Space', 'instance': '10.42.1.125:8080', 'job': 'spring-petclinic'}",100663296,same_network,3,300
2026-07-24T22:05:37.804529+00:00,2026-07-24T22:05:37.832000+00:00,jvm_memory_used_bytes,customers-service,10.42.1.126:8080,"{'__name__': 'jvm_memory_used_bytes', 'area': 'heap', 'id': 'G1 Eden Space', 'instance': '10.42.1.126:8080', 'job': 'spring-petclinic'}",155189248,same_network,3,300
2026-07-24T22:05:37.804529+00:00,2026-07-24T22:05:37.832000+00:00,jvm_memory_used_bytes,customers-service,10.42.0.186:8080,"{'__name__': 'jvm_memory_used_bytes', 'area': 'heap', 'id': 'G1 Old Gen', 'instance': '10.42.0.186:8080', 'job': 'spring-petclinic'}",171797504,same_network,3,300
2026-07-24T22:05:37.804529+00:00,2026-07-24T22:05:37.832000+00:00,jvm_memory_used_bytes,visits-service,10.42.1.122:8080,"{'__name__': 'jvm_memory_used_bytes', 'area': 'heap', 'id': 'G1 Old Gen', 'instance': '10.42.1.122:8080', 'job': 'spring-petclinic'}",70232064,same_network,3,300
2026-07-24T22:05:37.804529+00:00,2026-07-24T22:05:37.832000+00:00,jvm_memory_used_bytes,vets-service,10.42.1.123:8080,"{'__name__': 'jvm_memory_used_bytes', 'area': 'heap', 'id': 'G1 Old Gen', 'instance': '10.42.1.123:8080', 'job': 'spring-petclinic'}",95676928,same_network,3,300
2026-07-24T22:05:37.804529+00:00,2026-07-24T22:05:37.832000+00:00,jvm_memory_used_bytes,vets-service,10.42.1.124:8080,"{'__name__': 'jvm_memory_used_bytes', 'area': 'heap', 'id': 'G1 Old Gen', 'instance': '10.42.1.124:8080', 'job': 'spring-petclinic'}",115897856,same_network,3,300
2026-07-24T22:05:37.804529+00:00,2026-07-24T22:05:37.832000+00:00,jvm_memory_used_bytes,visits-service,10.42.1.125:8080,"{'__name__': 'jvm_memory_used_bytes', 'area': 'heap', 'id': 'G1 Old Gen', 'instance': '10.42.1.125:8080', 'job': 'spring-petclinic'}",86840832,same_network,3,300
2026-07-24T22:05:37.804529+00:00,2026-07-24T22:05:37.832000+00:00,jvm_memory_used_bytes,customers-service,10.42.1.126:8080,"{'__name__': 'jvm_memory_used_bytes', 'area': 'heap', 'id': 'G1 Old Gen', 'instance': '10.42.1.126:8080', 'job': 'spring-petclinic'}",115339264,same_network,3,300
2026-07-24T22:05:37.804529+00:00,2026-07-24T22:05:37.832000+00:00,jvm_memory_used_bytes,customers-service,10.42.0.186:8080,"{'__name__': 'jvm_memory_used_bytes', 'area': 'heap', 'id': 'G1 Survivor Space', 'instance': '10.42.0.186:8080', 'job': 'spring-petclinic'}",6450184,same_network,3,300
2026-07-24T22:05:37.804529+00:00,2026-07-24T22:05:37.832000+00:00,jvm_memory_used_bytes,visits-service,10.42.1.122:8080,"{'__name__': 'jvm_memory_used_bytes', 'area': 'heap', 'id': 'G1 Survivor Space', 'instance': '10.42.1.122:8080', 'job': 'spring-petclinic'}",14528928,same_network,3,300
2026-07-24T22:05:37.804529+00:00,2026-07-24T22:05:37.832000+00:00,jvm_memory_used_bytes,vets-service,10.42.1.123:8080,"{'__name__': 'jvm_memory_used_bytes', 'area': 'heap', 'id': 'G1 Survivor Space', 'instance': '10.42.1.123:8080', 'job': 'spring-petclinic'}",9456088,same_network,3,300
2026-07-24T22:05:37.804529+00:00,2026-07-24T22:05:37.832000+00:00,jvm_memory_used_bytes,vets-service,10.42.1.124:8080,"{'__name__': 'jvm_memory_used_bytes', 'area': 'heap', 'id': 'G1 Survivor Space', 'instance': '10.42.1.124:8080', 'job': 'spring-petclinic'}",8388608,same_network,3,300
2026-07-24T22:05:37.804529+00:00,2026-07-24T22:05:37.832000+00:00,jvm_memory_used_bytes,visits-service,10.42.1.125:8080,"{'__name__': 'jvm_memory_used_bytes', 'area': 'heap', 'id': 'G1 Survivor Space', 'instance': '10.42.1.125:8080', 'job': 'spring-petclinic'}",8319040,same_network,3,300
2026-07-24T22:05:37.804529+00:00,2026-07-24T22:05:37.832000+00:00,jvm_memory_used_bytes,customers-service,10.42.1.126:8080,"{'__name__': 'jvm_memory_used_bytes', 'area': 'heap', 'id': 'G1 Survivor Space', 'instance': '10.42.1.126:8080', 'job': 'spring-petclinic'}",11815720,same_network,3,300
2026-07-24T22:05:37.804529+00:00,2026-07-24T22:05:37.832000+00:00,jvm_memory_used_bytes,api-gateway,10.42.0.187:8080,"{'__name__': 'jvm_memory_used_bytes', 'area': 'heap', 'id': 'Survivor Space', 'instance': '10.42.0.187:8080', 'job': 'spring-petclinic'}",4351056,same_network,3,300
2026-07-24T22:05:37.804529+00:00,2026-07-24T22:05:37.832000+00:00,jvm_memory_used_bytes,api-gateway,10.42.1.129:8080,"{'__name__': 'jvm_memory_used_bytes', 'area': 'heap', 'id': 'Survivor Space', 'instance': '10.42.1.129:8080', 'job': 'spring-petclinic'}",2255608,same_network,3,300
2026-07-24T22:05:37.804529+00:00,2026-07-24T22:05:37.832000+00:00,jvm_memory_used_bytes,api-gateway,10.42.0.187:8080,"{'__name__': 'jvm_memory_used_bytes', 'area': 'heap', 'id': 'Tenured Gen', 'instance': '10.42.0.187:8080', 'job': 'spring-petclinic'}",81100024,same_network,3,300
2026-07-24T22:05:37.804529+00:00,2026-07-24T22:05:37.832000+00:00,jvm_memory_used_bytes,api-gateway,10.42.1.129:8080,"{'__name__': 'jvm_memory_used_bytes', 'area': 'heap', 'id': 'Tenured Gen', 'instance': '10.42.1.129:8080', 'job': 'spring-petclinic'}",61177128,same_network,3,300
2026-07-24T22:05:37.804529+00:00,2026-07-24T22:05:37.832000+00:00,jvm_memory_used_bytes,customers-service,10.42.0.186:8080,"{'__name__': 'jvm_memory_used_bytes', 'area': 'nonheap', 'id': ""CodeHeap 'non-nmethods'"", 'instance': '10.42.0.186:8080', 'job': 'spring-petclinic'}",1417344,same_network,3,300
2026-07-24T22:05:37.804529+00:00,2026-07-24T22:05:37.832000+00:00,jvm_memory_used_bytes,api-gateway,10.42.0.187:8080,"{'__name__': 'jvm_memory_used_bytes', 'area': 'nonheap', 'id': ""CodeHeap 'non-nmethods'"", 'instance': '10.42.0.187:8080', 'job': 'spring-petclinic'}",1391744,same_network,3,300
2026-07-24T22:05:37.804529+00:00,2026-07-24T22:05:37.832000+00:00,jvm_memory_used_bytes,visits-service,10.42.1.122:8080,"{'__name__': 'jvm_memory_used_bytes', 'area': 'nonheap', 'id': ""CodeHeap 'non-nmethods'"", 'instance': '10.42.1.122:8080', 'job': 'spring-petclinic'}",1408384,same_network,3,300
2026-07-24T22:05:37.804529+00:00,2026-07-24T22:05:37.832000+00:00,jvm_memory_used_bytes,vets-service,10.42.1.123:8080,"{'__name__': 'jvm_memory_used_bytes', 'area': 'nonheap', 'id': ""CodeHeap 'non-nmethods'"", 'instance': '10.42.1.123:8080', 'job': 'spring-petclinic'}",1421312,same_network,3,300
2026-07-24T22:05:37.804529+00:00,2026-07-24T22:05:37.832000+00:00,jvm_memory_used_bytes,vets-service,10.42.1.124:8080,"{'__name__': 'jvm_memory_used_bytes', 'area': 'nonheap', 'id': ""CodeHeap 'non-nmethods'"", 'instance': '10.42.1.124:8080', 'job': 'spring-petclinic'}",1421184,same_network,3,300
2026-07-24T22:05:37.804529+00:00,2026-07-24T22:05:37.832000+00:00,jvm_memory_used_bytes,visits-service,10.42.1.125:8080,"{'__name__': 'jvm_memory_used_bytes', 'area': 'nonheap', 'id': ""CodeHeap 'non-nmethods'"", 'instance': '10.42.1.125:8080', 'job': 'spring-petclinic'}",1406592,same_network,3,300
2026-07-24T22:05:37.804529+00:00,2026-07-24T22:05:37.832000+00:00,jvm_memory_used_bytes,customers-service,10.42.1.126:8080,"{'__name__': 'jvm_memory_used_bytes', 'area': 'nonheap', 'id': ""CodeHeap 'non-nmethods'"", 'instance': '10.42.1.126:8080', 'job': 'spring-petclinic'}",1419136,same_network,3,300
2026-07-24T22:05:37.804529+00:00,2026-07-24T22:05:37.832000+00:00,jvm_memory_used_bytes,api-gateway,10.42.1.129:8080,"{'__name__': 'jvm_memory_used_bytes', 'area': 'nonheap', 'id': ""CodeHeap 'non-nmethods'"", 'instance': '10.42.1.129:8080', 'job': 'spring-petclinic'}",1390464,same_network,3,300
2026-07-24T22:05:37.804529+00:00,2026-07-24T22:05:37.832000+00:00,jvm_memory_used_bytes,customers-service,10.42.0.186:8080,"{'__name__': 'jvm_memory_used_bytes', 'area': 'nonheap', 'id': ""CodeHeap 'non-profiled nmethods'"", 'instance': '10.42.0.186:8080', 'job': 'spring-petclinic'}",20776192,same_network,3,300
2026-07-24T22:05:37.804529+00:00,2026-07-24T22:05:37.832000+00:00,jvm_memory_used_bytes,api-gateway,10.42.0.187:8080,"{'__name__': 'jvm_memory_used_bytes', 'area': 'nonheap', 'id': ""CodeHeap 'non-profiled nmethods'"", 'instance': '10.42.0.187:8080', 'job': 'spring-petclinic'}",18132992,same_network,3,300
2026-07-24T22:05:37.804529+00:00,2026-07-24T22:05:37.832000+00:00,jvm_memory_used_bytes,visits-service,10.42.1.122:8080,"{'__name__': 'jvm_memory_used_bytes', 'area': 'nonheap', 'id': ""CodeHeap 'non-profiled nmethods'"", 'instance': '10.42.1.122:8080', 'job': 'spring-petclinic'}",17490944,same_network,3,300
2026-07-24T22:05:37.804529+00:00,2026-07-24T22:05:37.832000+00:00,jvm_memory_used_bytes,vets-service,10.42.1.123:8080,"{'__name__': 'jvm_memory_used_bytes', 'area': 'nonheap', 'id': ""CodeHeap 'non-profiled nmethods'"", 'instance': '10.42.1.123:8080', 'job': 'spring-petclinic'}",18952576,same_network,3,300
2026-07-24T22:05:37.804529+00:00,2026-07-24T22:05:37.832000+00:00,jvm_memory_used_bytes,vets-service,10.42.1.124:8080,"{'__name__': 'jvm_memory_used_bytes', 'area': 'nonheap', 'id': ""CodeHeap 'non-profiled nmethods'"", 'instance': '10.42.1.124:8080', 'job': 'spring-petclinic'}",19881472,same_network,3,300
2026-07-24T22:05:37.804529+00:00,2026-07-24T22:05:37.832000+00:00,jvm_memory_used_bytes,visits-service,10.42.1.125:8080,"{'__name__': 'jvm_memory_used_bytes', 'area': 'nonheap', 'id': ""CodeHeap 'non-profiled nmethods'"", 'instance': '10.42.1.125:8080', 'job': 'spring-petclinic'}",17056000,same_network,3,300
2026-07-24T22:05:37.804529+00:00,2026-07-24T22:05:37.832000+00:00,jvm_memory_used_bytes,customers-service,10.42.1.126:8080,"{'__name__': 'jvm_memory_used_bytes', 'area': 'nonheap', 'id': ""CodeHeap 'non-profiled nmethods'"", 'instance': '10.42.1.126:8080', 'job': 'spring-petclinic'}",20707584,same_network,3,300
2026-07-24T22:05:37.804529+00:00,2026-07-24T22:05:37.832000+00:00,jvm_memory_used_bytes,api-gateway,10.42.1.129:8080,"{'__name__': 'jvm_memory_used_bytes', 'area': 'nonheap', 'id': ""CodeHeap 'non-profiled nmethods'"", 'instance': '10.42.1.129:8080', 'job': 'spring-petclinic'}",12792320,same_network,3,300
2026-07-24T22:05:37.804529+00:00,2026-07-24T22:05:37.832000+00:00,jvm_memory_used_bytes,customers-service,10.42.0.186:8080,"{'__name__': 'jvm_memory_used_bytes', 'area': 'nonheap', 'id': ""CodeHeap 'profiled nmethods'"", 'instance': '10.42.0.186:8080', 'job': 'spring-petclinic'}",23045376,same_network,3,300
2026-07-24T22:05:37.804529+00:00,2026-07-24T22:05:37.832000+00:00,jvm_memory_used_bytes,api-gateway,10.42.0.187:8080,"{'__name__': 'jvm_memory_used_bytes', 'area': 'nonheap', 'id': ""CodeHeap 'profiled nmethods'"", 'instance': '10.42.0.187:8080', 'job': 'spring-petclinic'}",23372416,same_network,3,300
2026-07-24T22:05:37.804529+00:00,2026-07-24T22:05:37.832000+00:00,jvm_memory_used_bytes,visits-service,10.42.1.122:8080,"{'__name__': 'jvm_memory_used_bytes', 'area': 'nonheap', 'id': ""CodeHeap 'profiled nmethods'"", 'instance': '10.42.1.122:8080', 'job': 'spring-petclinic'}",22339584,same_network,3,300
2026-07-24T22:05:37.804529+00:00,2026-07-24T22:05:37.832000+00:00,jvm_memory_used_bytes,vets-service,10.42.1.123:8080,"{'__name__': 'jvm_memory_used_bytes', 'area': 'nonheap', 'id': ""CodeHeap 'profiled nmethods'"", 'instance': '10.42.1.123:8080', 'job': 'spring-petclinic'}",24189824,same_network,3,300
2026-07-24T22:05:37.804529+00:00,2026-07-24T22:05:37.832000+00:00,jvm_memory_used_bytes,vets-service,10.42.1.124:8080,"{'__name__': 'jvm_memory_used_bytes', 'area': 'nonheap', 'id': ""CodeHeap 'profiled nmethods'"", 'instance': '10.42.1.124:8080', 'job': 'spring-petclinic'}",24022784,same_network,3,300
2026-07-24T22:05:37.804529+00:00,2026-07-24T22:05:37.832000+00:00,jvm_memory_used_bytes,visits-service,10.42.1.125:8080,"{'__name__': 'jvm_memory_used_bytes', 'area': 'nonheap', 'id': ""CodeHeap 'profiled nmethods'"", 'instance': '10.42.1.125:8080', 'job': 'spring-petclinic'}",21801344,same_network,3,300
2026-07-24T22:05:37.804529+00:00,2026-07-24T22:05:37.832000+00:00,jvm_memory_used_bytes,customers-service,10.42.1.126:8080,"{'__name__': 'jvm_memory_used_bytes', 'area': 'nonheap', 'id': ""CodeHeap 'profiled nmethods'"", 'instance': '10.42.1.126:8080', 'job': 'spring-petclinic'}",25376896,same_network,3,300
2026-07-24T22:05:37.804529+00:00,2026-07-24T22:05:37.832000+00:00,jvm_memory_used_bytes,api-gateway,10.42.1.129:8080,"{'__name__': 'jvm_memory_used_bytes', 'area': 'nonheap', 'id': ""CodeHeap 'profiled nmethods'"", 'instance': '10.42.1.129:8080', 'job': 'spring-petclinic'}",20471680,same_network,3,300
2026-07-24T22:05:37.804529+00:00,2026-07-24T22:05:37.832000+00:00,jvm_memory_used_bytes,customers-service,10.42.0.186:8080,"{'__name__': 'jvm_memory_used_bytes', 'area': 'nonheap', 'id': 'Compressed Class Space', 'instance': '10.42.0.186:8080', 'job': 'spring-petclinic'}",11546560,same_network,3,300
2026-07-24T22:05:37.804529+00:00,2026-07-24T22:05:37.832000+00:00,jvm_memory_used_bytes,api-gateway,10.42.0.187:8080,"{'__name__': 'jvm_memory_used_bytes', 'area': 'nonheap', 'id': 'Compressed Class Space', 'instance': '10.42.0.187:8080', 'job': 'spring-petclinic'}",9088144,same_network,3,300
2026-07-24T22:05:37.804529+00:00,2026-07-24T22:05:37.832000+00:00,jvm_memory_used_bytes,visits-service,10.42.1.122:8080,"{'__name__': 'jvm_memory_used_bytes', 'area': 'nonheap', 'id': 'Compressed Class Space', 'instance': '10.42.1.122:8080', 'job': 'spring-petclinic'}",11336592,same_network,3,300
2026-07-24T22:05:37.804529+00:00,2026-07-24T22:05:37.832000+00:00,jvm_memory_used_bytes,vets-service,10.42.1.123:8080,"{'__name__': 'jvm_memory_used_bytes', 'area': 'nonheap', 'id': 'Compressed Class Space', 'instance': '10.42.1.123:8080', 'job': 'spring-petclinic'}",11433560,same_network,3,300
2026-07-24T22:05:37.804529+00:00,2026-07-24T22:05:37.832000+00:00,jvm_memory_used_bytes,vets-service,10.42.1.124:8080,"{'__name__': 'jvm_memory_used_bytes', 'area': 'nonheap', 'id': 'Compressed Class Space', 'instance': '10.42.1.124:8080', 'job': 'spring-petclinic'}",11416720,same_network,3,300
2026-07-24T22:05:37.804529+00:00,2026-07-24T22:05:37.832000+00:00,jvm_memory_used_bytes,visits-service,10.42.1.125:8080,"{'__name__': 'jvm_memory_used_bytes', 'area': 'nonheap', 'id': 'Compressed Class Space', 'instance': '10.42.1.125:8080', 'job': 'spring-petclinic'}",11356112,same_network,3,300
2026-07-24T22:05:37.804529+00:00,2026-07-24T22:05:37.832000+00:00,jvm_memory_used_bytes,customers-service,10.42.1.126:8080,"{'__name__': 'jvm_memory_used_bytes', 'area': 'nonheap', 'id': 'Compressed Class Space', 'instance': '10.42.1.126:8080', 'job': 'spring-petclinic'}",11512648,same_network,3,300
2026-07-24T22:05:37.804529+00:00,2026-07-24T22:05:37.832000+00:00,jvm_memory_used_bytes,api-gateway,10.42.1.129:8080,"{'__name__': 'jvm_memory_used_bytes', 'area': 'nonheap', 'id': 'Compressed Class Space', 'instance': '10.42.1.129:8080', 'job': 'spring-petclinic'}",9076040,same_network,3,300
2026-07-24T22:05:37.804529+00:00,2026-07-24T22:05:37.832000+00:00,jvm_memory_used_bytes,customers-service,10.42.0.186:8080,"{'__name__': 'jvm_memory_used_bytes', 'area': 'nonheap', 'id': 'Metaspace', 'instance': '10.42.0.186:8080', 'job': 'spring-petclinic'}",90995672,same_network,3,300
2026-07-24T22:05:37.804529+00:00,2026-07-24T22:05:37.832000+00:00,jvm_memory_used_bytes,api-gateway,10.42.0.187:8080,"{'__name__': 'jvm_memory_used_bytes', 'area': 'nonheap', 'id': 'Metaspace', 'instance': '10.42.0.187:8080', 'job': 'spring-petclinic'}",73692024,same_network,3,300
2026-07-24T22:05:37.804529+00:00,2026-07-24T22:05:37.832000+00:00,jvm_memory_used_bytes,visits-service,10.42.1.122:8080,"{'__name__': 'jvm_memory_used_bytes', 'area': 'nonheap', 'id': 'Metaspace', 'instance': '10.42.1.122:8080', 'job': 'spring-petclinic'}",89062040,same_network,3,300
2026-07-24T22:05:37.804529+00:00,2026-07-24T22:05:37.832000+00:00,jvm_memory_used_bytes,vets-service,10.42.1.123:8080,"{'__name__': 'jvm_memory_used_bytes', 'area': 'nonheap', 'id': 'Metaspace', 'instance': '10.42.1.123:8080', 'job': 'spring-petclinic'}",90168632,same_network,3,300
2026-07-24T22:05:37.804529+00:00,2026-07-24T22:05:37.832000+00:00,jvm_memory_used_bytes,vets-service,10.42.1.124:8080,"{'__name__': 'jvm_memory_used_bytes', 'area': 'nonheap', 'id': 'Metaspace', 'instance': '10.42.1.124:8080', 'job': 'spring-petclinic'}",90355096,same_network,3,300
2026-07-24T22:05:37.804529+00:00,2026-07-24T22:05:37.832000+00:00,jvm_memory_used_bytes,visits-service,10.42.1.125:8080,"{'__name__': 'jvm_memory_used_bytes', 'area': 'nonheap', 'id': 'Metaspace', 'instance': '10.42.1.125:8080', 'job': 'spring-petclinic'}",89128592,same_network,3,300
2026-07-24T22:05:37.804529+00:00,2026-07-24T22:05:37.832000+00:00,jvm_memory_used_bytes,customers-service,10.42.1.126:8080,"{'__name__': 'jvm_memory_used_bytes', 'area': 'nonheap', 'id': 'Metaspace', 'instance': '10.42.1.126:8080', 'job': 'spring-petclinic'}",90860912,same_network,3,300
2026-07-24T22:05:37.804529+00:00,2026-07-24T22:05:37.832000+00:00,jvm_memory_used_bytes,api-gateway,10.42.1.129:8080,"{'__name__': 'jvm_memory_used_bytes', 'area': 'nonheap', 'id': 'Metaspace', 'instance': '10.42.1.129:8080', 'job': 'spring-petclinic'}",71816568,same_network,3,300
2026-07-24T22:05:37.804529+00:00,2026-07-24T22:05:37.840000+00:00,jvm_memory_committed_bytes,api-gateway,10.42.0.187:8080,"{'__name__': 'jvm_memory_committed_bytes', 'area': 'heap', 'id': 'Eden Space', 'instance': '10.42.0.187:8080', 'job': 'spring-petclinic'}",71630848,same_network,3,300
2026-07-24T22:05:37.804529+00:00,2026-07-24T22:05:37.840000+00:00,jvm_memory_committed_bytes,api-gateway,10.42.1.129:8080,"{'__name__': 'jvm_memory_committed_bytes', 'area': 'heap', 'id': 'Eden Space', 'instance': '10.42.1.129:8080', 'job': 'spring-petclinic'}",35586048,same_network,3,300
2026-07-24T22:05:37.804529+00:00,2026-07-24T22:05:37.840000+00:00,jvm_memory_committed_bytes,customers-service,10.42.0.186:8080,"{'__name__': 'jvm_memory_committed_bytes', 'area': 'heap', 'id': 'G1 Eden Space', 'instance': '10.42.0.186:8080', 'job': 'spring-petclinic'}",230686720,same_network,3,300
2026-07-24T22:05:37.804529+00:00,2026-07-24T22:05:37.840000+00:00,jvm_memory_committed_bytes,visits-service,10.42.1.122:8080,"{'__name__': 'jvm_memory_committed_bytes', 'area': 'heap', 'id': 'G1 Eden Space', 'instance': '10.42.1.122:8080', 'job': 'spring-petclinic'}",230686720,same_network,3,300
2026-07-24T22:05:37.804529+00:00,2026-07-24T22:05:37.840000+00:00,jvm_memory_committed_bytes,vets-service,10.42.1.123:8080,"{'__name__': 'jvm_memory_committed_bytes', 'area': 'heap', 'id': 'G1 Eden Space', 'instance': '10.42.1.123:8080', 'job': 'spring-petclinic'}",289406976,same_network,3,300
2026-07-24T22:05:37.804529+00:00,2026-07-24T22:05:37.840000+00:00,jvm_memory_committed_bytes,vets-service,10.42.1.124:8080,"{'__name__': 'jvm_memory_committed_bytes', 'area': 'heap', 'id': 'G1 Eden Space', 'instance': '10.42.1.124:8080', 'job': 'spring-petclinic'}",134217728,same_network,3,300
2026-07-24T22:05:37.804529+00:00,2026-07-24T22:05:37.840000+00:00,jvm_memory_committed_bytes,visits-service,10.42.1.125:8080,"{'__name__': 'jvm_memory_committed_bytes', 'area': 'heap', 'id': 'G1 Eden Space', 'instance': '10.42.1.125:8080', 'job': 'spring-petclinic'}",121634816,same_network,3,300
2026-07-24T22:05:37.804529+00:00,2026-07-24T22:05:37.840000+00:00,jvm_memory_committed_bytes,customers-service,10.42.1.126:8080,"{'__name__': 'jvm_memory_committed_bytes', 'area': 'heap', 'id': 'G1 Eden Space', 'instance': '10.42.1.126:8080', 'job': 'spring-petclinic'}",373293056,same_network,3,300
2026-07-24T22:05:37.804529+00:00,2026-07-24T22:05:37.840000+00:00,jvm_memory_committed_bytes,customers-service,10.42.0.186:8080,"{'__name__': 'jvm_memory_committed_bytes', 'area': 'heap', 'id': 'G1 Old Gen', 'instance': '10.42.0.186:8080', 'job': 'spring-petclinic'}",218103808,same_network,3,300
2026-07-24T22:05:37.804529+00:00,2026-07-24T22:05:37.840000+00:00,jvm_memory_committed_bytes,visits-service,10.42.1.122:8080,"{'__name__': 'jvm_memory_committed_bytes', 'area': 'heap', 'id': 'G1 Old Gen', 'instance': '10.42.1.122:8080', 'job': 'spring-petclinic'}",146800640,same_network,3,300
2026-07-24T22:05:37.804529+00:00,2026-07-24T22:05:37.840000+00:00,jvm_memory_committed_bytes,vets-service,10.42.1.123:8080,"{'__name__': 'jvm_memory_committed_bytes', 'area': 'heap', 'id': 'G1 Old Gen', 'instance': '10.42.1.123:8080', 'job': 'spring-petclinic'}",176160768,same_network,3,300
2026-07-24T22:05:37.804529+00:00,2026-07-24T22:05:37.840000+00:00,jvm_memory_committed_bytes,vets-service,10.42.1.124:8080,"{'__name__': 'jvm_memory_committed_bytes', 'area': 'heap', 'id': 'G1 Old Gen', 'instance': '10.42.1.124:8080', 'job': 'spring-petclinic'}",159383552,same_network,3,300
2026-07-24T22:05:37.804529+00:00,2026-07-24T22:05:37.840000+00:00,jvm_memory_committed_bytes,visits-service,10.42.1.125:8080,"{'__name__': 'jvm_memory_committed_bytes', 'area': 'heap', 'id': 'G1 Old Gen', 'instance': '10.42.1.125:8080', 'job': 'spring-petclinic'}",121634816,same_network,3,300
2026-07-24T22:05:37.804529+00:00,2026-07-24T22:05:37.840000+00:00,jvm_memory_committed_bytes,customers-service,10.42.1.126:8080,"{'__name__': 'jvm_memory_committed_bytes', 'area': 'heap', 'id': 'G1 Old Gen', 'instance': '10.42.1.126:8080', 'job': 'spring-petclinic'}",222298112,same_network,3,300
2026-07-24T22:05:37.804529+00:00,2026-07-24T22:05:37.840000+00:00,jvm_memory_committed_bytes,customers-service,10.42.0.186:8080,"{'__name__': 'jvm_memory_committed_bytes', 'area': 'heap', 'id': 'G1 Survivor Space', 'instance': '10.42.0.186:8080', 'job': 'spring-petclinic'}",8388608,same_network,3,300
2026-07-24T22:05:37.804529+00:00,2026-07-24T22:05:37.840000+00:00,jvm_memory_committed_bytes,visits-service,10.42.1.122:8080,"{'__name__': 'jvm_memory_committed_bytes', 'area': 'heap', 'id': 'G1 Survivor Space', 'instance': '10.42.1.122:8080', 'job': 'spring-petclinic'}",16777216,same_network,3,300
2026-07-24T22:05:37.804529+00:00,2026-07-24T22:05:37.840000+00:00,jvm_memory_committed_bytes,vets-service,10.42.1.123:8080,"{'__name__': 'jvm_memory_committed_bytes', 'area': 'heap', 'id': 'G1 Survivor Space', 'instance': '10.42.1.123:8080', 'job': 'spring-petclinic'}",12582912,same_network,3,300
2026-07-24T22:05:37.804529+00:00,2026-07-24T22:05:37.840000+00:00,jvm_memory_committed_bytes,vets-service,10.42.1.124:8080,"{'__name__': 'jvm_memory_committed_bytes', 'area': 'heap', 'id': 'G1 Survivor Space', 'instance': '10.42.1.124:8080', 'job': 'spring-petclinic'}",8388608,same_network,3,300
2026-07-24T22:05:37.804529+00:00,2026-07-24T22:05:37.840000+00:00,jvm_memory_committed_bytes,visits-service,10.42.1.125:8080,"{'__name__': 'jvm_memory_committed_bytes', 'area': 'heap', 'id': 'G1 Survivor Space', 'instance': '10.42.1.125:8080', 'job': 'spring-petclinic'}",8388608,same_network,3,300
2026-07-24T22:05:37.804529+00:00,2026-07-24T22:05:37.840000+00:00,jvm_memory_committed_bytes,customers-service,10.42.1.126:8080,"{'__name__': 'jvm_memory_committed_bytes', 'area': 'heap', 'id': 'G1 Survivor Space', 'instance': '10.42.1.126:8080', 'job': 'spring-petclinic'}",12582912,same_network,3,300
2026-07-24T22:05:37.804529+00:00,2026-07-24T22:05:37.840000+00:00,jvm_memory_committed_bytes,api-gateway,10.42.0.187:8080,"{'__name__': 'jvm_memory_committed_bytes', 'area': 'heap', 'id': 'Survivor Space', 'instance': '10.42.0.187:8080', 'job': 'spring-petclinic'}",8912896,same_network,3,300
2026-07-24T22:05:37.804529+00:00,2026-07-24T22:05:37.840000+00:00,jvm_memory_committed_bytes,api-gateway,10.42.1.129:8080,"{'__name__': 'jvm_memory_committed_bytes', 'area': 'heap', 'id': 'Survivor Space', 'instance': '10.42.1.129:8080', 'job': 'spring-petclinic'}",4390912,same_network,3,300
2026-07-24T22:05:37.804529+00:00,2026-07-24T22:05:37.840000+00:00,jvm_memory_committed_bytes,api-gateway,10.42.0.187:8080,"{'__name__': 'jvm_memory_committed_bytes', 'area': 'heap', 'id': 'Tenured Gen', 'instance': '10.42.0.187:8080', 'job': 'spring-petclinic'}",178978816,same_network,3,300
2026-07-24T22:05:37.804529+00:00,2026-07-24T22:05:37.840000+00:00,jvm_memory_committed_bytes,api-gateway,10.42.1.129:8080,"{'__name__': 'jvm_memory_committed_bytes', 'area': 'heap', 'id': 'Tenured Gen', 'instance': '10.42.1.129:8080', 'job': 'spring-petclinic'}",88530944,same_network,3,300
2026-07-24T22:05:37.804529+00:00,2026-07-24T22:05:37.840000+00:00,jvm_memory_committed_bytes,customers-service,10.42.0.186:8080,"{'__name__': 'jvm_memory_committed_bytes', 'area': 'nonheap', 'id': ""CodeHeap 'non-nmethods'"", 'instance': '10.42.0.186:8080', 'job': 'spring-petclinic'}",2555904,same_network,3,300
2026-07-24T22:05:37.804529+00:00,2026-07-24T22:05:37.840000+00:00,jvm_memory_committed_bytes,api-gateway,10.42.0.187:8080,"{'__name__': 'jvm_memory_committed_bytes', 'area': 'nonheap', 'id': ""CodeHeap 'non-nmethods'"", 'instance': '10.42.0.187:8080', 'job': 'spring-petclinic'}",2555904,same_network,3,300
2026-07-24T22:05:37.804529+00:00,2026-07-24T22:05:37.840000+00:00,jvm_memory_committed_bytes,visits-service,10.42.1.122:8080,"{'__name__': 'jvm_memory_committed_bytes', 'area': 'nonheap', 'id': ""CodeHeap 'non-nmethods'"", 'instance': '10.42.1.122:8080', 'job': 'spring-petclinic'}",2555904,same_network,3,300
2026-07-24T22:05:37.804529+00:00,2026-07-24T22:05:37.840000+00:00,jvm_memory_committed_bytes,vets-service,10.42.1.123:8080,"{'__name__': 'jvm_memory_committed_bytes', 'area': 'nonheap', 'id': ""CodeHeap 'non-nmethods'"", 'instance': '10.42.1.123:8080', 'job': 'spring-petclinic'}",2555904,same_network,3,300
2026-07-24T22:05:37.804529+00:00,2026-07-24T22:05:37.840000+00:00,jvm_memory_committed_bytes,vets-service,10.42.1.124:8080,"{'__name__': 'jvm_memory_committed_bytes', 'area': 'nonheap', 'id': ""CodeHeap 'non-nmethods'"", 'instance': '10.42.1.124:8080', 'job': 'spring-petclinic'}",2555904,same_network,3,300
2026-07-24T22:05:37.804529+00:00,2026-07-24T22:05:37.840000+00:00,jvm_memory_committed_bytes,visits-service,10.42.1.125:8080,"{'__name__': 'jvm_memory_committed_bytes', 'area': 'nonheap', 'id': ""CodeHeap 'non-nmethods'"", 'instance': '10.42.1.125:8080', 'job': 'spring-petclinic'}",2555904,same_network,3,300
2026-07-24T22:05:37.804529+00:00,2026-07-24T22:05:37.840000+00:00,jvm_memory_committed_bytes,customers-service,10.42.1.126:8080,"{'__name__': 'jvm_memory_committed_bytes', 'area': 'nonheap', 'id': ""CodeHeap 'non-nmethods'"", 'instance': '10.42.1.126:8080', 'job': 'spring-petclinic'}",2555904,same_network,3,300
2026-07-24T22:05:37.804529+00:00,2026-07-24T22:05:37.840000+00:00,jvm_memory_committed_bytes,api-gateway,10.42.1.129:8080,"{'__name__': 'jvm_memory_committed_bytes', 'area': 'nonheap', 'id': ""CodeHeap 'non-nmethods'"", 'instance': '10.42.1.129:8080', 'job': 'spring-petclinic'}",2555904,same_network,3,300
2026-07-24T22:05:37.804529+00:00,2026-07-24T22:05:37.840000+00:00,jvm_memory_committed_bytes,customers-service,10.42.0.186:8080,"{'__name__': 'jvm_memory_committed_bytes', 'area': 'nonheap', 'id': ""CodeHeap 'non-profiled nmethods'"", 'instance': '10.42.0.186:8080', 'job': 'spring-petclinic'}",21561344,same_network,3,300
2026-07-24T22:05:37.804529+00:00,2026-07-24T22:05:37.840000+00:00,jvm_memory_committed_bytes,api-gateway,10.42.0.187:8080,"{'__name__': 'jvm_memory_committed_bytes', 'area': 'nonheap', 'id': ""CodeHeap 'non-profiled nmethods'"", 'instance': '10.42.0.187:8080', 'job': 'spring-petclinic'}",18808832,same_network,3,300
2026-07-24T22:05:37.804529+00:00,2026-07-24T22:05:37.840000+00:00,jvm_memory_committed_bytes,visits-service,10.42.1.122:8080,"{'__name__': 'jvm_memory_committed_bytes', 'area': 'nonheap', 'id': ""CodeHeap 'non-profiled nmethods'"", 'instance': '10.42.1.122:8080', 'job': 'spring-petclinic'}",17498112,same_network,3,300
2026-07-24T22:05:37.804529+00:00,2026-07-24T22:05:37.840000+00:00,jvm_memory_committed_bytes,vets-service,10.42.1.123:8080,"{'__name__': 'jvm_memory_committed_bytes', 'area': 'nonheap', 'id': ""CodeHeap 'non-profiled nmethods'"", 'instance': '10.42.1.123:8080', 'job': 'spring-petclinic'}",19005440,same_network,3,300
2026-07-24T22:05:37.804529+00:00,2026-07-24T22:05:37.840000+00:00,jvm_memory_committed_bytes,vets-service,10.42.1.124:8080,"{'__name__': 'jvm_memory_committed_bytes', 'area': 'nonheap', 'id': ""CodeHeap 'non-profiled nmethods'"", 'instance': '10.42.1.124:8080', 'job': 'spring-petclinic'}",19922944,same_network,3,300
2026-07-24T22:05:37.804529+00:00,2026-07-24T22:05:37.840000+00:00,jvm_memory_committed_bytes,visits-service,10.42.1.125:8080,"{'__name__': 'jvm_memory_committed_bytes', 'area': 'nonheap', 'id': ""CodeHeap 'non-profiled nmethods'"", 'instance': '10.42.1.125:8080', 'job': 'spring-petclinic'}",17104896,same_network,3,300
2026-07-24T22:05:37.804529+00:00,2026-07-24T22:05:37.840000+00:00,jvm_memory_committed_bytes,customers-service,10.42.1.126:8080,"{'__name__': 'jvm_memory_committed_bytes', 'area': 'nonheap', 'id': ""CodeHeap 'non-profiled nmethods'"", 'instance': '10.42.1.126:8080', 'job': 'spring-petclinic'}",20709376,same_network,3,300
2026-07-24T22:05:37.804529+00:00,2026-07-24T22:05:37.840000+00:00,jvm_memory_committed_bytes,api-gateway,10.42.1.129:8080,"{'__name__': 'jvm_memory_committed_bytes', 'area': 'nonheap', 'id': ""CodeHeap 'non-profiled nmethods'"", 'instance': '10.42.1.129:8080', 'job': 'spring-petclinic'}",12845056,same_network,3,300
2026-07-24T22:05:37.804529+00:00,2026-07-24T22:05:37.840000+00:00,jvm_memory_committed_bytes,customers-service,10.42.0.186:8080,"{'__name__': 'jvm_memory_committed_bytes', 'area': 'nonheap', 'id': ""CodeHeap 'profiled nmethods'"", 'instance': '10.42.0.186:8080', 'job': 'spring-petclinic'}",25493504,same_network,3,300
2026-07-24T22:05:37.804529+00:00,2026-07-24T22:05:37.840000+00:00,jvm_memory_committed_bytes,api-gateway,10.42.0.187:8080,"{'__name__': 'jvm_memory_committed_bytes', 'area': 'nonheap', 'id': ""CodeHeap 'profiled nmethods'"", 'instance': '10.42.0.187:8080', 'job': 'spring-petclinic'}",24313856,same_network,3,300
2026-07-24T22:05:37.804529+00:00,2026-07-24T22:05:37.840000+00:00,jvm_memory_committed_bytes,visits-service,10.42.1.122:8080,"{'__name__': 'jvm_memory_committed_bytes', 'area': 'nonheap', 'id': ""CodeHeap 'profiled nmethods'"", 'instance': '10.42.1.122:8080', 'job': 'spring-petclinic'}",24313856,same_network,3,300
2026-07-24T22:05:37.804529+00:00,2026-07-24T22:05:37.840000+00:00,jvm_memory_committed_bytes,vets-service,10.42.1.123:8080,"{'__name__': 'jvm_memory_committed_bytes', 'area': 'nonheap', 'id': ""CodeHeap 'profiled nmethods'"", 'instance': '10.42.1.123:8080', 'job': 'spring-petclinic'}",26214400,same_network,3,300
2026-07-24T22:05:37.804529+00:00,2026-07-24T22:05:37.840000+00:00,jvm_memory_committed_bytes,vets-service,10.42.1.124:8080,"{'__name__': 'jvm_memory_committed_bytes', 'area': 'nonheap', 'id': ""CodeHeap 'profiled nmethods'"", 'instance': '10.42.1.124:8080', 'job': 'spring-petclinic'}",26542080,same_network,3,300
2026-07-24T22:05:37.804529+00:00,2026-07-24T22:05:37.840000+00:00,jvm_memory_committed_bytes,visits-service,10.42.1.125:8080,"{'__name__': 'jvm_memory_committed_bytes', 'area': 'nonheap', 'id': ""CodeHeap 'profiled nmethods'"", 'instance': '10.42.1.125:8080', 'job': 'spring-petclinic'}",24182784,same_network,3,300
2026-07-24T22:05:37.804529+00:00,2026-07-24T22:05:37.840000+00:00,jvm_memory_committed_bytes,customers-service,10.42.1.126:8080,"{'__name__': 'jvm_memory_committed_bytes', 'area': 'nonheap', 'id': ""CodeHeap 'profiled nmethods'"", 'instance': '10.42.1.126:8080', 'job': 'spring-petclinic'}",26279936,same_network,3,300
2026-07-24T22:05:37.804529+00:00,2026-07-24T22:05:37.840000+00:00,jvm_memory_committed_bytes,api-gateway,10.42.1.129:8080,"{'__name__': 'jvm_memory_committed_bytes', 'area': 'nonheap', 'id': ""CodeHeap 'profiled nmethods'"", 'instance': '10.42.1.129:8080', 'job': 'spring-petclinic'}",23855104,same_network,3,300
2026-07-24T22:05:37.804529+00:00,2026-07-24T22:05:37.840000+00:00,jvm_memory_committed_bytes,customers-service,10.42.0.186:8080,"{'__name__': 'jvm_memory_committed_bytes', 'area': 'nonheap', 'id': 'Compressed Class Space', 'instance': '10.42.0.186:8080', 'job': 'spring-petclinic'}",11796480,same_network,3,300
2026-07-24T22:05:37.804529+00:00,2026-07-24T22:05:37.840000+00:00,jvm_memory_committed_bytes,api-gateway,10.42.0.187:8080,"{'__name__': 'jvm_memory_committed_bytes', 'area': 'nonheap', 'id': 'Compressed Class Space', 'instance': '10.42.0.187:8080', 'job': 'spring-petclinic'}",9306112,same_network,3,300
2026-07-24T22:05:37.804529+00:00,2026-07-24T22:05:37.840000+00:00,jvm_memory_committed_bytes,visits-service,10.42.1.122:8080,"{'__name__': 'jvm_memory_committed_bytes', 'area': 'nonheap', 'id': 'Compressed Class Space', 'instance': '10.42.1.122:8080', 'job': 'spring-petclinic'}",11599872,same_network,3,300
2026-07-24T22:05:37.804529+00:00,2026-07-24T22:05:37.840000+00:00,jvm_memory_committed_bytes,vets-service,10.42.1.123:8080,"{'__name__': 'jvm_memory_committed_bytes', 'area': 'nonheap', 'id': 'Compressed Class Space', 'instance': '10.42.1.123:8080', 'job': 'spring-petclinic'}",11665408,same_network,3,300
2026-07-24T22:05:37.804529+00:00,2026-07-24T22:05:37.840000+00:00,jvm_memory_committed_bytes,vets-service,10.42.1.124:8080,"{'__name__': 'jvm_memory_committed_bytes', 'area': 'nonheap', 'id': 'Compressed Class Space', 'instance': '10.42.1.124:8080', 'job': 'spring-petclinic'}",11665408,same_network,3,300
2026-07-24T22:05:37.804529+00:00,2026-07-24T22:05:37.840000+00:00,jvm_memory_committed_bytes,visits-service,10.42.1.125:8080,"{'__name__': 'jvm_memory_committed_bytes', 'area': 'nonheap', 'id': 'Compressed Class Space', 'instance': '10.42.1.125:8080', 'job': 'spring-petclinic'}",11599872,same_network,3,300
2026-07-24T22:05:37.804529+00:00,2026-07-24T22:05:37.840000+00:00,jvm_memory_committed_bytes,customers-service,10.42.1.126:8080,"{'__name__': 'jvm_memory_committed_bytes', 'area': 'nonheap', 'id': 'Compressed Class Space', 'instance': '10.42.1.126:8080', 'job': 'spring-petclinic'}",11796480,same_network,3,300
2026-07-24T22:05:37.804529+00:00,2026-07-24T22:05:37.840000+00:00,jvm_memory_committed_bytes,api-gateway,10.42.1.129:8080,"{'__name__': 'jvm_memory_committed_bytes', 'area': 'nonheap', 'id': 'Compressed Class Space', 'instance': '10.42.1.129:8080', 'job': 'spring-petclinic'}",9371648,same_network,3,300
2026-07-24T22:05:37.804529+00:00,2026-07-24T22:05:37.840000+00:00,jvm_memory_committed_bytes,customers-service,10.42.0.186:8080,"{'__name__': 'jvm_memory_committed_bytes', 'area': 'nonheap', 'id': 'Metaspace', 'instance': '10.42.0.186:8080', 'job': 'spring-petclinic'}",91488256,same_network,3,300
2026-07-24T22:05:37.804529+00:00,2026-07-24T22:05:37.840000+00:00,jvm_memory_committed_bytes,api-gateway,10.42.0.187:8080,"{'__name__': 'jvm_memory_committed_bytes', 'area': 'nonheap', 'id': 'Metaspace', 'instance': '10.42.0.187:8080', 'job': 'spring-petclinic'}",74121216,same_network,3,300
2026-07-24T22:05:37.804529+00:00,2026-07-24T22:05:37.840000+00:00,jvm_memory_committed_bytes,visits-service,10.42.1.122:8080,"{'__name__': 'jvm_memory_committed_bytes', 'area': 'nonheap', 'id': 'Metaspace', 'instance': '10.42.1.122:8080', 'job': 'spring-petclinic'}",89587712,same_network,3,300
2026-07-24T22:05:37.804529+00:00,2026-07-24T22:05:37.840000+00:00,jvm_memory_committed_bytes,vets-service,10.42.1.123:8080,"{'__name__': 'jvm_memory_committed_bytes', 'area': 'nonheap', 'id': 'Metaspace', 'instance': '10.42.1.123:8080', 'job': 'spring-petclinic'}",90701824,same_network,3,300
2026-07-24T22:05:37.804529+00:00,2026-07-24T22:05:37.840000+00:00,jvm_memory_committed_bytes,vets-service,10.42.1.124:8080,"{'__name__': 'jvm_memory_committed_bytes', 'area': 'nonheap', 'id': 'Metaspace', 'instance': '10.42.1.124:8080', 'job': 'spring-petclinic'}",90898432,same_network,3,300
2026-07-24T22:05:37.804529+00:00,2026-07-24T22:05:37.840000+00:00,jvm_memory_committed_bytes,visits-service,10.42.1.125:8080,"{'__name__': 'jvm_memory_committed_bytes', 'area': 'nonheap', 'id': 'Metaspace', 'instance': '10.42.1.125:8080', 'job': 'spring-petclinic'}",89653248,same_network,3,300
2026-07-24T22:05:37.804529+00:00,2026-07-24T22:05:37.840000+00:00,jvm_memory_committed_bytes,customers-service,10.42.1.126:8080,"{'__name__': 'jvm_memory_committed_bytes', 'area': 'nonheap', 'id': 'Metaspace', 'instance': '10.42.1.126:8080', 'job': 'spring-petclinic'}",91422720,same_network,3,300
2026-07-24T22:05:37.804529+00:00,2026-07-24T22:05:37.840000+00:00,jvm_memory_committed_bytes,api-gateway,10.42.1.129:8080,"{'__name__': 'jvm_memory_committed_bytes', 'area': 'nonheap', 'id': 'Metaspace', 'instance': '10.42.1.129:8080', 'job': 'spring-petclinic'}",72417280,same_network,3,300
2026-07-24T22:05:37.804529+00:00,2026-07-24T22:05:37.848000+00:00,jvm_memory_max_bytes,api-gateway,10.42.0.187:8080,"{'__name__': 'jvm_memory_max_bytes', 'area': 'heap', 'id': 'Eden Space', 'instance': '10.42.0.187:8080', 'job': 'spring-petclinic'}",71630848,same_network,3,300
2026-07-24T22:05:37.804529+00:00,2026-07-24T22:05:37.848000+00:00,jvm_memory_max_bytes,api-gateway,10.42.1.129:8080,"{'__name__': 'jvm_memory_max_bytes', 'area': 'heap', 'id': 'Eden Space', 'instance': '10.42.1.129:8080', 'job': 'spring-petclinic'}",71630848,same_network,3,300
2026-07-24T22:05:37.804529+00:00,2026-07-24T22:05:37.848000+00:00,jvm_memory_max_bytes,customers-service,10.42.0.186:8080,"{'__name__': 'jvm_memory_max_bytes', 'area': 'heap', 'id': 'G1 Eden Space', 'instance': '10.42.0.186:8080', 'job': 'spring-petclinic'}",-1,same_network,3,300
2026-07-24T22:05:37.804529+00:00,2026-07-24T22:05:37.848000+00:00,jvm_memory_max_bytes,visits-service,10.42.1.122:8080,"{'__name__': 'jvm_memory_max_bytes', 'area': 'heap', 'id': 'G1 Eden Space', 'instance': '10.42.1.122:8080', 'job': 'spring-petclinic'}",-1,same_network,3,300
2026-07-24T22:05:37.804529+00:00,2026-07-24T22:05:37.848000+00:00,jvm_memory_max_bytes,vets-service,10.42.1.123:8080,"{'__name__': 'jvm_memory_max_bytes', 'area': 'heap', 'id': 'G1 Eden Space', 'instance': '10.42.1.123:8080', 'job': 'spring-petclinic'}",-1,same_network,3,300
2026-07-24T22:05:37.804529+00:00,2026-07-24T22:05:37.848000+00:00,jvm_memory_max_bytes,vets-service,10.42.1.124:8080,"{'__name__': 'jvm_memory_max_bytes', 'area': 'heap', 'id': 'G1 Eden Space', 'instance': '10.42.1.124:8080', 'job': 'spring-petclinic'}",-1,same_network,3,300
2026-07-24T22:05:37.804529+00:00,2026-07-24T22:05:37.848000+00:00,jvm_memory_max_bytes,visits-service,10.42.1.125:8080,"{'__name__': 'jvm_memory_max_bytes', 'area': 'heap', 'id': 'G1 Eden Space', 'instance': '10.42.1.125:8080', 'job': 'spring-petclinic'}",-1,same_network,3,300
2026-07-24T22:05:37.804529+00:00,2026-07-24T22:05:37.848000+00:00,jvm_memory_max_bytes,customers-service,10.42.1.126:8080,"{'__name__': 'jvm_memory_max_bytes', 'area': 'heap', 'id': 'G1 Eden Space', 'instance': '10.42.1.126:8080', 'job': 'spring-petclinic'}",-1,same_network,3,300
2026-07-24T22:05:37.804529+00:00,2026-07-24T22:05:37.848000+00:00,jvm_memory_max_bytes,customers-service,10.42.0.186:8080,"{'__name__': 'jvm_memory_max_bytes', 'area': 'heap', 'id': 'G1 Old Gen', 'instance': '10.42.0.186:8080', 'job': 'spring-petclinic'}",6249512960,same_network,3,300
2026-07-24T22:05:37.804529+00:00,2026-07-24T22:05:37.848000+00:00,jvm_memory_max_bytes,visits-service,10.42.1.122:8080,"{'__name__': 'jvm_memory_max_bytes', 'area': 'heap', 'id': 'G1 Old Gen', 'instance': '10.42.1.122:8080', 'job': 'spring-petclinic'}",6144655360,same_network,3,300
2026-07-24T22:05:37.804529+00:00,2026-07-24T22:05:37.848000+00:00,jvm_memory_max_bytes,vets-service,10.42.1.123:8080,"{'__name__': 'jvm_memory_max_bytes', 'area': 'heap', 'id': 'G1 Old Gen', 'instance': '10.42.1.123:8080', 'job': 'spring-petclinic'}",6144655360,same_network,3,300
2026-07-24T22:05:37.804529+00:00,2026-07-24T22:05:37.848000+00:00,jvm_memory_max_bytes,vets-service,10.42.1.124:8080,"{'__name__': 'jvm_memory_max_bytes', 'area': 'heap', 'id': 'G1 Old Gen', 'instance': '10.42.1.124:8080', 'job': 'spring-petclinic'}",6144655360,same_network,3,300
2026-07-24T22:05:37.804529+00:00,2026-07-24T22:05:37.848000+00:00,jvm_memory_max_bytes,visits-service,10.42.1.125:8080,"{'__name__': 'jvm_memory_max_bytes', 'area': 'heap', 'id': 'G1 Old Gen', 'instance': '10.42.1.125:8080', 'job': 'spring-petclinic'}",6144655360,same_network,3,300
2026-07-24T22:05:37.804529+00:00,2026-07-24T22:05:37.848000+00:00,jvm_memory_max_bytes,customers-service,10.42.1.126:8080,"{'__name__': 'jvm_memory_max_bytes', 'area': 'heap', 'id': 'G1 Old Gen', 'instance': '10.42.1.126:8080', 'job': 'spring-petclinic'}",6144655360,same_network,3,300
2026-07-24T22:05:37.804529+00:00,2026-07-24T22:05:37.848000+00:00,jvm_memory_max_bytes,customers-service,10.42.0.186:8080,"{'__name__': 'jvm_memory_max_bytes', 'area': 'heap', 'id': 'G1 Survivor Space', 'instance': '10.42.0.186:8080', 'job': 'spring-petclinic'}",-1,same_network,3,300
2026-07-24T22:05:37.804529+00:00,2026-07-24T22:05:37.848000+00:00,jvm_memory_max_bytes,visits-service,10.42.1.122:8080,"{'__name__': 'jvm_memory_max_bytes', 'area': 'heap', 'id': 'G1 Survivor Space', 'instance': '10.42.1.122:8080', 'job': 'spring-petclinic'}",-1,same_network,3,300
2026-07-24T22:05:37.804529+00:00,2026-07-24T22:05:37.848000+00:00,jvm_memory_max_bytes,vets-service,10.42.1.123:8080,"{'__name__': 'jvm_memory_max_bytes', 'area': 'heap', 'id': 'G1 Survivor Space', 'instance': '10.42.1.123:8080', 'job': 'spring-petclinic'}",-1,same_network,3,300
2026-07-24T22:05:37.804529+00:00,2026-07-24T22:05:37.848000+00:00,jvm_memory_max_bytes,vets-service,10.42.1.124:8080,"{'__name__': 'jvm_memory_max_bytes', 'area': 'heap', 'id': 'G1 Survivor Space', 'instance': '10.42.1.124:8080', 'job': 'spring-petclinic'}",-1,same_network,3,300
2026-07-24T22:05:37.804529+00:00,2026-07-24T22:05:37.848000+00:00,jvm_memory_max_bytes,visits-service,10.42.1.125:8080,"{'__name__': 'jvm_memory_max_bytes', 'area': 'heap', 'id': 'G1 Survivor Space', 'instance': '10.42.1.125:8080', 'job': 'spring-petclinic'}",-1,same_network,3,300
2026-07-24T22:05:37.804529+00:00,2026-07-24T22:05:37.848000+00:00,jvm_memory_max_bytes,customers-service,10.42.1.126:8080,"{'__name__': 'jvm_memory_max_bytes', 'area': 'heap', 'id': 'G1 Survivor Space', 'instance': '10.42.1.126:8080', 'job': 'spring-petclinic'}",-1,same_network,3,300
2026-07-24T22:05:37.804529+00:00,2026-07-24T22:05:37.848000+00:00,jvm_memory_max_bytes,api-gateway,10.42.0.187:8080,"{'__name__': 'jvm_memory_max_bytes', 'area': 'heap', 'id': 'Survivor Space', 'instance': '10.42.0.187:8080', 'job': 'spring-petclinic'}",8912896,same_network,3,300
2026-07-24T22:05:37.804529+00:00,2026-07-24T22:05:37.848000+00:00,jvm_memory_max_bytes,api-gateway,10.42.1.129:8080,"{'__name__': 'jvm_memory_max_bytes', 'area': 'heap', 'id': 'Survivor Space', 'instance': '10.42.1.129:8080', 'job': 'spring-petclinic'}",8912896,same_network,3,300
2026-07-24T22:05:37.804529+00:00,2026-07-24T22:05:37.848000+00:00,jvm_memory_max_bytes,api-gateway,10.42.0.187:8080,"{'__name__': 'jvm_memory_max_bytes', 'area': 'heap', 'id': 'Tenured Gen', 'instance': '10.42.0.187:8080', 'job': 'spring-petclinic'}",178978816,same_network,3,300
2026-07-24T22:05:37.804529+00:00,2026-07-24T22:05:37.848000+00:00,jvm_memory_max_bytes,api-gateway,10.42.1.129:8080,"{'__name__': 'jvm_memory_max_bytes', 'area': 'heap', 'id': 'Tenured Gen', 'instance': '10.42.1.129:8080', 'job': 'spring-petclinic'}",178978816,same_network,3,300
2026-07-24T22:05:37.804529+00:00,2026-07-24T22:05:37.848000+00:00,jvm_memory_max_bytes,customers-service,10.42.0.186:8080,"{'__name__': 'jvm_memory_max_bytes', 'area': 'nonheap', 'id': ""CodeHeap 'non-nmethods'"", 'instance': '10.42.0.186:8080', 'job': 'spring-petclinic'}",5840896,same_network,3,300
2026-07-24T22:05:37.804529+00:00,2026-07-24T22:05:37.848000+00:00,jvm_memory_max_bytes,api-gateway,10.42.0.187:8080,"{'__name__': 'jvm_memory_max_bytes', 'area': 'nonheap', 'id': ""CodeHeap 'non-nmethods'"", 'instance': '10.42.0.187:8080', 'job': 'spring-petclinic'}",5840896,same_network,3,300
2026-07-24T22:05:37.804529+00:00,2026-07-24T22:05:37.848000+00:00,jvm_memory_max_bytes,visits-service,10.42.1.122:8080,"{'__name__': 'jvm_memory_max_bytes', 'area': 'nonheap', 'id': ""CodeHeap 'non-nmethods'"", 'instance': '10.42.1.122:8080', 'job': 'spring-petclinic'}",5840896,same_network,3,300
2026-07-24T22:05:37.804529+00:00,2026-07-24T22:05:37.848000+00:00,jvm_memory_max_bytes,vets-service,10.42.1.123:8080,"{'__name__': 'jvm_memory_max_bytes', 'area': 'nonheap', 'id': ""CodeHeap 'non-nmethods'"", 'instance': '10.42.1.123:8080', 'job': 'spring-petclinic'}",5840896,same_network,3,300
2026-07-24T22:05:37.804529+00:00,2026-07-24T22:05:37.848000+00:00,jvm_memory_max_bytes,vets-service,10.42.1.124:8080,"{'__name__': 'jvm_memory_max_bytes', 'area': 'nonheap', 'id': ""CodeHeap 'non-nmethods'"", 'instance': '10.42.1.124:8080', 'job': 'spring-petclinic'}",5840896,same_network,3,300
2026-07-24T22:05:37.804529+00:00,2026-07-24T22:05:37.848000+00:00,jvm_memory_max_bytes,visits-service,10.42.1.125:8080,"{'__name__': 'jvm_memory_max_bytes', 'area': 'nonheap', 'id': ""CodeHeap 'non-nmethods'"", 'instance': '10.42.1.125:8080', 'job': 'spring-petclinic'}",5840896,same_network,3,300
2026-07-24T22:05:37.804529+00:00,2026-07-24T22:05:37.848000+00:00,jvm_memory_max_bytes,customers-service,10.42.1.126:8080,"{'__name__': 'jvm_memory_max_bytes', 'area': 'nonheap', 'id': ""CodeHeap 'non-nmethods'"", 'instance': '10.42.1.126:8080', 'job': 'spring-petclinic'}",5840896,same_network,3,300
2026-07-24T22:05:37.804529+00:00,2026-07-24T22:05:37.848000+00:00,jvm_memory_max_bytes,api-gateway,10.42.1.129:8080,"{'__name__': 'jvm_memory_max_bytes', 'area': 'nonheap', 'id': ""CodeHeap 'non-nmethods'"", 'instance': '10.42.1.129:8080', 'job': 'spring-petclinic'}",5840896,same_network,3,300
2026-07-24T22:05:37.804529+00:00,2026-07-24T22:05:37.848000+00:00,jvm_memory_max_bytes,customers-service,10.42.0.186:8080,"{'__name__': 'jvm_memory_max_bytes', 'area': 'nonheap', 'id': ""CodeHeap 'non-profiled nmethods'"", 'instance': '10.42.0.186:8080', 'job': 'spring-petclinic'}",122908672,same_network,3,300
2026-07-24T22:05:37.804529+00:00,2026-07-24T22:05:37.848000+00:00,jvm_memory_max_bytes,api-gateway,10.42.0.187:8080,"{'__name__': 'jvm_memory_max_bytes', 'area': 'nonheap', 'id': ""CodeHeap 'non-profiled nmethods'"", 'instance': '10.42.0.187:8080', 'job': 'spring-petclinic'}",122908672,same_network,3,300
2026-07-24T22:05:37.804529+00:00,2026-07-24T22:05:37.848000+00:00,jvm_memory_max_bytes,visits-service,10.42.1.122:8080,"{'__name__': 'jvm_memory_max_bytes', 'area': 'nonheap', 'id': ""CodeHeap 'non-profiled nmethods'"", 'instance': '10.42.1.122:8080', 'job': 'spring-petclinic'}",122908672,same_network,3,300
2026-07-24T22:05:37.804529+00:00,2026-07-24T22:05:37.848000+00:00,jvm_memory_max_bytes,vets-service,10.42.1.123:8080,"{'__name__': 'jvm_memory_max_bytes', 'area': 'nonheap', 'id': ""CodeHeap 'non-profiled nmethods'"", 'instance': '10.42.1.123:8080', 'job': 'spring-petclinic'}",122908672,same_network,3,300
2026-07-24T22:05:37.804529+00:00,2026-07-24T22:05:37.848000+00:00,jvm_memory_max_bytes,vets-service,10.42.1.124:8080,"{'__name__': 'jvm_memory_max_bytes', 'area': 'nonheap', 'id': ""CodeHeap 'non-profiled nmethods'"", 'instance': '10.42.1.124:8080', 'job': 'spring-petclinic'}",122908672,same_network,3,300
2026-07-24T22:05:37.804529+00:00,2026-07-24T22:05:37.848000+00:00,jvm_memory_max_bytes,visits-service,10.42.1.125:8080,"{'__name__': 'jvm_memory_max_bytes', 'area': 'nonheap', 'id': ""CodeHeap 'non-profiled nmethods'"", 'instance': '10.42.1.125:8080', 'job': 'spring-petclinic'}",122908672,same_network,3,300
2026-07-24T22:05:37.804529+00:00,2026-07-24T22:05:37.848000+00:00,jvm_memory_max_bytes,customers-service,10.42.1.126:8080,"{'__name__': 'jvm_memory_max_bytes', 'area': 'nonheap', 'id': ""CodeHeap 'non-profiled nmethods'"", 'instance': '10.42.1.126:8080', 'job': 'spring-petclinic'}",122908672,same_network,3,300
2026-07-24T22:05:37.804529+00:00,2026-07-24T22:05:37.848000+00:00,jvm_memory_max_bytes,api-gateway,10.42.1.129:8080,"{'__name__': 'jvm_memory_max_bytes', 'area': 'nonheap', 'id': ""CodeHeap 'non-profiled nmethods'"", 'instance': '10.42.1.129:8080', 'job': 'spring-petclinic'}",122908672,same_network,3,300
2026-07-24T22:05:37.804529+00:00,2026-07-24T22:05:37.848000+00:00,jvm_memory_max_bytes,customers-service,10.42.0.186:8080,"{'__name__': 'jvm_memory_max_bytes', 'area': 'nonheap', 'id': ""CodeHeap 'profiled nmethods'"", 'instance': '10.42.0.186:8080', 'job': 'spring-petclinic'}",122908672,same_network,3,300
2026-07-24T22:05:37.804529+00:00,2026-07-24T22:05:37.848000+00:00,jvm_memory_max_bytes,api-gateway,10.42.0.187:8080,"{'__name__': 'jvm_memory_max_bytes', 'area': 'nonheap', 'id': ""CodeHeap 'profiled nmethods'"", 'instance': '10.42.0.187:8080', 'job': 'spring-petclinic'}",122908672,same_network,3,300
2026-07-24T22:05:37.804529+00:00,2026-07-24T22:05:37.848000+00:00,jvm_memory_max_bytes,visits-service,10.42.1.122:8080,"{'__name__': 'jvm_memory_max_bytes', 'area': 'nonheap', 'id': ""CodeHeap 'profiled nmethods'"", 'instance': '10.42.1.122:8080', 'job': 'spring-petclinic'}",122908672,same_network,3,300
2026-07-24T22:05:37.804529+00:00,2026-07-24T22:05:37.848000+00:00,jvm_memory_max_bytes,vets-service,10.42.1.123:8080,"{'__name__': 'jvm_memory_max_bytes', 'area': 'nonheap', 'id': ""CodeHeap 'profiled nmethods'"", 'instance': '10.42.1.123:8080', 'job': 'spring-petclinic'}",122908672,same_network,3,300
2026-07-24T22:05:37.804529+00:00,2026-07-24T22:05:37.848000+00:00,jvm_memory_max_bytes,vets-service,10.42.1.124:8080,"{'__name__': 'jvm_memory_max_bytes', 'area': 'nonheap', 'id': ""CodeHeap 'profiled nmethods'"", 'instance': '10.42.1.124:8080', 'job': 'spring-petclinic'}",122908672,same_network,3,300
2026-07-24T22:05:37.804529+00:00,2026-07-24T22:05:37.848000+00:00,jvm_memory_max_bytes,visits-service,10.42.1.125:8080,"{'__name__': 'jvm_memory_max_bytes', 'area': 'nonheap', 'id': ""CodeHeap 'profiled nmethods'"", 'instance': '10.42.1.125:8080', 'job': 'spring-petclinic'}",122908672,same_network,3,300
2026-07-24T22:05:37.804529+00:00,2026-07-24T22:05:37.848000+00:00,jvm_memory_max_bytes,customers-service,10.42.1.126:8080,"{'__name__': 'jvm_memory_max_bytes', 'area': 'nonheap', 'id': ""CodeHeap 'profiled nmethods'"", 'instance': '10.42.1.126:8080', 'job': 'spring-petclinic'}",122908672,same_network,3,300
2026-07-24T22:05:37.804529+00:00,2026-07-24T22:05:37.848000+00:00,jvm_memory_max_bytes,api-gateway,10.42.1.129:8080,"{'__name__': 'jvm_memory_max_bytes', 'area': 'nonheap', 'id': ""CodeHeap 'profiled nmethods'"", 'instance': '10.42.1.129:8080', 'job': 'spring-petclinic'}",122908672,same_network,3,300
2026-07-24T22:05:37.804529+00:00,2026-07-24T22:05:37.848000+00:00,jvm_memory_max_bytes,customers-service,10.42.0.186:8080,"{'__name__': 'jvm_memory_max_bytes', 'area': 'nonheap', 'id': 'Compressed Class Space', 'instance': '10.42.0.186:8080', 'job': 'spring-petclinic'}",1073741824,same_network,3,300
2026-07-24T22:05:37.804529+00:00,2026-07-24T22:05:37.848000+00:00,jvm_memory_max_bytes,api-gateway,10.42.0.187:8080,"{'__name__': 'jvm_memory_max_bytes', 'area': 'nonheap', 'id': 'Compressed Class Space', 'instance': '10.42.0.187:8080', 'job': 'spring-petclinic'}",1073741824,same_network,3,300
2026-07-24T22:05:37.804529+00:00,2026-07-24T22:05:37.848000+00:00,jvm_memory_max_bytes,visits-service,10.42.1.122:8080,"{'__name__': 'jvm_memory_max_bytes', 'area': 'nonheap', 'id': 'Compressed Class Space', 'instance': '10.42.1.122:8080', 'job': 'spring-petclinic'}",1073741824,same_network,3,300
2026-07-24T22:05:37.804529+00:00,2026-07-24T22:05:37.848000+00:00,jvm_memory_max_bytes,vets-service,10.42.1.123:8080,"{'__name__': 'jvm_memory_max_bytes', 'area': 'nonheap', 'id': 'Compressed Class Space', 'instance': '10.42.1.123:8080', 'job': 'spring-petclinic'}",1073741824,same_network,3,300
2026-07-24T22:05:37.804529+00:00,2026-07-24T22:05:37.848000+00:00,jvm_memory_max_bytes,vets-service,10.42.1.124:8080,"{'__name__': 'jvm_memory_max_bytes', 'area': 'nonheap', 'id': 'Compressed Class Space', 'instance': '10.42.1.124:8080', 'job': 'spring-petclinic'}",1073741824,same_network,3,300
2026-07-24T22:05:37.804529+00:00,2026-07-24T22:05:37.848000+00:00,jvm_memory_max_bytes,visits-service,10.42.1.125:8080,"{'__name__': 'jvm_memory_max_bytes', 'area': 'nonheap', 'id': 'Compressed Class Space', 'instance': '10.42.1.125:8080', 'job': 'spring-petclinic'}",1073741824,same_network,3,300
2026-07-24T22:05:37.804529+00:00,2026-07-24T22:05:37.848000+00:00,jvm_memory_max_bytes,customers-service,10.42.1.126:8080,"{'__name__': 'jvm_memory_max_bytes', 'area': 'nonheap', 'id': 'Compressed Class Space', 'instance': '10.42.1.126:8080', 'job': 'spring-petclinic'}",1073741824,same_network,3,300
2026-07-24T22:05:37.804529+00:00,2026-07-24T22:05:37.848000+00:00,jvm_memory_max_bytes,api-gateway,10.42.1.129:8080,"{'__name__': 'jvm_memory_max_bytes', 'area': 'nonheap', 'id': 'Compressed Class Space', 'instance': '10.42.1.129:8080', 'job': 'spring-petclinic'}",1073741824,same_network,3,300
2026-07-24T22:05:37.804529+00:00,2026-07-24T22:05:37.848000+00:00,jvm_memory_max_bytes,customers-service,10.42.0.186:8080,"{'__name__': 'jvm_memory_max_bytes', 'area': 'nonheap', 'id': 'Metaspace', 'instance': '10.42.0.186:8080', 'job': 'spring-petclinic'}",-1,same_network,3,300
2026-07-24T22:05:37.804529+00:00,2026-07-24T22:05:37.848000+00:00,jvm_memory_max_bytes,api-gateway,10.42.0.187:8080,"{'__name__': 'jvm_memory_max_bytes', 'area': 'nonheap', 'id': 'Metaspace', 'instance': '10.42.0.187:8080', 'job': 'spring-petclinic'}",-1,same_network,3,300
2026-07-24T22:05:37.804529+00:00,2026-07-24T22:05:37.848000+00:00,jvm_memory_max_bytes,visits-service,10.42.1.122:8080,"{'__name__': 'jvm_memory_max_bytes', 'area': 'nonheap', 'id': 'Metaspace', 'instance': '10.42.1.122:8080', 'job': 'spring-petclinic'}",-1,same_network,3,300
2026-07-24T22:05:37.804529+00:00,2026-07-24T22:05:37.848000+00:00,jvm_memory_max_bytes,vets-service,10.42.1.123:8080,"{'__name__': 'jvm_memory_max_bytes', 'area': 'nonheap', 'id': 'Metaspace', 'instance': '10.42.1.123:8080', 'job': 'spring-petclinic'}",-1,same_network,3,300
2026-07-24T22:05:37.804529+00:00,2026-07-24T22:05:37.848000+00:00,jvm_memory_max_bytes,vets-service,10.42.1.124:8080,"{'__name__': 'jvm_memory_max_bytes', 'area': 'nonheap', 'id': 'Metaspace', 'instance': '10.42.1.124:8080', 'job': 'spring-petclinic'}",-1,same_network,3,300
2026-07-24T22:05:37.804529+00:00,2026-07-24T22:05:37.848000+00:00,jvm_memory_max_bytes,visits-service,10.42.1.125:8080,"{'__name__': 'jvm_memory_max_bytes', 'area': 'nonheap', 'id': 'Metaspace', 'instance': '10.42.1.125:8080', 'job': 'spring-petclinic'}",-1,same_network,3,300
2026-07-24T22:05:37.804529+00:00,2026-07-24T22:05:37.848000+00:00,jvm_memory_max_bytes,customers-service,10.42.1.126:8080,"{'__name__': 'jvm_memory_max_bytes', 'area': 'nonheap', 'id': 'Metaspace', 'instance': '10.42.1.126:8080', 'job': 'spring-petclinic'}",-1,same_network,3,300
2026-07-24T22:05:37.804529+00:00,2026-07-24T22:05:37.848000+00:00,jvm_memory_max_bytes,api-gateway,10.42.1.129:8080,"{'__name__': 'jvm_memory_max_bytes', 'area': 'nonheap', 'id': 'Metaspace', 'instance': '10.42.1.129:8080', 'job': 'spring-petclinic'}",-1,same_network,3,300
2026-07-24T22:05:37.804529+00:00,2026-07-24T22:05:37.855000+00:00,jvm_memory_usage_after_gc_percent,customers-service,10.42.0.186:8080,"{'__name__': 'jvm_memory_usage_after_gc_percent', 'area': 'heap', 'instance': '10.42.0.186:8080', 'job': 'spring-petclinic', 'pool': 'long-lived'}",0.02748974281669463,same_network,3,300
2026-07-24T22:05:37.804529+00:00,2026-07-24T22:05:37.855000+00:00,jvm_memory_usage_after_gc_percent,api-gateway,10.42.0.187:8080,"{'__name__': 'jvm_memory_usage_after_gc_percent', 'area': 'heap', 'instance': '10.42.0.187:8080', 'job': 'spring-petclinic', 'pool': 'long-lived'}",0.45312638563884566,same_network,3,300
2026-07-24T22:05:37.804529+00:00,2026-07-24T22:05:37.855000+00:00,jvm_memory_usage_after_gc_percent,visits-service,10.42.1.122:8080,"{'__name__': 'jvm_memory_usage_after_gc_percent', 'area': 'heap', 'instance': '10.42.1.122:8080', 'job': 'spring-petclinic', 'pool': 'long-lived'}",0.01142978082337884,same_network,3,300
2026-07-24T22:05:37.804529+00:00,2026-07-24T22:05:37.855000+00:00,jvm_memory_usage_after_gc_percent,vets-service,10.42.1.123:8080,"{'__name__': 'jvm_memory_usage_after_gc_percent', 'area': 'heap', 'instance': '10.42.1.123:8080', 'job': 'spring-petclinic', 'pool': 'long-lived'}",0.015570755786049488,same_network,3,300
2026-07-24T22:05:37.804529+00:00,2026-07-24T22:05:37.855000+00:00,jvm_memory_usage_after_gc_percent,vets-service,10.42.1.124:8080,"{'__name__': 'jvm_memory_usage_after_gc_percent', 'area': 'heap', 'instance': '10.42.1.124:8080', 'job': 'spring-petclinic', 'pool': 'long-lived'}",0.018861571432380545,same_network,3,300
2026-07-24T22:05:37.804529+00:00,2026-07-24T22:05:37.855000+00:00,jvm_memory_usage_after_gc_percent,visits-service,10.42.1.125:8080,"{'__name__': 'jvm_memory_usage_after_gc_percent', 'area': 'heap', 'instance': '10.42.1.125:8080', 'job': 'spring-petclinic', 'pool': 'long-lived'}",0.01413274250746587,same_network,3,300
2026-07-24T22:05:37.804529+00:00,2026-07-24T22:05:37.855000+00:00,jvm_memory_usage_after_gc_percent,customers-service,10.42.1.126:8080,"{'__name__': 'jvm_memory_usage_after_gc_percent', 'area': 'heap', 'instance': '10.42.1.126:8080', 'job': 'spring-petclinic', 'pool': 'long-lived'}",0.01877066446245734,same_network,3,300
2026-07-24T22:05:37.804529+00:00,2026-07-24T22:05:37.855000+00:00,jvm_memory_usage_after_gc_percent,api-gateway,10.42.1.129:8080,"{'__name__': 'jvm_memory_usage_after_gc_percent', 'area': 'heap', 'instance': '10.42.1.129:8080', 'job': 'spring-petclinic', 'pool': 'long-lived'}",0.3418121170273023,same_network,3,300
2026-07-24T22:05:37.804529+00:00,2026-07-24T22:05:37.862000+00:00,jvm_gc_live_data_size_bytes,customers-service,10.42.0.186:8080,"{'__name__': 'jvm_gc_live_data_size_bytes', 'instance': '10.42.0.186:8080', 'job': 'spring-petclinic'}",0,same_network,3,300
2026-07-24T22:05:37.804529+00:00,2026-07-24T22:05:37.862000+00:00,jvm_gc_live_data_size_bytes,api-gateway,10.42.0.187:8080,"{'__name__': 'jvm_gc_live_data_size_bytes', 'instance': '10.42.0.187:8080', 'job': 'spring-petclinic'}",52919184,same_network,3,300
2026-07-24T22:05:37.804529+00:00,2026-07-24T22:05:37.862000+00:00,jvm_gc_live_data_size_bytes,visits-service,10.42.1.122:8080,"{'__name__': 'jvm_gc_live_data_size_bytes', 'instance': '10.42.1.122:8080', 'job': 'spring-petclinic'}",0,same_network,3,300
2026-07-24T22:05:37.804529+00:00,2026-07-24T22:05:37.862000+00:00,jvm_gc_live_data_size_bytes,vets-service,10.42.1.123:8080,"{'__name__': 'jvm_gc_live_data_size_bytes', 'instance': '10.42.1.123:8080', 'job': 'spring-petclinic'}",0,same_network,3,300
2026-07-24T22:05:37.804529+00:00,2026-07-24T22:05:37.862000+00:00,jvm_gc_live_data_size_bytes,vets-service,10.42.1.124:8080,"{'__name__': 'jvm_gc_live_data_size_bytes', 'instance': '10.42.1.124:8080', 'job': 'spring-petclinic'}",0,same_network,3,300
2026-07-24T22:05:37.804529+00:00,2026-07-24T22:05:37.862000+00:00,jvm_gc_live_data_size_bytes,visits-service,10.42.1.125:8080,"{'__name__': 'jvm_gc_live_data_size_bytes', 'instance': '10.42.1.125:8080', 'job': 'spring-petclinic'}",0,same_network,3,300
2026-07-24T22:05:37.804529+00:00,2026-07-24T22:05:37.862000+00:00,jvm_gc_live_data_size_bytes,customers-service,10.42.1.126:8080,"{'__name__': 'jvm_gc_live_data_size_bytes', 'instance': '10.42.1.126:8080', 'job': 'spring-petclinic'}",107705856,same_network,3,300
2026-07-24T22:05:37.804529+00:00,2026-07-24T22:05:37.862000+00:00,jvm_gc_live_data_size_bytes,api-gateway,10.42.1.129:8080,"{'__name__': 'jvm_gc_live_data_size_bytes', 'instance': '10.42.1.129:8080', 'job': 'spring-petclinic'}",44890304,same_network,3,300
2026-07-24T22:05:37.804529+00:00,2026-07-24T22:05:37.866000+00:00,jvm_gc_max_data_size_bytes,customers-service,10.42.0.186:8080,"{'__name__': 'jvm_gc_max_data_size_bytes', 'instance': '10.42.0.186:8080', 'job': 'spring-petclinic'}",6249512960,same_network,3,300
2026-07-24T22:05:37.804529+00:00,2026-07-24T22:05:37.866000+00:00,jvm_gc_max_data_size_bytes,api-gateway,10.42.0.187:8080,"{'__name__': 'jvm_gc_max_data_size_bytes', 'instance': '10.42.0.187:8080', 'job': 'spring-petclinic'}",178978816,same_network,3,300
2026-07-24T22:05:37.804529+00:00,2026-07-24T22:05:37.866000+00:00,jvm_gc_max_data_size_bytes,visits-service,10.42.1.122:8080,"{'__name__': 'jvm_gc_max_data_size_bytes', 'instance': '10.42.1.122:8080', 'job': 'spring-petclinic'}",6144655360,same_network,3,300
2026-07-24T22:05:37.804529+00:00,2026-07-24T22:05:37.866000+00:00,jvm_gc_max_data_size_bytes,vets-service,10.42.1.123:8080,"{'__name__': 'jvm_gc_max_data_size_bytes', 'instance': '10.42.1.123:8080', 'job': 'spring-petclinic'}",6144655360,same_network,3,300
2026-07-24T22:05:37.804529+00:00,2026-07-24T22:05:37.866000+00:00,jvm_gc_max_data_size_bytes,vets-service,10.42.1.124:8080,"{'__name__': 'jvm_gc_max_data_size_bytes', 'instance': '10.42.1.124:8080', 'job': 'spring-petclinic'}",6144655360,same_network,3,300
2026-07-24T22:05:37.804529+00:00,2026-07-24T22:05:37.866000+00:00,jvm_gc_max_data_size_bytes,visits-service,10.42.1.125:8080,"{'__name__': 'jvm_gc_max_data_size_bytes', 'instance': '10.42.1.125:8080', 'job': 'spring-petclinic'}",6144655360,same_network,3,300
2026-07-24T22:05:37.804529+00:00,2026-07-24T22:05:37.866000+00:00,jvm_gc_max_data_size_bytes,customers-service,10.42.1.126:8080,"{'__name__': 'jvm_gc_max_data_size_bytes', 'instance': '10.42.1.126:8080', 'job': 'spring-petclinic'}",6144655360,same_network,3,300
2026-07-24T22:05:37.804529+00:00,2026-07-24T22:05:37.866000+00:00,jvm_gc_max_data_size_bytes,api-gateway,10.42.1.129:8080,"{'__name__': 'jvm_gc_max_data_size_bytes', 'instance': '10.42.1.129:8080', 'job': 'spring-petclinic'}",178978816,same_network,3,300
2026-07-24T22:05:37.804529+00:00,2026-07-24T22:05:37.869000+00:00,jvm_gc_memory_allocated_bytes_total,customers-service,10.42.0.186:8080,"{'__name__': 'jvm_gc_memory_allocated_bytes_total', 'instance': '10.42.0.186:8080', 'job': 'spring-petclinic'}",145819172824,same_network,3,300
2026-07-24T22:05:37.804529+00:00,2026-07-24T22:05:37.869000+00:00,jvm_gc_memory_allocated_bytes_total,api-gateway,10.42.0.187:8080,"{'__name__': 'jvm_gc_memory_allocated_bytes_total', 'instance': '10.42.0.187:8080', 'job': 'spring-petclinic'}",569232805472,same_network,3,300
2026-07-24T22:05:37.804529+00:00,2026-07-24T22:05:37.869000+00:00,jvm_gc_memory_allocated_bytes_total,visits-service,10.42.1.122:8080,"{'__name__': 'jvm_gc_memory_allocated_bytes_total', 'instance': '10.42.1.122:8080', 'job': 'spring-petclinic'}",26470252544,same_network,3,300
2026-07-24T22:05:37.804529+00:00,2026-07-24T22:05:37.869000+00:00,jvm_gc_memory_allocated_bytes_total,vets-service,10.42.1.123:8080,"{'__name__': 'jvm_gc_memory_allocated_bytes_total', 'instance': '10.42.1.123:8080', 'job': 'spring-petclinic'}",60129542136,same_network,3,300
2026-07-24T22:05:37.804529+00:00,2026-07-24T22:05:37.869000+00:00,jvm_gc_memory_allocated_bytes_total,vets-service,10.42.1.124:8080,"{'__name__': 'jvm_gc_memory_allocated_bytes_total', 'instance': '10.42.1.124:8080', 'job': 'spring-petclinic'}",60758687744,same_network,3,300
2026-07-24T22:05:37.804529+00:00,2026-07-24T22:05:37.869000+00:00,jvm_gc_memory_allocated_bytes_total,visits-service,10.42.1.125:8080,"{'__name__': 'jvm_gc_memory_allocated_bytes_total', 'instance': '10.42.1.125:8080', 'job': 'spring-petclinic'}",26155679736,same_network,3,300
2026-07-24T22:05:37.804529+00:00,2026-07-24T22:05:37.869000+00:00,jvm_gc_memory_allocated_bytes_total,customers-service,10.42.1.126:8080,"{'__name__': 'jvm_gc_memory_allocated_bytes_total', 'instance': '10.42.1.126:8080', 'job': 'spring-petclinic'}",144518938448,same_network,3,300
2026-07-24T22:05:37.804529+00:00,2026-07-24T22:05:37.869000+00:00,jvm_gc_memory_allocated_bytes_total,api-gateway,10.42.1.129:8080,"{'__name__': 'jvm_gc_memory_allocated_bytes_total', 'instance': '10.42.1.129:8080', 'job': 'spring-petclinic'}",7663607240,same_network,3,300
2026-07-24T22:05:37.804529+00:00,2026-07-24T22:05:37.874000+00:00,jvm_gc_memory_promoted_bytes_total,customers-service,10.42.0.186:8080,"{'__name__': 'jvm_gc_memory_promoted_bytes_total', 'instance': '10.42.0.186:8080', 'job': 'spring-petclinic'}",147427840,same_network,3,300
2026-07-24T22:05:37.804529+00:00,2026-07-24T22:05:37.874000+00:00,jvm_gc_memory_promoted_bytes_total,api-gateway,10.42.0.187:8080,"{'__name__': 'jvm_gc_memory_promoted_bytes_total', 'instance': '10.42.0.187:8080', 'job': 'spring-petclinic'}",3916170536,same_network,3,300
2026-07-24T22:05:37.804529+00:00,2026-07-24T22:05:37.874000+00:00,jvm_gc_memory_promoted_bytes_total,visits-service,10.42.1.122:8080,"{'__name__': 'jvm_gc_memory_promoted_bytes_total', 'instance': '10.42.1.122:8080', 'job': 'spring-petclinic'}",45642752,same_network,3,300
2026-07-24T22:05:37.804529+00:00,2026-07-24T22:05:37.874000+00:00,jvm_gc_memory_promoted_bytes_total,vets-service,10.42.1.123:8080,"{'__name__': 'jvm_gc_memory_promoted_bytes_total', 'instance': '10.42.1.123:8080', 'job': 'spring-petclinic'}",71361024,same_network,3,300
2026-07-24T22:05:37.804529+00:00,2026-07-24T22:05:37.874000+00:00,jvm_gc_memory_promoted_bytes_total,vets-service,10.42.1.124:8080,"{'__name__': 'jvm_gc_memory_promoted_bytes_total', 'instance': '10.42.1.124:8080', 'job': 'spring-petclinic'}",91305984,same_network,3,300
2026-07-24T22:05:37.804529+00:00,2026-07-24T22:05:37.874000+00:00,jvm_gc_memory_promoted_bytes_total,visits-service,10.42.1.125:8080,"{'__name__': 'jvm_gc_memory_promoted_bytes_total', 'instance': '10.42.1.125:8080', 'job': 'spring-petclinic'}",63560192,same_network,3,300
2026-07-24T22:05:37.804529+00:00,2026-07-24T22:05:37.874000+00:00,jvm_gc_memory_promoted_bytes_total,customers-service,10.42.1.126:8080,"{'__name__': 'jvm_gc_memory_promoted_bytes_total', 'instance': '10.42.1.126:8080', 'job': 'spring-petclinic'}",383683584,same_network,3,300
2026-07-24T22:05:37.804529+00:00,2026-07-24T22:05:37.874000+00:00,jvm_gc_memory_promoted_bytes_total,api-gateway,10.42.1.129:8080,"{'__name__': 'jvm_gc_memory_promoted_bytes_total', 'instance': '10.42.1.129:8080', 'job': 'spring-petclinic'}",87771152,same_network,3,300
2026-07-24T22:05:37.804529+00:00,2026-07-24T22:05:37.880000+00:00,jvm_gc_overhead_percent,customers-service,10.42.0.186:8080,"{'__name__': 'jvm_gc_overhead_percent', 'instance': '10.42.0.186:8080', 'job': 'spring-petclinic'}",0.00094,same_network,3,300
2026-07-24T22:05:37.804529+00:00,2026-07-24T22:05:37.880000+00:00,jvm_gc_overhead_percent,api-gateway,10.42.0.187:8080,"{'__name__': 'jvm_gc_overhead_percent', 'instance': '10.42.0.187:8080', 'job': 'spring-petclinic'}",0.006896666666666666,same_network,3,300
2026-07-24T22:05:37.804529+00:00,2026-07-24T22:05:37.880000+00:00,jvm_gc_overhead_percent,visits-service,10.42.1.122:8080,"{'__name__': 'jvm_gc_overhead_percent', 'instance': '10.42.1.122:8080', 'job': 'spring-petclinic'}",0.00013666666666666666,same_network,3,300
2026-07-24T22:05:37.804529+00:00,2026-07-24T22:05:37.880000+00:00,jvm_gc_overhead_percent,vets-service,10.42.1.123:8080,"{'__name__': 'jvm_gc_overhead_percent', 'instance': '10.42.1.123:8080', 'job': 'spring-petclinic'}",0.00036,same_network,3,300
2026-07-24T22:05:37.804529+00:00,2026-07-24T22:05:37.880000+00:00,jvm_gc_overhead_percent,vets-service,10.42.1.124:8080,"{'__name__': 'jvm_gc_overhead_percent', 'instance': '10.42.1.124:8080', 'job': 'spring-petclinic'}",0.0006166666666666666,same_network,3,300
2026-07-24T22:05:37.804529+00:00,2026-07-24T22:05:37.880000+00:00,jvm_gc_overhead_percent,visits-service,10.42.1.125:8080,"{'__name__': 'jvm_gc_overhead_percent', 'instance': '10.42.1.125:8080', 'job': 'spring-petclinic'}",0.00029666666666666665,same_network,3,300
2026-07-24T22:05:37.804529+00:00,2026-07-24T22:05:37.880000+00:00,jvm_gc_overhead_percent,customers-service,10.42.1.126:8080,"{'__name__': 'jvm_gc_overhead_percent', 'instance': '10.42.1.126:8080', 'job': 'spring-petclinic'}",0.0005833333333333334,same_network,3,300
2026-07-24T22:05:37.804529+00:00,2026-07-24T22:05:37.880000+00:00,jvm_gc_overhead_percent,api-gateway,10.42.1.129:8080,"{'__name__': 'jvm_gc_overhead_percent', 'instance': '10.42.1.129:8080', 'job': 'spring-petclinic'}",0.0046233333333333335,same_network,3,300
2026-07-24T22:05:37.804529+00:00,2026-07-24T22:05:37.886000+00:00,jvm_gc_pause_seconds_count,api-gateway,10.42.0.187:8080,"{'__name__': 'jvm_gc_pause_seconds_count', 'action': 'end of major GC', 'cause': 'Allocation Failure', 'instance': '10.42.0.187:8080', 'job': 'spring-petclinic'}",146,same_network,3,300
2026-07-24T22:05:37.804529+00:00,2026-07-24T22:05:37.886000+00:00,jvm_gc_pause_seconds_count,api-gateway,10.42.1.129:8080,"{'__name__': 'jvm_gc_pause_seconds_count', 'action': 'end of major GC', 'cause': 'Allocation Failure', 'instance': '10.42.1.129:8080', 'job': 'spring-petclinic'}",3,same_network,3,300
2026-07-24T22:05:37.804529+00:00,2026-07-24T22:05:37.886000+00:00,jvm_gc_pause_seconds_count,api-gateway,10.42.0.187:8080,"{'__name__': 'jvm_gc_pause_seconds_count', 'action': 'end of minor GC', 'cause': 'Allocation Failure', 'instance': '10.42.0.187:8080', 'job': 'spring-petclinic'}",14069,same_network,3,300
2026-07-24T22:05:37.804529+00:00,2026-07-24T22:05:37.886000+00:00,jvm_gc_pause_seconds_count,api-gateway,10.42.1.129:8080,"{'__name__': 'jvm_gc_pause_seconds_count', 'action': 'end of minor GC', 'cause': 'Allocation Failure', 'instance': '10.42.1.129:8080', 'job': 'spring-petclinic'}",241,same_network,3,300
2026-07-24T22:05:37.804529+00:00,2026-07-24T22:05:37.886000+00:00,jvm_gc_pause_seconds_count,customers-service,10.42.0.186:8080,"{'__name__': 'jvm_gc_pause_seconds_count', 'action': 'end of minor GC', 'cause': 'G1 Evacuation Pause', 'instance': '10.42.0.186:8080', 'job': 'spring-petclinic'}",583,same_network,3,300
2026-07-24T22:05:37.804529+00:00,2026-07-24T22:05:37.886000+00:00,jvm_gc_pause_seconds_count,visits-service,10.42.1.122:8080,"{'__name__': 'jvm_gc_pause_seconds_count', 'action': 'end of minor GC', 'cause': 'G1 Evacuation Pause', 'instance': '10.42.1.122:8080', 'job': 'spring-petclinic'}",125,same_network,3,300
2026-07-24T22:05:37.804529+00:00,2026-07-24T22:05:37.886000+00:00,jvm_gc_pause_seconds_count,vets-service,10.42.1.123:8080,"{'__name__': 'jvm_gc_pause_seconds_count', 'action': 'end of minor GC', 'cause': 'G1 Evacuation Pause', 'instance': '10.42.1.123:8080', 'job': 'spring-petclinic'}",226,same_network,3,300
2026-07-24T22:05:37.804529+00:00,2026-07-24T22:05:37.886000+00:00,jvm_gc_pause_seconds_count,vets-service,10.42.1.124:8080,"{'__name__': 'jvm_gc_pause_seconds_count', 'action': 'end of minor GC', 'cause': 'G1 Evacuation Pause', 'instance': '10.42.1.124:8080', 'job': 'spring-petclinic'}",426,same_network,3,300
2026-07-24T22:05:37.804529+00:00,2026-07-24T22:05:37.886000+00:00,jvm_gc_pause_seconds_count,visits-service,10.42.1.125:8080,"{'__name__': 'jvm_gc_pause_seconds_count', 'action': 'end of minor GC', 'cause': 'G1 Evacuation Pause', 'instance': '10.42.1.125:8080', 'job': 'spring-petclinic'}",215,same_network,3,300
2026-07-24T22:05:37.804529+00:00,2026-07-24T22:05:37.886000+00:00,jvm_gc_pause_seconds_count,customers-service,10.42.1.126:8080,"{'__name__': 'jvm_gc_pause_seconds_count', 'action': 'end of minor GC', 'cause': 'G1 Evacuation Pause', 'instance': '10.42.1.126:8080', 'job': 'spring-petclinic'}",1999,same_network,3,300
2026-07-24T22:05:37.804529+00:00,2026-07-24T22:05:37.886000+00:00,jvm_gc_pause_seconds_count,customers-service,10.42.1.126:8080,"{'__name__': 'jvm_gc_pause_seconds_count', 'action': 'end of minor GC', 'cause': 'G1 Preventive Collection', 'instance': '10.42.1.126:8080', 'job': 'spring-petclinic'}",1,same_network,3,300
2026-07-24T22:05:37.804529+00:00,2026-07-24T22:05:37.886000+00:00,jvm_gc_pause_seconds_count,visits-service,10.42.1.125:8080,"{'__name__': 'jvm_gc_pause_seconds_count', 'action': 'end of minor GC', 'cause': 'GCLocker Initiated GC', 'instance': '10.42.1.125:8080', 'job': 'spring-petclinic'}",1,same_network,3,300
2026-07-24T22:05:37.804529+00:00,2026-07-24T22:05:37.886000+00:00,jvm_gc_pause_seconds_count,customers-service,10.42.1.126:8080,"{'__name__': 'jvm_gc_pause_seconds_count', 'action': 'end of minor GC', 'cause': 'GCLocker Initiated GC', 'instance': '10.42.1.126:8080', 'job': 'spring-petclinic'}",2,same_network,3,300
2026-07-24T22:05:37.804529+00:00,2026-07-24T22:05:37.886000+00:00,jvm_gc_pause_seconds_count,customers-service,10.42.0.186:8080,"{'__name__': 'jvm_gc_pause_seconds_count', 'action': 'end of minor GC', 'cause': 'Metadata GC Threshold', 'instance': '10.42.0.186:8080', 'job': 'spring-petclinic'}",1,same_network,3,300
2026-07-24T22:05:37.804529+00:00,2026-07-24T22:05:37.886000+00:00,jvm_gc_pause_seconds_count,visits-service,10.42.1.122:8080,"{'__name__': 'jvm_gc_pause_seconds_count', 'action': 'end of minor GC', 'cause': 'Metadata GC Threshold', 'instance': '10.42.1.122:8080', 'job': 'spring-petclinic'}",1,same_network,3,300
2026-07-24T22:05:37.804529+00:00,2026-07-24T22:05:37.886000+00:00,jvm_gc_pause_seconds_count,vets-service,10.42.1.123:8080,"{'__name__': 'jvm_gc_pause_seconds_count', 'action': 'end of minor GC', 'cause': 'Metadata GC Threshold', 'instance': '10.42.1.123:8080', 'job': 'spring-petclinic'}",1,same_network,3,300
2026-07-24T22:05:37.804529+00:00,2026-07-24T22:05:37.886000+00:00,jvm_gc_pause_seconds_count,vets-service,10.42.1.124:8080,"{'__name__': 'jvm_gc_pause_seconds_count', 'action': 'end of minor GC', 'cause': 'Metadata GC Threshold', 'instance': '10.42.1.124:8080', 'job': 'spring-petclinic'}",1,same_network,3,300
2026-07-24T22:05:37.804529+00:00,2026-07-24T22:05:37.886000+00:00,jvm_gc_pause_seconds_count,visits-service,10.42.1.125:8080,"{'__name__': 'jvm_gc_pause_seconds_count', 'action': 'end of minor GC', 'cause': 'Metadata GC Threshold', 'instance': '10.42.1.125:8080', 'job': 'spring-petclinic'}",1,same_network,3,300
2026-07-24T22:05:37.804529+00:00,2026-07-24T22:05:37.886000+00:00,jvm_gc_pause_seconds_count,customers-service,10.42.1.126:8080,"{'__name__': 'jvm_gc_pause_seconds_count', 'action': 'end of minor GC', 'cause': 'Metadata GC Threshold', 'instance': '10.42.1.126:8080', 'job': 'spring-petclinic'}",1,same_network,3,300
2026-07-24T22:05:37.804529+00:00,2026-07-24T22:05:37.895000+00:00,jvm_gc_pause_seconds_sum,api-gateway,10.42.0.187:8080,"{'__name__': 'jvm_gc_pause_seconds_sum', 'action': 'end of major GC', 'cause': 'Allocation Failure', 'instance': '10.42.0.187:8080', 'job': 'spring-petclinic'}",77.166,same_network,3,300
2026-07-24T22:05:37.804529+00:00,2026-07-24T22:05:37.895000+00:00,jvm_gc_pause_seconds_sum,api-gateway,10.42.1.129:8080,"{'__name__': 'jvm_gc_pause_seconds_sum', 'action': 'end of major GC', 'cause': 'Allocation Failure', 'instance': '10.42.1.129:8080', 'job': 'spring-petclinic'}",0.438,same_network,3,300
2026-07-24T22:05:37.804529+00:00,2026-07-24T22:05:37.895000+00:00,jvm_gc_pause_seconds_sum,api-gateway,10.42.0.187:8080,"{'__name__': 'jvm_gc_pause_seconds_sum', 'action': 'end of minor GC', 'cause': 'Allocation Failure', 'instance': '10.42.0.187:8080', 'job': 'spring-petclinic'}",95.757,same_network,3,300
2026-07-24T22:05:37.804529+00:00,2026-07-24T22:05:37.895000+00:00,jvm_gc_pause_seconds_sum,api-gateway,10.42.1.129:8080,"{'__name__': 'jvm_gc_pause_seconds_sum', 'action': 'end of minor GC', 'cause': 'Allocation Failure', 'instance': '10.42.1.129:8080', 'job': 'spring-petclinic'}",1.81,same_network,3,300
2026-07-24T22:05:37.804529+00:00,2026-07-24T22:05:37.895000+00:00,jvm_gc_pause_seconds_sum,customers-service,10.42.0.186:8080,"{'__name__': 'jvm_gc_pause_seconds_sum', 'action': 'end of minor GC', 'cause': 'G1 Evacuation Pause', 'instance': '10.42.0.186:8080', 'job': 'spring-petclinic'}",7.569,same_network,3,300
2026-07-24T22:05:37.804529+00:00,2026-07-24T22:05:37.895000+00:00,jvm_gc_pause_seconds_sum,visits-service,10.42.1.122:8080,"{'__name__': 'jvm_gc_pause_seconds_sum', 'action': 'end of minor GC', 'cause': 'G1 Evacuation Pause', 'instance': '10.42.1.122:8080', 'job': 'spring-petclinic'}",2.029,same_network,3,300
2026-07-24T22:05:37.804529+00:00,2026-07-24T22:05:37.895000+00:00,jvm_gc_pause_seconds_sum,vets-service,10.42.1.123:8080,"{'__name__': 'jvm_gc_pause_seconds_sum', 'action': 'end of minor GC', 'cause': 'G1 Evacuation Pause', 'instance': '10.42.1.123:8080', 'job': 'spring-petclinic'}",3.229,same_network,3,300
2026-07-24T22:05:37.804529+00:00,2026-07-24T22:05:37.895000+00:00,jvm_gc_pause_seconds_sum,vets-service,10.42.1.124:8080,"{'__name__': 'jvm_gc_pause_seconds_sum', 'action': 'end of minor GC', 'cause': 'G1 Evacuation Pause', 'instance': '10.42.1.124:8080', 'job': 'spring-petclinic'}",6.396,same_network,3,300
2026-07-24T22:05:37.804529+00:00,2026-07-24T22:05:37.895000+00:00,jvm_gc_pause_seconds_sum,visits-service,10.42.1.125:8080,"{'__name__': 'jvm_gc_pause_seconds_sum', 'action': 'end of minor GC', 'cause': 'G1 Evacuation Pause', 'instance': '10.42.1.125:8080', 'job': 'spring-petclinic'}",3.062,same_network,3,300
2026-07-24T22:05:37.804529+00:00,2026-07-24T22:05:37.895000+00:00,jvm_gc_pause_seconds_sum,customers-service,10.42.1.126:8080,"{'__name__': 'jvm_gc_pause_seconds_sum', 'action': 'end of minor GC', 'cause': 'G1 Evacuation Pause', 'instance': '10.42.1.126:8080', 'job': 'spring-petclinic'}",20.859,same_network,3,300
2026-07-24T22:05:37.804529+00:00,2026-07-24T22:05:37.895000+00:00,jvm_gc_pause_seconds_sum,customers-service,10.42.1.126:8080,"{'__name__': 'jvm_gc_pause_seconds_sum', 'action': 'end of minor GC', 'cause': 'G1 Preventive Collection', 'instance': '10.42.1.126:8080', 'job': 'spring-petclinic'}",0.008,same_network,3,300
2026-07-24T22:05:37.804529+00:00,2026-07-24T22:05:37.895000+00:00,jvm_gc_pause_seconds_sum,visits-service,10.42.1.125:8080,"{'__name__': 'jvm_gc_pause_seconds_sum', 'action': 'end of minor GC', 'cause': 'GCLocker Initiated GC', 'instance': '10.42.1.125:8080', 'job': 'spring-petclinic'}",0.011,same_network,3,300
2026-07-24T22:05:37.804529+00:00,2026-07-24T22:05:37.895000+00:00,jvm_gc_pause_seconds_sum,customers-service,10.42.1.126:8080,"{'__name__': 'jvm_gc_pause_seconds_sum', 'action': 'end of minor GC', 'cause': 'GCLocker Initiated GC', 'instance': '10.42.1.126:8080', 'job': 'spring-petclinic'}",0.009,same_network,3,300
2026-07-24T22:05:37.804529+00:00,2026-07-24T22:05:37.895000+00:00,jvm_gc_pause_seconds_sum,customers-service,10.42.0.186:8080,"{'__name__': 'jvm_gc_pause_seconds_sum', 'action': 'end of minor GC', 'cause': 'Metadata GC Threshold', 'instance': '10.42.0.186:8080', 'job': 'spring-petclinic'}",0.02,same_network,3,300
2026-07-24T22:05:37.804529+00:00,2026-07-24T22:05:37.895000+00:00,jvm_gc_pause_seconds_sum,visits-service,10.42.1.122:8080,"{'__name__': 'jvm_gc_pause_seconds_sum', 'action': 'end of minor GC', 'cause': 'Metadata GC Threshold', 'instance': '10.42.1.122:8080', 'job': 'spring-petclinic'}",0.011,same_network,3,300
2026-07-24T22:05:37.804529+00:00,2026-07-24T22:05:37.895000+00:00,jvm_gc_pause_seconds_sum,vets-service,10.42.1.123:8080,"{'__name__': 'jvm_gc_pause_seconds_sum', 'action': 'end of minor GC', 'cause': 'Metadata GC Threshold', 'instance': '10.42.1.123:8080', 'job': 'spring-petclinic'}",0.021,same_network,3,300
2026-07-24T22:05:37.804529+00:00,2026-07-24T22:05:37.895000+00:00,jvm_gc_pause_seconds_sum,vets-service,10.42.1.124:8080,"{'__name__': 'jvm_gc_pause_seconds_sum', 'action': 'end of minor GC', 'cause': 'Metadata GC Threshold', 'instance': '10.42.1.124:8080', 'job': 'spring-petclinic'}",0.014,same_network,3,300
2026-07-24T22:05:37.804529+00:00,2026-07-24T22:05:37.895000+00:00,jvm_gc_pause_seconds_sum,visits-service,10.42.1.125:8080,"{'__name__': 'jvm_gc_pause_seconds_sum', 'action': 'end of minor GC', 'cause': 'Metadata GC Threshold', 'instance': '10.42.1.125:8080', 'job': 'spring-petclinic'}",0.009,same_network,3,300
2026-07-24T22:05:37.804529+00:00,2026-07-24T22:05:37.895000+00:00,jvm_gc_pause_seconds_sum,customers-service,10.42.1.126:8080,"{'__name__': 'jvm_gc_pause_seconds_sum', 'action': 'end of minor GC', 'cause': 'Metadata GC Threshold', 'instance': '10.42.1.126:8080', 'job': 'spring-petclinic'}",0.009,same_network,3,300
2026-07-24T22:05:37.804529+00:00,2026-07-24T22:05:37.903000+00:00,jvm_gc_pause_seconds_max,api-gateway,10.42.0.187:8080,"{'__name__': 'jvm_gc_pause_seconds_max', 'action': 'end of major GC', 'cause': 'Allocation Failure', 'instance': '10.42.0.187:8080', 'job': 'spring-petclinic'}",0,same_network,3,300
2026-07-24T22:05:37.804529+00:00,2026-07-24T22:05:37.903000+00:00,jvm_gc_pause_seconds_max,api-gateway,10.42.1.129:8080,"{'__name__': 'jvm_gc_pause_seconds_max', 'action': 'end of major GC', 'cause': 'Allocation Failure', 'instance': '10.42.1.129:8080', 'job': 'spring-petclinic'}",0,same_network,3,300
2026-07-24T22:05:37.804529+00:00,2026-07-24T22:05:37.903000+00:00,jvm_gc_pause_seconds_max,api-gateway,10.42.0.187:8080,"{'__name__': 'jvm_gc_pause_seconds_max', 'action': 'end of minor GC', 'cause': 'Allocation Failure', 'instance': '10.42.0.187:8080', 'job': 'spring-petclinic'}",0.027,same_network,3,300
2026-07-24T22:05:37.804529+00:00,2026-07-24T22:05:37.903000+00:00,jvm_gc_pause_seconds_max,api-gateway,10.42.1.129:8080,"{'__name__': 'jvm_gc_pause_seconds_max', 'action': 'end of minor GC', 'cause': 'Allocation Failure', 'instance': '10.42.1.129:8080', 'job': 'spring-petclinic'}",0.01,same_network,3,300
2026-07-24T22:05:37.804529+00:00,2026-07-24T22:05:37.903000+00:00,jvm_gc_pause_seconds_max,customers-service,10.42.0.186:8080,"{'__name__': 'jvm_gc_pause_seconds_max', 'action': 'end of minor GC', 'cause': 'G1 Evacuation Pause', 'instance': '10.42.0.186:8080', 'job': 'spring-petclinic'}",0.016,same_network,3,300
2026-07-24T22:05:37.804529+00:00,2026-07-24T22:05:37.903000+00:00,jvm_gc_pause_seconds_max,visits-service,10.42.1.122:8080,"{'__name__': 'jvm_gc_pause_seconds_max', 'action': 'end of minor GC', 'cause': 'G1 Evacuation Pause', 'instance': '10.42.1.122:8080', 'job': 'spring-petclinic'}",0.013,same_network,3,300
2026-07-24T22:05:37.804529+00:00,2026-07-24T22:05:37.903000+00:00,jvm_gc_pause_seconds_max,vets-service,10.42.1.123:8080,"{'__name__': 'jvm_gc_pause_seconds_max', 'action': 'end of minor GC', 'cause': 'G1 Evacuation Pause', 'instance': '10.42.1.123:8080', 'job': 'spring-petclinic'}",0.015,same_network,3,300
2026-07-24T22:05:37.804529+00:00,2026-07-24T22:05:37.903000+00:00,jvm_gc_pause_seconds_max,vets-service,10.42.1.124:8080,"{'__name__': 'jvm_gc_pause_seconds_max', 'action': 'end of minor GC', 'cause': 'G1 Evacuation Pause', 'instance': '10.42.1.124:8080', 'job': 'spring-petclinic'}",0.016,same_network,3,300
2026-07-24T22:05:37.804529+00:00,2026-07-24T22:05:37.903000+00:00,jvm_gc_pause_seconds_max,visits-service,10.42.1.125:8080,"{'__name__': 'jvm_gc_pause_seconds_max', 'action': 'end of minor GC', 'cause': 'G1 Evacuation Pause', 'instance': '10.42.1.125:8080', 'job': 'spring-petclinic'}",0.012,same_network,3,300
2026-07-24T22:05:37.804529+00:00,2026-07-24T22:05:37.903000+00:00,jvm_gc_pause_seconds_max,customers-service,10.42.1.126:8080,"{'__name__': 'jvm_gc_pause_seconds_max', 'action': 'end of minor GC', 'cause': 'G1 Evacuation Pause', 'instance': '10.42.1.126:8080', 'job': 'spring-petclinic'}",0.015,same_network,3,300
2026-07-24T22:05:37.804529+00:00,2026-07-24T22:05:37.903000+00:00,jvm_gc_pause_seconds_max,customers-service,10.42.1.126:8080,"{'__name__': 'jvm_gc_pause_seconds_max', 'action': 'end of minor GC', 'cause': 'G1 Preventive Collection', 'instance': '10.42.1.126:8080', 'job': 'spring-petclinic'}",0,same_network,3,300
2026-07-24T22:05:37.804529+00:00,2026-07-24T22:05:37.903000+00:00,jvm_gc_pause_seconds_max,visits-service,10.42.1.125:8080,"{'__name__': 'jvm_gc_pause_seconds_max', 'action': 'end of minor GC', 'cause': 'GCLocker Initiated GC', 'instance': '10.42.1.125:8080', 'job': 'spring-petclinic'}",0,same_network,3,300
2026-07-24T22:05:37.804529+00:00,2026-07-24T22:05:37.903000+00:00,jvm_gc_pause_seconds_max,customers-service,10.42.1.126:8080,"{'__name__': 'jvm_gc_pause_seconds_max', 'action': 'end of minor GC', 'cause': 'GCLocker Initiated GC', 'instance': '10.42.1.126:8080', 'job': 'spring-petclinic'}",0,same_network,3,300
2026-07-24T22:05:37.804529+00:00,2026-07-24T22:05:37.903000+00:00,jvm_gc_pause_seconds_max,customers-service,10.42.0.186:8080,"{'__name__': 'jvm_gc_pause_seconds_max', 'action': 'end of minor GC', 'cause': 'Metadata GC Threshold', 'instance': '10.42.0.186:8080', 'job': 'spring-petclinic'}",0,same_network,3,300
2026-07-24T22:05:37.804529+00:00,2026-07-24T22:05:37.903000+00:00,jvm_gc_pause_seconds_max,visits-service,10.42.1.122:8080,"{'__name__': 'jvm_gc_pause_seconds_max', 'action': 'end of minor GC', 'cause': 'Metadata GC Threshold', 'instance': '10.42.1.122:8080', 'job': 'spring-petclinic'}",0,same_network,3,300
2026-07-24T22:05:37.804529+00:00,2026-07-24T22:05:37.903000+00:00,jvm_gc_pause_seconds_max,vets-service,10.42.1.123:8080,"{'__name__': 'jvm_gc_pause_seconds_max', 'action': 'end of minor GC', 'cause': 'Metadata GC Threshold', 'instance': '10.42.1.123:8080', 'job': 'spring-petclinic'}",0,same_network,3,300
2026-07-24T22:05:37.804529+00:00,2026-07-24T22:05:37.903000+00:00,jvm_gc_pause_seconds_max,vets-service,10.42.1.124:8080,"{'__name__': 'jvm_gc_pause_seconds_max', 'action': 'end of minor GC', 'cause': 'Metadata GC Threshold', 'instance': '10.42.1.124:8080', 'job': 'spring-petclinic'}",0,same_network,3,300
2026-07-24T22:05:37.804529+00:00,2026-07-24T22:05:37.903000+00:00,jvm_gc_pause_seconds_max,visits-service,10.42.1.125:8080,"{'__name__': 'jvm_gc_pause_seconds_max', 'action': 'end of minor GC', 'cause': 'Metadata GC Threshold', 'instance': '10.42.1.125:8080', 'job': 'spring-petclinic'}",0,same_network,3,300
2026-07-24T22:05:37.804529+00:00,2026-07-24T22:05:37.903000+00:00,jvm_gc_pause_seconds_max,customers-service,10.42.1.126:8080,"{'__name__': 'jvm_gc_pause_seconds_max', 'action': 'end of minor GC', 'cause': 'Metadata GC Threshold', 'instance': '10.42.1.126:8080', 'job': 'spring-petclinic'}",0,same_network,3,300
2026-07-24T22:05:37.804529+00:00,2026-07-24T22:05:37.908000+00:00,jvm_buffer_count_buffers,customers-service,10.42.0.186:8080,"{'__name__': 'jvm_buffer_count_buffers', 'id': 'direct', 'instance': '10.42.0.186:8080', 'job': 'spring-petclinic'}",199,same_network,3,300
2026-07-24T22:05:37.804529+00:00,2026-07-24T22:05:37.908000+00:00,jvm_buffer_count_buffers,api-gateway,10.42.0.187:8080,"{'__name__': 'jvm_buffer_count_buffers', 'id': 'direct', 'instance': '10.42.0.187:8080', 'job': 'spring-petclinic'}",31,same_network,3,300
2026-07-24T22:05:37.804529+00:00,2026-07-24T22:05:37.908000+00:00,jvm_buffer_count_buffers,visits-service,10.42.1.122:8080,"{'__name__': 'jvm_buffer_count_buffers', 'id': 'direct', 'instance': '10.42.1.122:8080', 'job': 'spring-petclinic'}",20,same_network,3,300
2026-07-24T22:05:37.804529+00:00,2026-07-24T22:05:37.908000+00:00,jvm_buffer_count_buffers,vets-service,10.42.1.123:8080,"{'__name__': 'jvm_buffer_count_buffers', 'id': 'direct', 'instance': '10.42.1.123:8080', 'job': 'spring-petclinic'}",98,same_network,3,300
2026-07-24T22:05:37.804529+00:00,2026-07-24T22:05:37.908000+00:00,jvm_buffer_count_buffers,vets-service,10.42.1.124:8080,"{'__name__': 'jvm_buffer_count_buffers', 'id': 'direct', 'instance': '10.42.1.124:8080', 'job': 'spring-petclinic'}",79,same_network,3,300
2026-07-24T22:05:37.804529+00:00,2026-07-24T22:05:37.908000+00:00,jvm_buffer_count_buffers,visits-service,10.42.1.125:8080,"{'__name__': 'jvm_buffer_count_buffers', 'id': 'direct', 'instance': '10.42.1.125:8080', 'job': 'spring-petclinic'}",23,same_network,3,300
2026-07-24T22:05:37.804529+00:00,2026-07-24T22:05:37.908000+00:00,jvm_buffer_count_buffers,customers-service,10.42.1.126:8080,"{'__name__': 'jvm_buffer_count_buffers', 'id': 'direct', 'instance': '10.42.1.126:8080', 'job': 'spring-petclinic'}",201,same_network,3,300
2026-07-24T22:05:37.804529+00:00,2026-07-24T22:05:37.908000+00:00,jvm_buffer_count_buffers,api-gateway,10.42.1.129:8080,"{'__name__': 'jvm_buffer_count_buffers', 'id': 'direct', 'instance': '10.42.1.129:8080', 'job': 'spring-petclinic'}",30,same_network,3,300
2026-07-24T22:05:37.804529+00:00,2026-07-24T22:05:37.908000+00:00,jvm_buffer_count_buffers,customers-service,10.42.0.186:8080,"{'__name__': 'jvm_buffer_count_buffers', 'id': 'mapped', 'instance': '10.42.0.186:8080', 'job': 'spring-petclinic'}",0,same_network,3,300
2026-07-24T22:05:37.804529+00:00,2026-07-24T22:05:37.908000+00:00,jvm_buffer_count_buffers,api-gateway,10.42.0.187:8080,"{'__name__': 'jvm_buffer_count_buffers', 'id': 'mapped', 'instance': '10.42.0.187:8080', 'job': 'spring-petclinic'}",0,same_network,3,300
2026-07-24T22:05:37.804529+00:00,2026-07-24T22:05:37.908000+00:00,jvm_buffer_count_buffers,visits-service,10.42.1.122:8080,"{'__name__': 'jvm_buffer_count_buffers', 'id': 'mapped', 'instance': '10.42.1.122:8080', 'job': 'spring-petclinic'}",0,same_network,3,300
2026-07-24T22:05:37.804529+00:00,2026-07-24T22:05:37.908000+00:00,jvm_buffer_count_buffers,vets-service,10.42.1.123:8080,"{'__name__': 'jvm_buffer_count_buffers', 'id': 'mapped', 'instance': '10.42.1.123:8080', 'job': 'spring-petclinic'}",0,same_network,3,300
2026-07-24T22:05:37.804529+00:00,2026-07-24T22:05:37.908000+00:00,jvm_buffer_count_buffers,vets-service,10.42.1.124:8080,"{'__name__': 'jvm_buffer_count_buffers', 'id': 'mapped', 'instance': '10.42.1.124:8080', 'job': 'spring-petclinic'}",0,same_network,3,300
2026-07-24T22:05:37.804529+00:00,2026-07-24T22:05:37.908000+00:00,jvm_buffer_count_buffers,visits-service,10.42.1.125:8080,"{'__name__': 'jvm_buffer_count_buffers', 'id': 'mapped', 'instance': '10.42.1.125:8080', 'job': 'spring-petclinic'}",0,same_network,3,300
2026-07-24T22:05:37.804529+00:00,2026-07-24T22:05:37.908000+00:00,jvm_buffer_count_buffers,customers-service,10.42.1.126:8080,"{'__name__': 'jvm_buffer_count_buffers', 'id': 'mapped', 'instance': '10.42.1.126:8080', 'job': 'spring-petclinic'}",0,same_network,3,300
2026-07-24T22:05:37.804529+00:00,2026-07-24T22:05:37.908000+00:00,jvm_buffer_count_buffers,api-gateway,10.42.1.129:8080,"{'__name__': 'jvm_buffer_count_buffers', 'id': 'mapped', 'instance': '10.42.1.129:8080', 'job': 'spring-petclinic'}",0,same_network,3,300
2026-07-24T22:05:37.804529+00:00,2026-07-24T22:05:37.908000+00:00,jvm_buffer_count_buffers,customers-service,10.42.0.186:8080,"{'__name__': 'jvm_buffer_count_buffers', 'id': ""mapped - 'non-volatile memory'"", 'instance': '10.42.0.186:8080', 'job': 'spring-petclinic'}",0,same_network,3,300
2026-07-24T22:05:37.804529+00:00,2026-07-24T22:05:37.908000+00:00,jvm_buffer_count_buffers,api-gateway,10.42.0.187:8080,"{'__name__': 'jvm_buffer_count_buffers', 'id': ""mapped - 'non-volatile memory'"", 'instance': '10.42.0.187:8080', 'job': 'spring-petclinic'}",0,same_network,3,300
2026-07-24T22:05:37.804529+00:00,2026-07-24T22:05:37.908000+00:00,jvm_buffer_count_buffers,visits-service,10.42.1.122:8080,"{'__name__': 'jvm_buffer_count_buffers', 'id': ""mapped - 'non-volatile memory'"", 'instance': '10.42.1.122:8080', 'job': 'spring-petclinic'}",0,same_network,3,300
2026-07-24T22:05:37.804529+00:00,2026-07-24T22:05:37.908000+00:00,jvm_buffer_count_buffers,vets-service,10.42.1.123:8080,"{'__name__': 'jvm_buffer_count_buffers', 'id': ""mapped - 'non-volatile memory'"", 'instance': '10.42.1.123:8080', 'job': 'spring-petclinic'}",0,same_network,3,300
2026-07-24T22:05:37.804529+00:00,2026-07-24T22:05:37.908000+00:00,jvm_buffer_count_buffers,vets-service,10.42.1.124:8080,"{'__name__': 'jvm_buffer_count_buffers', 'id': ""mapped - 'non-volatile memory'"", 'instance': '10.42.1.124:8080', 'job': 'spring-petclinic'}",0,same_network,3,300
2026-07-24T22:05:37.804529+00:00,2026-07-24T22:05:37.908000+00:00,jvm_buffer_count_buffers,visits-service,10.42.1.125:8080,"{'__name__': 'jvm_buffer_count_buffers', 'id': ""mapped - 'non-volatile memory'"", 'instance': '10.42.1.125:8080', 'job': 'spring-petclinic'}",0,same_network,3,300
2026-07-24T22:05:37.804529+00:00,2026-07-24T22:05:37.908000+00:00,jvm_buffer_count_buffers,customers-service,10.42.1.126:8080,"{'__name__': 'jvm_buffer_count_buffers', 'id': ""mapped - 'non-volatile memory'"", 'instance': '10.42.1.126:8080', 'job': 'spring-petclinic'}",0,same_network,3,300
2026-07-24T22:05:37.804529+00:00,2026-07-24T22:05:37.908000+00:00,jvm_buffer_count_buffers,api-gateway,10.42.1.129:8080,"{'__name__': 'jvm_buffer_count_buffers', 'id': ""mapped - 'non-volatile memory'"", 'instance': '10.42.1.129:8080', 'job': 'spring-petclinic'}",0,same_network,3,300
2026-07-24T22:05:37.804529+00:00,2026-07-24T22:05:37.913000+00:00,jvm_buffer_memory_used_bytes,customers-service,10.42.0.186:8080,"{'__name__': 'jvm_buffer_memory_used_bytes', 'id': 'direct', 'instance': '10.42.0.186:8080', 'job': 'spring-petclinic'}",1715306,same_network,3,300
2026-07-24T22:05:37.804529+00:00,2026-07-24T22:05:37.913000+00:00,jvm_buffer_memory_used_bytes,api-gateway,10.42.0.187:8080,"{'__name__': 'jvm_buffer_memory_used_bytes', 'id': 'direct', 'instance': '10.42.0.187:8080', 'job': 'spring-petclinic'}",34260529,same_network,3,300
2026-07-24T22:05:37.804529+00:00,2026-07-24T22:05:37.913000+00:00,jvm_buffer_memory_used_bytes,visits-service,10.42.1.122:8080,"{'__name__': 'jvm_buffer_memory_used_bytes', 'id': 'direct', 'instance': '10.42.1.122:8080', 'job': 'spring-petclinic'}",220377,same_network,3,300
2026-07-24T22:05:37.804529+00:00,2026-07-24T22:05:37.913000+00:00,jvm_buffer_memory_used_bytes,vets-service,10.42.1.123:8080,"{'__name__': 'jvm_buffer_memory_used_bytes', 'id': 'direct', 'instance': '10.42.1.123:8080', 'job': 'spring-petclinic'}",894511,same_network,3,300
2026-07-24T22:05:37.804529+00:00,2026-07-24T22:05:37.913000+00:00,jvm_buffer_memory_used_bytes,vets-service,10.42.1.124:8080,"{'__name__': 'jvm_buffer_memory_used_bytes', 'id': 'direct', 'instance': '10.42.1.124:8080', 'job': 'spring-petclinic'}",732132,same_network,3,300
2026-07-24T22:05:37.804529+00:00,2026-07-24T22:05:37.913000+00:00,jvm_buffer_memory_used_bytes,visits-service,10.42.1.125:8080,"{'__name__': 'jvm_buffer_memory_used_bytes', 'id': 'direct', 'instance': '10.42.1.125:8080', 'job': 'spring-petclinic'}",237182,same_network,3,300
2026-07-24T22:05:37.804529+00:00,2026-07-24T22:05:37.913000+00:00,jvm_buffer_memory_used_bytes,customers-service,10.42.1.126:8080,"{'__name__': 'jvm_buffer_memory_used_bytes', 'id': 'direct', 'instance': '10.42.1.126:8080', 'job': 'spring-petclinic'}",1731694,same_network,3,300
2026-07-24T22:05:37.804529+00:00,2026-07-24T22:05:37.913000+00:00,jvm_buffer_memory_used_bytes,api-gateway,10.42.1.129:8080,"{'__name__': 'jvm_buffer_memory_used_bytes', 'id': 'direct', 'instance': '10.42.1.129:8080', 'job': 'spring-petclinic'}",34222109,same_network,3,300
2026-07-24T22:05:37.804529+00:00,2026-07-24T22:05:37.913000+00:00,jvm_buffer_memory_used_bytes,customers-service,10.42.0.186:8080,"{'__name__': 'jvm_buffer_memory_used_bytes', 'id': 'mapped', 'instance': '10.42.0.186:8080', 'job': 'spring-petclinic'}",0,same_network,3,300
2026-07-24T22:05:37.804529+00:00,2026-07-24T22:05:37.913000+00:00,jvm_buffer_memory_used_bytes,api-gateway,10.42.0.187:8080,"{'__name__': 'jvm_buffer_memory_used_bytes', 'id': 'mapped', 'instance': '10.42.0.187:8080', 'job': 'spring-petclinic'}",0,same_network,3,300
2026-07-24T22:05:37.804529+00:00,2026-07-24T22:05:37.913000+00:00,jvm_buffer_memory_used_bytes,visits-service,10.42.1.122:8080,"{'__name__': 'jvm_buffer_memory_used_bytes', 'id': 'mapped', 'instance': '10.42.1.122:8080', 'job': 'spring-petclinic'}",0,same_network,3,300
2026-07-24T22:05:37.804529+00:00,2026-07-24T22:05:37.913000+00:00,jvm_buffer_memory_used_bytes,vets-service,10.42.1.123:8080,"{'__name__': 'jvm_buffer_memory_used_bytes', 'id': 'mapped', 'instance': '10.42.1.123:8080', 'job': 'spring-petclinic'}",0,same_network,3,300
2026-07-24T22:05:37.804529+00:00,2026-07-24T22:05:37.913000+00:00,jvm_buffer_memory_used_bytes,vets-service,10.42.1.124:8080,"{'__name__': 'jvm_buffer_memory_used_bytes', 'id': 'mapped', 'instance': '10.42.1.124:8080', 'job': 'spring-petclinic'}",0,same_network,3,300
2026-07-24T22:05:37.804529+00:00,2026-07-24T22:05:37.913000+00:00,jvm_buffer_memory_used_bytes,visits-service,10.42.1.125:8080,"{'__name__': 'jvm_buffer_memory_used_bytes', 'id': 'mapped', 'instance': '10.42.1.125:8080', 'job': 'spring-petclinic'}",0,same_network,3,300
2026-07-24T22:05:37.804529+00:00,2026-07-24T22:05:37.913000+00:00,jvm_buffer_memory_used_bytes,customers-service,10.42.1.126:8080,"{'__name__': 'jvm_buffer_memory_used_bytes', 'id': 'mapped', 'instance': '10.42.1.126:8080', 'job': 'spring-petclinic'}",0,same_network,3,300
2026-07-24T22:05:37.804529+00:00,2026-07-24T22:05:37.913000+00:00,jvm_buffer_memory_used_bytes,api-gateway,10.42.1.129:8080,"{'__name__': 'jvm_buffer_memory_used_bytes', 'id': 'mapped', 'instance': '10.42.1.129:8080', 'job': 'spring-petclinic'}",0,same_network,3,300
2026-07-24T22:05:37.804529+00:00,2026-07-24T22:05:37.913000+00:00,jvm_buffer_memory_used_bytes,customers-service,10.42.0.186:8080,"{'__name__': 'jvm_buffer_memory_used_bytes', 'id': ""mapped - 'non-volatile memory'"", 'instance': '10.42.0.186:8080', 'job': 'spring-petclinic'}",0,same_network,3,300
2026-07-24T22:05:37.804529+00:00,2026-07-24T22:05:37.913000+00:00,jvm_buffer_memory_used_bytes,api-gateway,10.42.0.187:8080,"{'__name__': 'jvm_buffer_memory_used_bytes', 'id': ""mapped - 'non-volatile memory'"", 'instance': '10.42.0.187:8080', 'job': 'spring-petclinic'}",0,same_network,3,300
2026-07-24T22:05:37.804529+00:00,2026-07-24T22:05:37.913000+00:00,jvm_buffer_memory_used_bytes,visits-service,10.42.1.122:8080,"{'__name__': 'jvm_buffer_memory_used_bytes', 'id': ""mapped - 'non-volatile memory'"", 'instance': '10.42.1.122:8080', 'job': 'spring-petclinic'}",0,same_network,3,300
2026-07-24T22:05:37.804529+00:00,2026-07-24T22:05:37.913000+00:00,jvm_buffer_memory_used_bytes,vets-service,10.42.1.123:8080,"{'__name__': 'jvm_buffer_memory_used_bytes', 'id': ""mapped - 'non-volatile memory'"", 'instance': '10.42.1.123:8080', 'job': 'spring-petclinic'}",0,same_network,3,300
2026-07-24T22:05:37.804529+00:00,2026-07-24T22:05:37.913000+00:00,jvm_buffer_memory_used_bytes,vets-service,10.42.1.124:8080,"{'__name__': 'jvm_buffer_memory_used_bytes', 'id': ""mapped - 'non-volatile memory'"", 'instance': '10.42.1.124:8080', 'job': 'spring-petclinic'}",0,same_network,3,300
2026-07-24T22:05:37.804529+00:00,2026-07-24T22:05:37.913000+00:00,jvm_buffer_memory_used_bytes,visits-service,10.42.1.125:8080,"{'__name__': 'jvm_buffer_memory_used_bytes', 'id': ""mapped - 'non-volatile memory'"", 'instance': '10.42.1.125:8080', 'job': 'spring-petclinic'}",0,same_network,3,300
2026-07-24T22:05:37.804529+00:00,2026-07-24T22:05:37.913000+00:00,jvm_buffer_memory_used_bytes,customers-service,10.42.1.126:8080,"{'__name__': 'jvm_buffer_memory_used_bytes', 'id': ""mapped - 'non-volatile memory'"", 'instance': '10.42.1.126:8080', 'job': 'spring-petclinic'}",0,same_network,3,300
2026-07-24T22:05:37.804529+00:00,2026-07-24T22:05:37.913000+00:00,jvm_buffer_memory_used_bytes,api-gateway,10.42.1.129:8080,"{'__name__': 'jvm_buffer_memory_used_bytes', 'id': ""mapped - 'non-volatile memory'"", 'instance': '10.42.1.129:8080', 'job': 'spring-petclinic'}",0,same_network,3,300
2026-07-24T22:05:37.804529+00:00,2026-07-24T22:05:37.919000+00:00,jvm_buffer_total_capacity_bytes,customers-service,10.42.0.186:8080,"{'__name__': 'jvm_buffer_total_capacity_bytes', 'id': 'direct', 'instance': '10.42.0.186:8080', 'job': 'spring-petclinic'}",1715306,same_network,3,300
2026-07-24T22:05:37.804529+00:00,2026-07-24T22:05:37.919000+00:00,jvm_buffer_total_capacity_bytes,api-gateway,10.42.0.187:8080,"{'__name__': 'jvm_buffer_total_capacity_bytes', 'id': 'direct', 'instance': '10.42.0.187:8080', 'job': 'spring-petclinic'}",34260528,same_network,3,300
2026-07-24T22:05:37.804529+00:00,2026-07-24T22:05:37.919000+00:00,jvm_buffer_total_capacity_bytes,visits-service,10.42.1.122:8080,"{'__name__': 'jvm_buffer_total_capacity_bytes', 'id': 'direct', 'instance': '10.42.1.122:8080', 'job': 'spring-petclinic'}",220377,same_network,3,300
2026-07-24T22:05:37.804529+00:00,2026-07-24T22:05:37.919000+00:00,jvm_buffer_total_capacity_bytes,vets-service,10.42.1.123:8080,"{'__name__': 'jvm_buffer_total_capacity_bytes', 'id': 'direct', 'instance': '10.42.1.123:8080', 'job': 'spring-petclinic'}",894511,same_network,3,300
2026-07-24T22:05:37.804529+00:00,2026-07-24T22:05:37.919000+00:00,jvm_buffer_total_capacity_bytes,vets-service,10.42.1.124:8080,"{'__name__': 'jvm_buffer_total_capacity_bytes', 'id': 'direct', 'instance': '10.42.1.124:8080', 'job': 'spring-petclinic'}",732132,same_network,3,300
2026-07-24T22:05:37.804529+00:00,2026-07-24T22:05:37.919000+00:00,jvm_buffer_total_capacity_bytes,visits-service,10.42.1.125:8080,"{'__name__': 'jvm_buffer_total_capacity_bytes', 'id': 'direct', 'instance': '10.42.1.125:8080', 'job': 'spring-petclinic'}",237182,same_network,3,300
2026-07-24T22:05:37.804529+00:00,2026-07-24T22:05:37.919000+00:00,jvm_buffer_total_capacity_bytes,customers-service,10.42.1.126:8080,"{'__name__': 'jvm_buffer_total_capacity_bytes', 'id': 'direct', 'instance': '10.42.1.126:8080', 'job': 'spring-petclinic'}",1731694,same_network,3,300
2026-07-24T22:05:37.804529+00:00,2026-07-24T22:05:37.919000+00:00,jvm_buffer_total_capacity_bytes,api-gateway,10.42.1.129:8080,"{'__name__': 'jvm_buffer_total_capacity_bytes', 'id': 'direct', 'instance': '10.42.1.129:8080', 'job': 'spring-petclinic'}",34222108,same_network,3,300
2026-07-24T22:05:37.804529+00:00,2026-07-24T22:05:37.919000+00:00,jvm_buffer_total_capacity_bytes,customers-service,10.42.0.186:8080,"{'__name__': 'jvm_buffer_total_capacity_bytes', 'id': 'mapped', 'instance': '10.42.0.186:8080', 'job': 'spring-petclinic'}",0,same_network,3,300
2026-07-24T22:05:37.804529+00:00,2026-07-24T22:05:37.919000+00:00,jvm_buffer_total_capacity_bytes,api-gateway,10.42.0.187:8080,"{'__name__': 'jvm_buffer_total_capacity_bytes', 'id': 'mapped', 'instance': '10.42.0.187:8080', 'job': 'spring-petclinic'}",0,same_network,3,300
2026-07-24T22:05:37.804529+00:00,2026-07-24T22:05:37.919000+00:00,jvm_buffer_total_capacity_bytes,visits-service,10.42.1.122:8080,"{'__name__': 'jvm_buffer_total_capacity_bytes', 'id': 'mapped', 'instance': '10.42.1.122:8080', 'job': 'spring-petclinic'}",0,same_network,3,300
2026-07-24T22:05:37.804529+00:00,2026-07-24T22:05:37.919000+00:00,jvm_buffer_total_capacity_bytes,vets-service,10.42.1.123:8080,"{'__name__': 'jvm_buffer_total_capacity_bytes', 'id': 'mapped', 'instance': '10.42.1.123:8080', 'job': 'spring-petclinic'}",0,same_network,3,300
2026-07-24T22:05:37.804529+00:00,2026-07-24T22:05:37.919000+00:00,jvm_buffer_total_capacity_bytes,vets-service,10.42.1.124:8080,"{'__name__': 'jvm_buffer_total_capacity_bytes', 'id': 'mapped', 'instance': '10.42.1.124:8080', 'job': 'spring-petclinic'}",0,same_network,3,300
2026-07-24T22:05:37.804529+00:00,2026-07-24T22:05:37.919000+00:00,jvm_buffer_total_capacity_bytes,visits-service,10.42.1.125:8080,"{'__name__': 'jvm_buffer_total_capacity_bytes', 'id': 'mapped', 'instance': '10.42.1.125:8080', 'job': 'spring-petclinic'}",0,same_network,3,300
2026-07-24T22:05:37.804529+00:00,2026-07-24T22:05:37.919000+00:00,jvm_buffer_total_capacity_bytes,customers-service,10.42.1.126:8080,"{'__name__': 'jvm_buffer_total_capacity_bytes', 'id': 'mapped', 'instance': '10.42.1.126:8080', 'job': 'spring-petclinic'}",0,same_network,3,300
2026-07-24T22:05:37.804529+00:00,2026-07-24T22:05:37.919000+00:00,jvm_buffer_total_capacity_bytes,api-gateway,10.42.1.129:8080,"{'__name__': 'jvm_buffer_total_capacity_bytes', 'id': 'mapped', 'instance': '10.42.1.129:8080', 'job': 'spring-petclinic'}",0,same_network,3,300
2026-07-24T22:05:37.804529+00:00,2026-07-24T22:05:37.919000+00:00,jvm_buffer_total_capacity_bytes,customers-service,10.42.0.186:8080,"{'__name__': 'jvm_buffer_total_capacity_bytes', 'id': ""mapped - 'non-volatile memory'"", 'instance': '10.42.0.186:8080', 'job': 'spring-petclinic'}",0,same_network,3,300
2026-07-24T22:05:37.804529+00:00,2026-07-24T22:05:37.919000+00:00,jvm_buffer_total_capacity_bytes,api-gateway,10.42.0.187:8080,"{'__name__': 'jvm_buffer_total_capacity_bytes', 'id': ""mapped - 'non-volatile memory'"", 'instance': '10.42.0.187:8080', 'job': 'spring-petclinic'}",0,same_network,3,300
2026-07-24T22:05:37.804529+00:00,2026-07-24T22:05:37.919000+00:00,jvm_buffer_total_capacity_bytes,visits-service,10.42.1.122:8080,"{'__name__': 'jvm_buffer_total_capacity_bytes', 'id': ""mapped - 'non-volatile memory'"", 'instance': '10.42.1.122:8080', 'job': 'spring-petclinic'}",0,same_network,3,300
2026-07-24T22:05:37.804529+00:00,2026-07-24T22:05:37.919000+00:00,jvm_buffer_total_capacity_bytes,vets-service,10.42.1.123:8080,"{'__name__': 'jvm_buffer_total_capacity_bytes', 'id': ""mapped - 'non-volatile memory'"", 'instance': '10.42.1.123:8080', 'job': 'spring-petclinic'}",0,same_network,3,300
2026-07-24T22:05:37.804529+00:00,2026-07-24T22:05:37.919000+00:00,jvm_buffer_total_capacity_bytes,vets-service,10.42.1.124:8080,"{'__name__': 'jvm_buffer_total_capacity_bytes', 'id': ""mapped - 'non-volatile memory'"", 'instance': '10.42.1.124:8080', 'job': 'spring-petclinic'}",0,same_network,3,300
2026-07-24T22:05:37.804529+00:00,2026-07-24T22:05:37.919000+00:00,jvm_buffer_total_capacity_bytes,visits-service,10.42.1.125:8080,"{'__name__': 'jvm_buffer_total_capacity_bytes', 'id': ""mapped - 'non-volatile memory'"", 'instance': '10.42.1.125:8080', 'job': 'spring-petclinic'}",0,same_network,3,300
2026-07-24T22:05:37.804529+00:00,2026-07-24T22:05:37.919000+00:00,jvm_buffer_total_capacity_bytes,customers-service,10.42.1.126:8080,"{'__name__': 'jvm_buffer_total_capacity_bytes', 'id': ""mapped - 'non-volatile memory'"", 'instance': '10.42.1.126:8080', 'job': 'spring-petclinic'}",0,same_network,3,300
2026-07-24T22:05:37.804529+00:00,2026-07-24T22:05:37.919000+00:00,jvm_buffer_total_capacity_bytes,api-gateway,10.42.1.129:8080,"{'__name__': 'jvm_buffer_total_capacity_bytes', 'id': ""mapped - 'non-volatile memory'"", 'instance': '10.42.1.129:8080', 'job': 'spring-petclinic'}",0,same_network,3,300
2026-07-24T22:05:37.804529+00:00,2026-07-24T22:05:37.926000+00:00,http_server_requests_seconds_count,api-gateway,10.42.0.187:8080,"{'__name__': 'http_server_requests_seconds_count', 'exception': 'AbortedException', 'instance': '10.42.0.187:8080', 'job': 'spring-petclinic', 'method': 'GET', 'outcome': 'UNKNOWN', 'status': '200', 'uri': 'UNKNOWN'}",380,same_network,3,300
2026-07-24T22:05:37.804529+00:00,2026-07-24T22:05:37.926000+00:00,http_server_requests_seconds_count,api-gateway,10.42.0.187:8080,"{'__name__': 'http_server_requests_seconds_count', 'exception': 'AbortedException', 'instance': '10.42.0.187:8080', 'job': 'spring-petclinic', 'method': 'GET', 'outcome': 'UNKNOWN', 'status': '500', 'uri': 'UNKNOWN'}",1,same_network,3,300
2026-07-24T22:05:37.804529+00:00,2026-07-24T22:05:37.926000+00:00,http_server_requests_seconds_count,api-gateway,10.42.0.187:8080,"{'__name__': 'http_server_requests_seconds_count', 'exception': 'AnnotatedConnectException', 'instance': '10.42.0.187:8080', 'job': 'spring-petclinic', 'method': 'GET', 'outcome': 'SERVER_ERROR', 'status': '500', 'uri': 'UNKNOWN'}",48,same_network,3,300
2026-07-24T22:05:37.804529+00:00,2026-07-24T22:05:37.926000+00:00,http_server_requests_seconds_count,api-gateway,10.42.0.187:8080,"{'__name__': 'http_server_requests_seconds_count', 'exception': 'CancelledServerWebExchangeException', 'instance': '10.42.0.187:8080', 'job': 'spring-petclinic', 'method': 'GET', 'outcome': 'UNKNOWN', 'status': '200', 'uri': '/actuator/health/{*path}'}",4,same_network,3,300
2026-07-24T22:05:37.804529+00:00,2026-07-24T22:05:37.926000+00:00,http_server_requests_seconds_count,api-gateway,10.42.0.187:8080,"{'__name__': 'http_server_requests_seconds_count', 'exception': 'CancelledServerWebExchangeException', 'instance': '10.42.0.187:8080', 'job': 'spring-petclinic', 'method': 'GET', 'outcome': 'UNKNOWN', 'status': '200', 'uri': '/actuator/prometheus'}",2,same_network,3,300
2026-07-24T22:05:37.804529+00:00,2026-07-24T22:05:37.926000+00:00,http_server_requests_seconds_count,api-gateway,10.42.0.187:8080,"{'__name__': 'http_server_requests_seconds_count', 'exception': 'CancelledServerWebExchangeException', 'instance': '10.42.0.187:8080', 'job': 'spring-petclinic', 'method': 'GET', 'outcome': 'UNKNOWN', 'status': '200', 'uri': 'UNKNOWN'}",29684,same_network,3,300
2026-07-24T22:05:37.804529+00:00,2026-07-24T22:05:37.926000+00:00,http_server_requests_seconds_count,api-gateway,10.42.1.129:8080,"{'__name__': 'http_server_requests_seconds_count', 'exception': 'CancelledServerWebExchangeException', 'instance': '10.42.1.129:8080', 'job': 'spring-petclinic', 'method': 'GET', 'outcome': 'UNKNOWN', 'status': '200', 'uri': 'UNKNOWN'}",1,same_network,3,300
2026-07-24T22:05:37.804529+00:00,2026-07-24T22:05:37.926000+00:00,http_server_requests_seconds_count,customers-service,10.42.0.186:8080,"{'__name__': 'http_server_requests_seconds_count', 'exception': 'ClientAbortException', 'instance': '10.42.0.186:8080', 'job': 'spring-petclinic', 'method': 'GET', 'outcome': 'SUCCESS', 'status': '200', 'uri': '/actuator/prometheus'}",6,same_network,3,300
2026-07-24T22:05:37.804529+00:00,2026-07-24T22:05:37.926000+00:00,http_server_requests_seconds_count,api-gateway,10.42.0.187:8080,"{'__name__': 'http_server_requests_seconds_count', 'exception': 'IOException', 'instance': '10.42.0.187:8080', 'job': 'spring-petclinic', 'method': 'GET', 'outcome': 'SERVER_ERROR', 'status': '500', 'uri': 'UNKNOWN'}",1,same_network,3,300
2026-07-24T22:05:37.804529+00:00,2026-07-24T22:05:37.926000+00:00,http_server_requests_seconds_count,customers-service,10.42.0.186:8080,"{'__name__': 'http_server_requests_seconds_count', 'exception': 'None', 'instance': '10.42.0.186:8080', 'job': 'spring-petclinic', 'method': 'GET', 'outcome': 'SUCCESS', 'status': '200', 'uri': '/actuator/health/**'}",1509,same_network,3,300
2026-07-24T22:05:37.804529+00:00,2026-07-24T22:05:37.926000+00:00,http_server_requests_seconds_count,customers-service,10.42.0.186:8080,"{'__name__': 'http_server_requests_seconds_count', 'exception': 'None', 'instance': '10.42.0.186:8080', 'job': 'spring-petclinic', 'method': 'GET', 'outcome': 'SUCCESS', 'status': '200', 'uri': '/actuator/prometheus'}",866,same_network,3,300
2026-07-24T22:05:37.804529+00:00,2026-07-24T22:05:37.926000+00:00,http_server_requests_seconds_count,api-gateway,10.42.0.187:8080,"{'__name__': 'http_server_requests_seconds_count', 'exception': 'None', 'instance': '10.42.0.187:8080', 'job': 'spring-petclinic', 'method': 'GET', 'outcome': 'SUCCESS', 'status': '200', 'uri': '/actuator/health/{*path}'}",1520,same_network,3,300
2026-07-24T22:05:37.804529+00:00,2026-07-24T22:05:37.926000+00:00,http_server_requests_seconds_count,api-gateway,10.42.0.187:8080,"{'__name__': 'http_server_requests_seconds_count', 'exception': 'None', 'instance': '10.42.0.187:8080', 'job': 'spring-petclinic', 'method': 'GET', 'outcome': 'SUCCESS', 'status': '200', 'uri': '/actuator/prometheus'}",870,same_network,3,300
2026-07-24T22:05:37.804529+00:00,2026-07-24T22:05:37.926000+00:00,http_server_requests_seconds_count,api-gateway,10.42.0.187:8080,"{'__name__': 'http_server_requests_seconds_count', 'exception': 'None', 'instance': '10.42.0.187:8080', 'job': 'spring-petclinic', 'method': 'GET', 'outcome': 'SUCCESS', 'status': '200', 'uri': 'UNKNOWN'}",2304725,same_network,3,300
2026-07-24T22:05:37.804529+00:00,2026-07-24T22:05:37.926000+00:00,http_server_requests_seconds_count,visits-service,10.42.1.122:8080,"{'__name__': 'http_server_requests_seconds_count', 'exception': 'None', 'instance': '10.42.1.122:8080', 'job': 'spring-petclinic', 'method': 'GET', 'outcome': 'SUCCESS', 'status': '200', 'uri': '/actuator/health/**'}",1996,same_network,3,300
2026-07-24T22:05:37.804529+00:00,2026-07-24T22:05:37.926000+00:00,http_server_requests_seconds_count,visits-service,10.42.1.122:8080,"{'__name__': 'http_server_requests_seconds_count', 'exception': 'None', 'instance': '10.42.1.122:8080', 'job': 'spring-petclinic', 'method': 'GET', 'outcome': 'SUCCESS', 'status': '200', 'uri': '/actuator/prometheus'}",865,same_network,3,300
2026-07-24T22:05:37.804529+00:00,2026-07-24T22:05:37.926000+00:00,http_server_requests_seconds_count,vets-service,10.42.1.123:8080,"{'__name__': 'http_server_requests_seconds_count', 'exception': 'None', 'instance': '10.42.1.123:8080', 'job': 'spring-petclinic', 'method': 'GET', 'outcome': 'SUCCESS', 'status': '200', 'uri': '/actuator/health/**'}",1997,same_network,3,300
2026-07-24T22:05:37.804529+00:00,2026-07-24T22:05:37.926000+00:00,http_server_requests_seconds_count,vets-service,10.42.1.123:8080,"{'__name__': 'http_server_requests_seconds_count', 'exception': 'None', 'instance': '10.42.1.123:8080', 'job': 'spring-petclinic', 'method': 'GET', 'outcome': 'SUCCESS', 'status': '200', 'uri': '/actuator/prometheus'}",865,same_network,3,300
2026-07-24T22:05:37.804529+00:00,2026-07-24T22:05:37.926000+00:00,http_server_requests_seconds_count,vets-service,10.42.1.123:8080,"{'__name__': 'http_server_requests_seconds_count', 'exception': 'None', 'instance': '10.42.1.123:8080', 'job': 'spring-petclinic', 'method': 'GET', 'outcome': 'SUCCESS', 'status': '200', 'uri': '/vets'}",295681,same_network,3,300
2026-07-24T22:05:37.804529+00:00,2026-07-24T22:05:37.926000+00:00,http_server_requests_seconds_count,vets-service,10.42.1.124:8080,"{'__name__': 'http_server_requests_seconds_count', 'exception': 'None', 'instance': '10.42.1.124:8080', 'job': 'spring-petclinic', 'method': 'GET', 'outcome': 'SUCCESS', 'status': '200', 'uri': '/actuator/health/**'}",1982,same_network,3,300
2026-07-24T22:05:37.804529+00:00,2026-07-24T22:05:37.926000+00:00,http_server_requests_seconds_count,vets-service,10.42.1.124:8080,"{'__name__': 'http_server_requests_seconds_count', 'exception': 'None', 'instance': '10.42.1.124:8080', 'job': 'spring-petclinic', 'method': 'GET', 'outcome': 'SUCCESS', 'status': '200', 'uri': '/actuator/prometheus'}",858,same_network,3,300
2026-07-24T22:05:37.804529+00:00,2026-07-24T22:05:37.926000+00:00,http_server_requests_seconds_count,vets-service,10.42.1.124:8080,"{'__name__': 'http_server_requests_seconds_count', 'exception': 'None', 'instance': '10.42.1.124:8080', 'job': 'spring-petclinic', 'method': 'GET', 'outcome': 'SUCCESS', 'status': '200', 'uri': '/vets'}",299973,same_network,3,300
2026-07-24T22:05:37.804529+00:00,2026-07-24T22:05:37.926000+00:00,http_server_requests_seconds_count,visits-service,10.42.1.125:8080,"{'__name__': 'http_server_requests_seconds_count', 'exception': 'None', 'instance': '10.42.1.125:8080', 'job': 'spring-petclinic', 'method': 'GET', 'outcome': 'SUCCESS', 'status': '200', 'uri': '/actuator/health/**'}",1980,same_network,3,300
2026-07-24T22:05:37.804529+00:00,2026-07-24T22:05:37.926000+00:00,http_server_requests_seconds_count,visits-service,10.42.1.125:8080,"{'__name__': 'http_server_requests_seconds_count', 'exception': 'None', 'instance': '10.42.1.125:8080', 'job': 'spring-petclinic', 'method': 'GET', 'outcome': 'SUCCESS', 'status': '200', 'uri': '/actuator/prometheus'}",858,same_network,3,300
2026-07-24T22:05:37.804529+00:00,2026-07-24T22:05:37.926000+00:00,http_server_requests_seconds_count,customers-service,10.42.1.126:8080,"{'__name__': 'http_server_requests_seconds_count', 'exception': 'None', 'instance': '10.42.1.126:8080', 'job': 'spring-petclinic', 'method': 'GET', 'outcome': 'SUCCESS', 'status': '200', 'uri': '/actuator/health/**'}",1971,same_network,3,300
2026-07-24T22:05:37.804529+00:00,2026-07-24T22:05:37.926000+00:00,http_server_requests_seconds_count,customers-service,10.42.1.126:8080,"{'__name__': 'http_server_requests_seconds_count', 'exception': 'None', 'instance': '10.42.1.126:8080', 'job': 'spring-petclinic', 'method': 'GET', 'outcome': 'SUCCESS', 'status': '200', 'uri': '/actuator/prometheus'}",854,same_network,3,300
2026-07-24T22:05:37.804529+00:00,2026-07-24T22:05:37.926000+00:00,http_server_requests_seconds_count,api-gateway,10.42.1.129:8080,"{'__name__': 'http_server_requests_seconds_count', 'exception': 'None', 'instance': '10.42.1.129:8080', 'job': 'spring-petclinic', 'method': 'GET', 'outcome': 'SUCCESS', 'status': '200', 'uri': '/actuator/health/{*path}'}",38,same_network,3,300
2026-07-24T22:05:37.804529+00:00,2026-07-24T22:05:37.926000+00:00,http_server_requests_seconds_count,api-gateway,10.42.1.129:8080,"{'__name__': 'http_server_requests_seconds_count', 'exception': 'None', 'instance': '10.42.1.129:8080', 'job': 'spring-petclinic', 'method': 'GET', 'outcome': 'SUCCESS', 'status': '200', 'uri': '/actuator/prometheus'}",24,same_network,3,300
2026-07-24T22:05:37.804529+00:00,2026-07-24T22:05:37.926000+00:00,http_server_requests_seconds_count,api-gateway,10.42.1.129:8080,"{'__name__': 'http_server_requests_seconds_count', 'exception': 'None', 'instance': '10.42.1.129:8080', 'job': 'spring-petclinic', 'method': 'GET', 'outcome': 'SUCCESS', 'status': '200', 'uri': 'UNKNOWN'}",23876,same_network,3,300
2026-07-24T22:05:37.804529+00:00,2026-07-24T22:05:37.933000+00:00,http_server_requests_seconds_max,api-gateway,10.42.0.187:8080,"{'__name__': 'http_server_requests_seconds_max', 'exception': 'AbortedException', 'instance': '10.42.0.187:8080', 'job': 'spring-petclinic', 'method': 'GET', 'outcome': 'UNKNOWN', 'status': '200', 'uri': 'UNKNOWN'}",0,same_network,3,300
2026-07-24T22:05:37.804529+00:00,2026-07-24T22:05:37.933000+00:00,http_server_requests_seconds_max,api-gateway,10.42.0.187:8080,"{'__name__': 'http_server_requests_seconds_max', 'exception': 'AbortedException', 'instance': '10.42.0.187:8080', 'job': 'spring-petclinic', 'method': 'GET', 'outcome': 'UNKNOWN', 'status': '500', 'uri': 'UNKNOWN'}",0,same_network,3,300
2026-07-24T22:05:37.804529+00:00,2026-07-24T22:05:37.933000+00:00,http_server_requests_seconds_max,api-gateway,10.42.0.187:8080,"{'__name__': 'http_server_requests_seconds_max', 'exception': 'AnnotatedConnectException', 'instance': '10.42.0.187:8080', 'job': 'spring-petclinic', 'method': 'GET', 'outcome': 'SERVER_ERROR', 'status': '500', 'uri': 'UNKNOWN'}",0,same_network,3,300
2026-07-24T22:05:37.804529+00:00,2026-07-24T22:05:37.933000+00:00,http_server_requests_seconds_max,api-gateway,10.42.0.187:8080,"{'__name__': 'http_server_requests_seconds_max', 'exception': 'CancelledServerWebExchangeException', 'instance': '10.42.0.187:8080', 'job': 'spring-petclinic', 'method': 'GET', 'outcome': 'UNKNOWN', 'status': '200', 'uri': '/actuator/health/{*path}'}",0,same_network,3,300
2026-07-24T22:05:37.804529+00:00,2026-07-24T22:05:37.933000+00:00,http_server_requests_seconds_max,api-gateway,10.42.0.187:8080,"{'__name__': 'http_server_requests_seconds_max', 'exception': 'CancelledServerWebExchangeException', 'instance': '10.42.0.187:8080', 'job': 'spring-petclinic', 'method': 'GET', 'outcome': 'UNKNOWN', 'status': '200', 'uri': '/actuator/prometheus'}",0,same_network,3,300
2026-07-24T22:05:37.804529+00:00,2026-07-24T22:05:37.933000+00:00,http_server_requests_seconds_max,api-gateway,10.42.0.187:8080,"{'__name__': 'http_server_requests_seconds_max', 'exception': 'CancelledServerWebExchangeException', 'instance': '10.42.0.187:8080', 'job': 'spring-petclinic', 'method': 'GET', 'outcome': 'UNKNOWN', 'status': '200', 'uri': 'UNKNOWN'}",0,same_network,3,300
2026-07-24T22:05:37.804529+00:00,2026-07-24T22:05:37.933000+00:00,http_server_requests_seconds_max,api-gateway,10.42.1.129:8080,"{'__name__': 'http_server_requests_seconds_max', 'exception': 'CancelledServerWebExchangeException', 'instance': '10.42.1.129:8080', 'job': 'spring-petclinic', 'method': 'GET', 'outcome': 'UNKNOWN', 'status': '200', 'uri': 'UNKNOWN'}",0,same_network,3,300
2026-07-24T22:05:37.804529+00:00,2026-07-24T22:05:37.933000+00:00,http_server_requests_seconds_max,customers-service,10.42.0.186:8080,"{'__name__': 'http_server_requests_seconds_max', 'exception': 'ClientAbortException', 'instance': '10.42.0.186:8080', 'job': 'spring-petclinic', 'method': 'GET', 'outcome': 'SUCCESS', 'status': '200', 'uri': '/actuator/prometheus'}",0,same_network,3,300
2026-07-24T22:05:37.804529+00:00,2026-07-24T22:05:37.933000+00:00,http_server_requests_seconds_max,api-gateway,10.42.0.187:8080,"{'__name__': 'http_server_requests_seconds_max', 'exception': 'IOException', 'instance': '10.42.0.187:8080', 'job': 'spring-petclinic', 'method': 'GET', 'outcome': 'SERVER_ERROR', 'status': '500', 'uri': 'UNKNOWN'}",0,same_network,3,300
2026-07-24T22:05:37.804529+00:00,2026-07-24T22:05:37.933000+00:00,http_server_requests_seconds_max,customers-service,10.42.0.186:8080,"{'__name__': 'http_server_requests_seconds_max', 'exception': 'None', 'instance': '10.42.0.186:8080', 'job': 'spring-petclinic', 'method': 'GET', 'outcome': 'SUCCESS', 'status': '200', 'uri': '/actuator/health/**'}",0.002471289,same_network,3,300
2026-07-24T22:05:37.804529+00:00,2026-07-24T22:05:37.933000+00:00,http_server_requests_seconds_max,customers-service,10.42.0.186:8080,"{'__name__': 'http_server_requests_seconds_max', 'exception': 'None', 'instance': '10.42.0.186:8080', 'job': 'spring-petclinic', 'method': 'GET', 'outcome': 'SUCCESS', 'status': '200', 'uri': '/actuator/prometheus'}",0.010244264,same_network,3,300
2026-07-24T22:05:37.804529+00:00,2026-07-24T22:05:37.933000+00:00,http_server_requests_seconds_max,api-gateway,10.42.0.187:8080,"{'__name__': 'http_server_requests_seconds_max', 'exception': 'None', 'instance': '10.42.0.187:8080', 'job': 'spring-petclinic', 'method': 'GET', 'outcome': 'SUCCESS', 'status': '200', 'uri': '/actuator/health/{*path}'}",0.003607496,same_network,3,300
2026-07-24T22:05:37.804529+00:00,2026-07-24T22:05:37.933000+00:00,http_server_requests_seconds_max,api-gateway,10.42.0.187:8080,"{'__name__': 'http_server_requests_seconds_max', 'exception': 'None', 'instance': '10.42.0.187:8080', 'job': 'spring-petclinic', 'method': 'GET', 'outcome': 'SUCCESS', 'status': '200', 'uri': '/actuator/prometheus'}",0.014556026,same_network,3,300
2026-07-24T22:05:37.804529+00:00,2026-07-24T22:05:37.933000+00:00,http_server_requests_seconds_max,api-gateway,10.42.0.187:8080,"{'__name__': 'http_server_requests_seconds_max', 'exception': 'None', 'instance': '10.42.0.187:8080', 'job': 'spring-petclinic', 'method': 'GET', 'outcome': 'SUCCESS', 'status': '200', 'uri': 'UNKNOWN'}",0.503177645,same_network,3,300
2026-07-24T22:05:37.804529+00:00,2026-07-24T22:05:37.933000+00:00,http_server_requests_seconds_max,visits-service,10.42.1.122:8080,"{'__name__': 'http_server_requests_seconds_max', 'exception': 'None', 'instance': '10.42.1.122:8080', 'job': 'spring-petclinic', 'method': 'GET', 'outcome': 'SUCCESS', 'status': '200', 'uri': '/actuator/health/**'}",0.001669837,same_network,3,300
2026-07-24T22:05:37.804529+00:00,2026-07-24T22:05:37.933000+00:00,http_server_requests_seconds_max,visits-service,10.42.1.122:8080,"{'__name__': 'http_server_requests_seconds_max', 'exception': 'None', 'instance': '10.42.1.122:8080', 'job': 'spring-petclinic', 'method': 'GET', 'outcome': 'SUCCESS', 'status': '200', 'uri': '/actuator/prometheus'}",0.003594568,same_network,3,300
2026-07-24T22:05:37.804529+00:00,2026-07-24T22:05:37.933000+00:00,http_server_requests_seconds_max,vets-service,10.42.1.123:8080,"{'__name__': 'http_server_requests_seconds_max', 'exception': 'None', 'instance': '10.42.1.123:8080', 'job': 'spring-petclinic', 'method': 'GET', 'outcome': 'SUCCESS', 'status': '200', 'uri': '/actuator/health/**'}",0.002185857,same_network,3,300
2026-07-24T22:05:37.804529+00:00,2026-07-24T22:05:37.933000+00:00,http_server_requests_seconds_max,vets-service,10.42.1.123:8080,"{'__name__': 'http_server_requests_seconds_max', 'exception': 'None', 'instance': '10.42.1.123:8080', 'job': 'spring-petclinic', 'method': 'GET', 'outcome': 'SUCCESS', 'status': '200', 'uri': '/actuator/prometheus'}",0.004911523,same_network,3,300
2026-07-24T22:05:37.804529+00:00,2026-07-24T22:05:37.933000+00:00,http_server_requests_seconds_max,vets-service,10.42.1.123:8080,"{'__name__': 'http_server_requests_seconds_max', 'exception': 'None', 'instance': '10.42.1.123:8080', 'job': 'spring-petclinic', 'method': 'GET', 'outcome': 'SUCCESS', 'status': '200', 'uri': '/vets'}",0.192863487,same_network,3,300
2026-07-24T22:05:37.804529+00:00,2026-07-24T22:05:37.933000+00:00,http_server_requests_seconds_max,vets-service,10.42.1.124:8080,"{'__name__': 'http_server_requests_seconds_max', 'exception': 'None', 'instance': '10.42.1.124:8080', 'job': 'spring-petclinic', 'method': 'GET', 'outcome': 'SUCCESS', 'status': '200', 'uri': '/actuator/health/**'}",0.001552643,same_network,3,300
2026-07-24T22:05:37.804529+00:00,2026-07-24T22:05:37.933000+00:00,http_server_requests_seconds_max,vets-service,10.42.1.124:8080,"{'__name__': 'http_server_requests_seconds_max', 'exception': 'None', 'instance': '10.42.1.124:8080', 'job': 'spring-petclinic', 'method': 'GET', 'outcome': 'SUCCESS', 'status': '200', 'uri': '/actuator/prometheus'}",0.005285556,same_network,3,300
2026-07-24T22:05:37.804529+00:00,2026-07-24T22:05:37.933000+00:00,http_server_requests_seconds_max,vets-service,10.42.1.124:8080,"{'__name__': 'http_server_requests_seconds_max', 'exception': 'None', 'instance': '10.42.1.124:8080', 'job': 'spring-petclinic', 'method': 'GET', 'outcome': 'SUCCESS', 'status': '200', 'uri': '/vets'}",0.182291229,same_network,3,300
2026-07-24T22:05:37.804529+00:00,2026-07-24T22:05:37.933000+00:00,http_server_requests_seconds_max,visits-service,10.42.1.125:8080,"{'__name__': 'http_server_requests_seconds_max', 'exception': 'None', 'instance': '10.42.1.125:8080', 'job': 'spring-petclinic', 'method': 'GET', 'outcome': 'SUCCESS', 'status': '200', 'uri': '/actuator/health/**'}",0.001602024,same_network,3,300
2026-07-24T22:05:37.804529+00:00,2026-07-24T22:05:37.933000+00:00,http_server_requests_seconds_max,visits-service,10.42.1.125:8080,"{'__name__': 'http_server_requests_seconds_max', 'exception': 'None', 'instance': '10.42.1.125:8080', 'job': 'spring-petclinic', 'method': 'GET', 'outcome': 'SUCCESS', 'status': '200', 'uri': '/actuator/prometheus'}",0.004947555,same_network,3,300
2026-07-24T22:05:37.804529+00:00,2026-07-24T22:05:37.933000+00:00,http_server_requests_seconds_max,customers-service,10.42.1.126:8080,"{'__name__': 'http_server_requests_seconds_max', 'exception': 'None', 'instance': '10.42.1.126:8080', 'job': 'spring-petclinic', 'method': 'GET', 'outcome': 'SUCCESS', 'status': '200', 'uri': '/actuator/health/**'}",0.002398944,same_network,3,300
2026-07-24T22:05:37.804529+00:00,2026-07-24T22:05:37.933000+00:00,http_server_requests_seconds_max,customers-service,10.42.1.126:8080,"{'__name__': 'http_server_requests_seconds_max', 'exception': 'None', 'instance': '10.42.1.126:8080', 'job': 'spring-petclinic', 'method': 'GET', 'outcome': 'SUCCESS', 'status': '200', 'uri': '/actuator/prometheus'}",0.00694258,same_network,3,300
2026-07-24T22:05:37.804529+00:00,2026-07-24T22:05:37.933000+00:00,http_server_requests_seconds_max,api-gateway,10.42.1.129:8080,"{'__name__': 'http_server_requests_seconds_max', 'exception': 'None', 'instance': '10.42.1.129:8080', 'job': 'spring-petclinic', 'method': 'GET', 'outcome': 'SUCCESS', 'status': '200', 'uri': '/actuator/health/{*path}'}",0.005146776,same_network,3,300
2026-07-24T22:05:37.804529+00:00,2026-07-24T22:05:37.933000+00:00,http_server_requests_seconds_max,api-gateway,10.42.1.129:8080,"{'__name__': 'http_server_requests_seconds_max', 'exception': 'None', 'instance': '10.42.1.129:8080', 'job': 'spring-petclinic', 'method': 'GET', 'outcome': 'SUCCESS', 'status': '200', 'uri': '/actuator/prometheus'}",0.009872801,same_network,3,300
2026-07-24T22:05:37.804529+00:00,2026-07-24T22:05:37.933000+00:00,http_server_requests_seconds_max,api-gateway,10.42.1.129:8080,"{'__name__': 'http_server_requests_seconds_max', 'exception': 'None', 'instance': '10.42.1.129:8080', 'job': 'spring-petclinic', 'method': 'GET', 'outcome': 'SUCCESS', 'status': '200', 'uri': 'UNKNOWN'}",0.513399738,same_network,3,300
2026-07-24T22:05:37.804529+00:00,2026-07-24T22:05:37.939000+00:00,http_server_requests_seconds_sum,api-gateway,10.42.0.187:8080,"{'__name__': 'http_server_requests_seconds_sum', 'exception': 'AbortedException', 'instance': '10.42.0.187:8080', 'job': 'spring-petclinic', 'method': 'GET', 'outcome': 'UNKNOWN', 'status': '200', 'uri': 'UNKNOWN'}",1940.909934275,same_network,3,300
2026-07-24T22:05:37.804529+00:00,2026-07-24T22:05:37.939000+00:00,http_server_requests_seconds_sum,api-gateway,10.42.0.187:8080,"{'__name__': 'http_server_requests_seconds_sum', 'exception': 'AbortedException', 'instance': '10.42.0.187:8080', 'job': 'spring-petclinic', 'method': 'GET', 'outcome': 'UNKNOWN', 'status': '500', 'uri': 'UNKNOWN'}",0.059373633,same_network,3,300
2026-07-24T22:05:37.804529+00:00,2026-07-24T22:05:37.939000+00:00,http_server_requests_seconds_sum,api-gateway,10.42.0.187:8080,"{'__name__': 'http_server_requests_seconds_sum', 'exception': 'AnnotatedConnectException', 'instance': '10.42.0.187:8080', 'job': 'spring-petclinic', 'method': 'GET', 'outcome': 'SERVER_ERROR', 'status': '500', 'uri': 'UNKNOWN'}",116.508028567,same_network,3,300
2026-07-24T22:05:37.804529+00:00,2026-07-24T22:05:37.939000+00:00,http_server_requests_seconds_sum,api-gateway,10.42.0.187:8080,"{'__name__': 'http_server_requests_seconds_sum', 'exception': 'CancelledServerWebExchangeException', 'instance': '10.42.0.187:8080', 'job': 'spring-petclinic', 'method': 'GET', 'outcome': 'UNKNOWN', 'status': '200', 'uri': '/actuator/health/{*path}'}",1.58601679,same_network,3,300
2026-07-24T22:05:37.804529+00:00,2026-07-24T22:05:37.939000+00:00,http_server_requests_seconds_sum,api-gateway,10.42.0.187:8080,"{'__name__': 'http_server_requests_seconds_sum', 'exception': 'CancelledServerWebExchangeException', 'instance': '10.42.0.187:8080', 'job': 'spring-petclinic', 'method': 'GET', 'outcome': 'UNKNOWN', 'status': '200', 'uri': '/actuator/prometheus'}",0.045098422,same_network,3,300
2026-07-24T22:05:37.804529+00:00,2026-07-24T22:05:37.939000+00:00,http_server_requests_seconds_sum,api-gateway,10.42.0.187:8080,"{'__name__': 'http_server_requests_seconds_sum', 'exception': 'CancelledServerWebExchangeException', 'instance': '10.42.0.187:8080', 'job': 'spring-petclinic', 'method': 'GET', 'outcome': 'UNKNOWN', 'status': '200', 'uri': 'UNKNOWN'}",148102.699431054,same_network,3,300
2026-07-24T22:05:37.804529+00:00,2026-07-24T22:05:37.939000+00:00,http_server_requests_seconds_sum,api-gateway,10.42.1.129:8080,"{'__name__': 'http_server_requests_seconds_sum', 'exception': 'CancelledServerWebExchangeException', 'instance': '10.42.1.129:8080', 'job': 'spring-petclinic', 'method': 'GET', 'outcome': 'UNKNOWN', 'status': '200', 'uri': 'UNKNOWN'}",5.201713594,same_network,3,300
2026-07-24T22:05:37.804529+00:00,2026-07-24T22:05:37.939000+00:00,http_server_requests_seconds_sum,customers-service,10.42.0.186:8080,"{'__name__': 'http_server_requests_seconds_sum', 'exception': 'ClientAbortException', 'instance': '10.42.0.186:8080', 'job': 'spring-petclinic', 'method': 'GET', 'outcome': 'SUCCESS', 'status': '200', 'uri': '/actuator/prometheus'}",0.222459988,same_network,3,300
2026-07-24T22:05:37.804529+00:00,2026-07-24T22:05:37.939000+00:00,http_server_requests_seconds_sum,api-gateway,10.42.0.187:8080,"{'__name__': 'http_server_requests_seconds_sum', 'exception': 'IOException', 'instance': '10.42.0.187:8080', 'job': 'spring-petclinic', 'method': 'GET', 'outcome': 'SERVER_ERROR', 'status': '500', 'uri': 'UNKNOWN'}",0.12780342,same_network,3,300
2026-07-24T22:05:37.804529+00:00,2026-07-24T22:05:37.939000+00:00,http_server_requests_seconds_sum,customers-service,10.42.0.186:8080,"{'__name__': 'http_server_requests_seconds_sum', 'exception': 'None', 'instance': '10.42.0.186:8080', 'job': 'spring-petclinic', 'method': 'GET', 'outcome': 'SUCCESS', 'status': '200', 'uri': '/actuator/health/**'}",2.884013286,same_network,3,300
2026-07-24T22:05:37.804529+00:00,2026-07-24T22:05:37.939000+00:00,http_server_requests_seconds_sum,customers-service,10.42.0.186:8080,"{'__name__': 'http_server_requests_seconds_sum', 'exception': 'None', 'instance': '10.42.0.186:8080', 'job': 'spring-petclinic', 'method': 'GET', 'outcome': 'SUCCESS', 'status': '200', 'uri': '/actuator/prometheus'}",5.435583026,same_network,3,300
2026-07-24T22:05:37.804529+00:00,2026-07-24T22:05:37.939000+00:00,http_server_requests_seconds_sum,api-gateway,10.42.0.187:8080,"{'__name__': 'http_server_requests_seconds_sum', 'exception': 'None', 'instance': '10.42.0.187:8080', 'job': 'spring-petclinic', 'method': 'GET', 'outcome': 'SUCCESS', 'status': '200', 'uri': '/actuator/health/{*path}'}",9.945379473,same_network,3,300
2026-07-24T22:05:37.804529+00:00,2026-07-24T22:05:37.939000+00:00,http_server_requests_seconds_sum,api-gateway,10.42.0.187:8080,"{'__name__': 'http_server_requests_seconds_sum', 'exception': 'None', 'instance': '10.42.0.187:8080', 'job': 'spring-petclinic', 'method': 'GET', 'outcome': 'SUCCESS', 'status': '200', 'uri': '/actuator/prometheus'}",9.962363178,same_network,3,300
2026-07-24T22:05:37.804529+00:00,2026-07-24T22:05:37.939000+00:00,http_server_requests_seconds_sum,api-gateway,10.42.0.187:8080,"{'__name__': 'http_server_requests_seconds_sum', 'exception': 'None', 'instance': '10.42.0.187:8080', 'job': 'spring-petclinic', 'method': 'GET', 'outcome': 'SUCCESS', 'status': '200', 'uri': 'UNKNOWN'}",283817.639978995,same_network,3,300
2026-07-24T22:05:37.804529+00:00,2026-07-24T22:05:37.939000+00:00,http_server_requests_seconds_sum,visits-service,10.42.1.122:8080,"{'__name__': 'http_server_requests_seconds_sum', 'exception': 'None', 'instance': '10.42.1.122:8080', 'job': 'spring-petclinic', 'method': 'GET', 'outcome': 'SUCCESS', 'status': '200', 'uri': '/actuator/health/**'}",6.832164639,same_network,3,300
2026-07-24T22:05:37.804529+00:00,2026-07-24T22:05:37.939000+00:00,http_server_requests_seconds_sum,visits-service,10.42.1.122:8080,"{'__name__': 'http_server_requests_seconds_sum', 'exception': 'None', 'instance': '10.42.1.122:8080', 'job': 'spring-petclinic', 'method': 'GET', 'outcome': 'SUCCESS', 'status': '200', 'uri': '/actuator/prometheus'}",5.433049306,same_network,3,300
2026-07-24T22:05:37.804529+00:00,2026-07-24T22:05:37.939000+00:00,http_server_requests_seconds_sum,vets-service,10.42.1.123:8080,"{'__name__': 'http_server_requests_seconds_sum', 'exception': 'None', 'instance': '10.42.1.123:8080', 'job': 'spring-petclinic', 'method': 'GET', 'outcome': 'SUCCESS', 'status': '200', 'uri': '/actuator/health/**'}",4.064222837,same_network,3,300
2026-07-24T22:05:37.804529+00:00,2026-07-24T22:05:37.939000+00:00,http_server_requests_seconds_sum,vets-service,10.42.1.123:8080,"{'__name__': 'http_server_requests_seconds_sum', 'exception': 'None', 'instance': '10.42.1.123:8080', 'job': 'spring-petclinic', 'method': 'GET', 'outcome': 'SUCCESS', 'status': '200', 'uri': '/actuator/prometheus'}",4.961907215,same_network,3,300
2026-07-24T22:05:37.804529+00:00,2026-07-24T22:05:37.939000+00:00,http_server_requests_seconds_sum,vets-service,10.42.1.123:8080,"{'__name__': 'http_server_requests_seconds_sum', 'exception': 'None', 'instance': '10.42.1.123:8080', 'job': 'spring-petclinic', 'method': 'GET', 'outcome': 'SUCCESS', 'status': '200', 'uri': '/vets'}",40374.395585659,same_network,3,300
2026-07-24T22:05:37.804529+00:00,2026-07-24T22:05:37.939000+00:00,http_server_requests_seconds_sum,vets-service,10.42.1.124:8080,"{'__name__': 'http_server_requests_seconds_sum', 'exception': 'None', 'instance': '10.42.1.124:8080', 'job': 'spring-petclinic', 'method': 'GET', 'outcome': 'SUCCESS', 'status': '200', 'uri': '/actuator/health/**'}",4.295856799,same_network,3,300
2026-07-24T22:05:37.804529+00:00,2026-07-24T22:05:37.939000+00:00,http_server_requests_seconds_sum,vets-service,10.42.1.124:8080,"{'__name__': 'http_server_requests_seconds_sum', 'exception': 'None', 'instance': '10.42.1.124:8080', 'job': 'spring-petclinic', 'method': 'GET', 'outcome': 'SUCCESS', 'status': '200', 'uri': '/actuator/prometheus'}",6.294930133,same_network,3,300
2026-07-24T22:05:37.804529+00:00,2026-07-24T22:05:37.939000+00:00,http_server_requests_seconds_sum,vets-service,10.42.1.124:8080,"{'__name__': 'http_server_requests_seconds_sum', 'exception': 'None', 'instance': '10.42.1.124:8080', 'job': 'spring-petclinic', 'method': 'GET', 'outcome': 'SUCCESS', 'status': '200', 'uri': '/vets'}",41012.17945143,same_network,3,300
2026-07-24T22:05:37.804529+00:00,2026-07-24T22:05:37.939000+00:00,http_server_requests_seconds_sum,visits-service,10.42.1.125:8080,"{'__name__': 'http_server_requests_seconds_sum', 'exception': 'None', 'instance': '10.42.1.125:8080', 'job': 'spring-petclinic', 'method': 'GET', 'outcome': 'SUCCESS', 'status': '200', 'uri': '/actuator/health/**'}",5.676795686,same_network,3,300
2026-07-24T22:05:37.804529+00:00,2026-07-24T22:05:37.939000+00:00,http_server_requests_seconds_sum,visits-service,10.42.1.125:8080,"{'__name__': 'http_server_requests_seconds_sum', 'exception': 'None', 'instance': '10.42.1.125:8080', 'job': 'spring-petclinic', 'method': 'GET', 'outcome': 'SUCCESS', 'status': '200', 'uri': '/actuator/prometheus'}",4.143912675,same_network,3,300
2026-07-24T22:05:37.804529+00:00,2026-07-24T22:05:37.939000+00:00,http_server_requests_seconds_sum,customers-service,10.42.1.126:8080,"{'__name__': 'http_server_requests_seconds_sum', 'exception': 'None', 'instance': '10.42.1.126:8080', 'job': 'spring-petclinic', 'method': 'GET', 'outcome': 'SUCCESS', 'status': '200', 'uri': '/actuator/health/**'}",3.438388955,same_network,3,300
2026-07-24T22:05:37.804529+00:00,2026-07-24T22:05:37.939000+00:00,http_server_requests_seconds_sum,customers-service,10.42.1.126:8080,"{'__name__': 'http_server_requests_seconds_sum', 'exception': 'None', 'instance': '10.42.1.126:8080', 'job': 'spring-petclinic', 'method': 'GET', 'outcome': 'SUCCESS', 'status': '200', 'uri': '/actuator/prometheus'}",5.113857897,same_network,3,300
2026-07-24T22:05:37.804529+00:00,2026-07-24T22:05:37.939000+00:00,http_server_requests_seconds_sum,api-gateway,10.42.1.129:8080,"{'__name__': 'http_server_requests_seconds_sum', 'exception': 'None', 'instance': '10.42.1.129:8080', 'job': 'spring-petclinic', 'method': 'GET', 'outcome': 'SUCCESS', 'status': '200', 'uri': '/actuator/health/{*path}'}",0.367294262,same_network,3,300
2026-07-24T22:05:37.804529+00:00,2026-07-24T22:05:37.939000+00:00,http_server_requests_seconds_sum,api-gateway,10.42.1.129:8080,"{'__name__': 'http_server_requests_seconds_sum', 'exception': 'None', 'instance': '10.42.1.129:8080', 'job': 'spring-petclinic', 'method': 'GET', 'outcome': 'SUCCESS', 'status': '200', 'uri': '/actuator/prometheus'}",0.525168271,same_network,3,300
2026-07-24T22:05:37.804529+00:00,2026-07-24T22:05:37.939000+00:00,http_server_requests_seconds_sum,api-gateway,10.42.1.129:8080,"{'__name__': 'http_server_requests_seconds_sum', 'exception': 'None', 'instance': '10.42.1.129:8080', 'job': 'spring-petclinic', 'method': 'GET', 'outcome': 'SUCCESS', 'status': '200', 'uri': 'UNKNOWN'}",4065.63584359,same_network,3,300
2026-07-24T22:05:37.804529+00:00,2026-07-24T22:05:37.946000+00:00,spring_cloud_gateway_requests_seconds_count,api-gateway,10.42.0.187:8080,"{'__name__': 'spring_cloud_gateway_requests_seconds_count', 'httpMethod': 'GET', 'httpStatusCode': '200', 'instance': '10.42.0.187:8080', 'job': 'spring-petclinic', 'outcome': 'SUCCESSFUL', 'routeId': 'customers-service', 'routeUri': 'http://customers-service.spring-petclinic.svc.cluster.local:8080', 'status': 'OK'}",1151650,same_network,3,300
2026-07-24T22:05:37.804529+00:00,2026-07-24T22:05:37.946000+00:00,spring_cloud_gateway_requests_seconds_count,api-gateway,10.42.0.187:8080,"{'__name__': 'spring_cloud_gateway_requests_seconds_count', 'httpMethod': 'GET', 'httpStatusCode': '200', 'instance': '10.42.0.187:8080', 'job': 'spring-petclinic', 'outcome': 'SUCCESSFUL', 'routeId': 'vets-service', 'routeUri': 'http://vets-service.spring-petclinic.svc.cluster.local:8080', 'status': 'OK'}",576019,same_network,3,300
2026-07-24T22:05:37.804529+00:00,2026-07-24T22:05:37.946000+00:00,spring_cloud_gateway_requests_seconds_count,api-gateway,10.42.0.187:8080,"{'__name__': 'spring_cloud_gateway_requests_seconds_count', 'httpMethod': 'GET', 'httpStatusCode': '200', 'instance': '10.42.0.187:8080', 'job': 'spring-petclinic', 'outcome': 'SUCCESSFUL', 'routeId': 'visits-service', 'routeUri': 'http://visits-service.spring-petclinic.svc.cluster.local:8080', 'status': 'OK'}",577438,same_network,3,300
2026-07-24T22:05:37.804529+00:00,2026-07-24T22:05:37.946000+00:00,spring_cloud_gateway_requests_seconds_count,api-gateway,10.42.1.129:8080,"{'__name__': 'spring_cloud_gateway_requests_seconds_count', 'httpMethod': 'GET', 'httpStatusCode': '200', 'instance': '10.42.1.129:8080', 'job': 'spring-petclinic', 'outcome': 'SUCCESSFUL', 'routeId': 'customers-service', 'routeUri': 'http://customers-service.spring-petclinic.svc.cluster.local:8080', 'status': 'OK'}",12075,same_network,3,300
2026-07-24T22:05:37.804529+00:00,2026-07-24T22:05:37.946000+00:00,spring_cloud_gateway_requests_seconds_count,api-gateway,10.42.1.129:8080,"{'__name__': 'spring_cloud_gateway_requests_seconds_count', 'httpMethod': 'GET', 'httpStatusCode': '200', 'instance': '10.42.1.129:8080', 'job': 'spring-petclinic', 'outcome': 'SUCCESSFUL', 'routeId': 'vets-service', 'routeUri': 'http://vets-service.spring-petclinic.svc.cluster.local:8080', 'status': 'OK'}",5896,same_network,3,300
2026-07-24T22:05:37.804529+00:00,2026-07-24T22:05:37.946000+00:00,spring_cloud_gateway_requests_seconds_count,api-gateway,10.42.1.129:8080,"{'__name__': 'spring_cloud_gateway_requests_seconds_count', 'httpMethod': 'GET', 'httpStatusCode': '200', 'instance': '10.42.1.129:8080', 'job': 'spring-petclinic', 'outcome': 'SUCCESSFUL', 'routeId': 'visits-service', 'routeUri': 'http://visits-service.spring-petclinic.svc.cluster.local:8080', 'status': 'OK'}",5905,same_network,3,300
2026-07-24T22:05:37.804529+00:00,2026-07-24T22:05:37.946000+00:00,spring_cloud_gateway_requests_seconds_count,api-gateway,10.42.0.187:8080,"{'__name__': 'spring_cloud_gateway_requests_seconds_count', 'httpMethod': 'GET', 'httpStatusCode': '500', 'instance': '10.42.0.187:8080', 'job': 'spring-petclinic', 'outcome': 'SERVER_ERROR', 'routeId': 'customers-service', 'routeUri': 'http://customers-service.spring-petclinic.svc.cluster.local:8080', 'status': 'INTERNAL_SERVER_ERROR'}",2,same_network,3,300
2026-07-24T22:05:37.804529+00:00,2026-07-24T22:05:37.946000+00:00,spring_cloud_gateway_requests_seconds_count,api-gateway,10.42.0.187:8080,"{'__name__': 'spring_cloud_gateway_requests_seconds_count', 'httpMethod': 'GET', 'httpStatusCode': '500', 'instance': '10.42.0.187:8080', 'job': 'spring-petclinic', 'outcome': 'SERVER_ERROR', 'routeId': 'vets-service', 'routeUri': 'http://vets-service.spring-petclinic.svc.cluster.local:8080', 'status': 'INTERNAL_SERVER_ERROR'}",22,same_network,3,300
2026-07-24T22:05:37.804529+00:00,2026-07-24T22:05:37.946000+00:00,spring_cloud_gateway_requests_seconds_count,api-gateway,10.42.0.187:8080,"{'__name__': 'spring_cloud_gateway_requests_seconds_count', 'httpMethod': 'GET', 'httpStatusCode': '500', 'instance': '10.42.0.187:8080', 'job': 'spring-petclinic', 'outcome': 'SERVER_ERROR', 'routeId': 'visits-service', 'routeUri': 'http://visits-service.spring-petclinic.svc.cluster.local:8080', 'status': 'INTERNAL_SERVER_ERROR'}",26,same_network,3,300
2026-07-24T22:05:37.804529+00:00,2026-07-24T22:05:37.952000+00:00,spring_cloud_gateway_requests_seconds_max,api-gateway,10.42.0.187:8080,"{'__name__': 'spring_cloud_gateway_requests_seconds_max', 'httpMethod': 'GET', 'httpStatusCode': '200', 'instance': '10.42.0.187:8080', 'job': 'spring-petclinic', 'outcome': 'SUCCESSFUL', 'routeId': 'customers-service', 'routeUri': 'http://customers-service.spring-petclinic.svc.cluster.local:8080', 'status': 'OK'}",0.500876764,same_network,3,300
2026-07-24T22:05:37.804529+00:00,2026-07-24T22:05:37.952000+00:00,spring_cloud_gateway_requests_seconds_max,api-gateway,10.42.0.187:8080,"{'__name__': 'spring_cloud_gateway_requests_seconds_max', 'httpMethod': 'GET', 'httpStatusCode': '200', 'instance': '10.42.0.187:8080', 'job': 'spring-petclinic', 'outcome': 'SUCCESSFUL', 'routeId': 'vets-service', 'routeUri': 'http://vets-service.spring-petclinic.svc.cluster.local:8080', 'status': 'OK'}",0.254094209,same_network,3,300
2026-07-24T22:05:37.804529+00:00,2026-07-24T22:05:37.952000+00:00,spring_cloud_gateway_requests_seconds_max,api-gateway,10.42.0.187:8080,"{'__name__': 'spring_cloud_gateway_requests_seconds_max', 'httpMethod': 'GET', 'httpStatusCode': '200', 'instance': '10.42.0.187:8080', 'job': 'spring-petclinic', 'outcome': 'SUCCESSFUL', 'routeId': 'visits-service', 'routeUri': 'http://visits-service.spring-petclinic.svc.cluster.local:8080', 'status': 'OK'}",0.114786584,same_network,3,300
2026-07-24T22:05:37.804529+00:00,2026-07-24T22:05:37.952000+00:00,spring_cloud_gateway_requests_seconds_max,api-gateway,10.42.1.129:8080,"{'__name__': 'spring_cloud_gateway_requests_seconds_max', 'httpMethod': 'GET', 'httpStatusCode': '200', 'instance': '10.42.1.129:8080', 'job': 'spring-petclinic', 'outcome': 'SUCCESSFUL', 'routeId': 'customers-service', 'routeUri': 'http://customers-service.spring-petclinic.svc.cluster.local:8080', 'status': 'OK'}",0.511408461,same_network,3,300
2026-07-24T22:05:37.804529+00:00,2026-07-24T22:05:37.952000+00:00,spring_cloud_gateway_requests_seconds_max,api-gateway,10.42.1.129:8080,"{'__name__': 'spring_cloud_gateway_requests_seconds_max', 'httpMethod': 'GET', 'httpStatusCode': '200', 'instance': '10.42.1.129:8080', 'job': 'spring-petclinic', 'outcome': 'SUCCESSFUL', 'routeId': 'vets-service', 'routeUri': 'http://vets-service.spring-petclinic.svc.cluster.local:8080', 'status': 'OK'}",0.234716962,same_network,3,300
2026-07-24T22:05:37.804529+00:00,2026-07-24T22:05:37.952000+00:00,spring_cloud_gateway_requests_seconds_max,api-gateway,10.42.1.129:8080,"{'__name__': 'spring_cloud_gateway_requests_seconds_max', 'httpMethod': 'GET', 'httpStatusCode': '200', 'instance': '10.42.1.129:8080', 'job': 'spring-petclinic', 'outcome': 'SUCCESSFUL', 'routeId': 'visits-service', 'routeUri': 'http://visits-service.spring-petclinic.svc.cluster.local:8080', 'status': 'OK'}",0.173688493,same_network,3,300
2026-07-24T22:05:37.804529+00:00,2026-07-24T22:05:37.952000+00:00,spring_cloud_gateway_requests_seconds_max,api-gateway,10.42.0.187:8080,"{'__name__': 'spring_cloud_gateway_requests_seconds_max', 'httpMethod': 'GET', 'httpStatusCode': '500', 'instance': '10.42.0.187:8080', 'job': 'spring-petclinic', 'outcome': 'SERVER_ERROR', 'routeId': 'customers-service', 'routeUri': 'http://customers-service.spring-petclinic.svc.cluster.local:8080', 'status': 'INTERNAL_SERVER_ERROR'}",0,same_network,3,300
2026-07-24T22:05:37.804529+00:00,2026-07-24T22:05:37.952000+00:00,spring_cloud_gateway_requests_seconds_max,api-gateway,10.42.0.187:8080,"{'__name__': 'spring_cloud_gateway_requests_seconds_max', 'httpMethod': 'GET', 'httpStatusCode': '500', 'instance': '10.42.0.187:8080', 'job': 'spring-petclinic', 'outcome': 'SERVER_ERROR', 'routeId': 'vets-service', 'routeUri': 'http://vets-service.spring-petclinic.svc.cluster.local:8080', 'status': 'INTERNAL_SERVER_ERROR'}",0,same_network,3,300
2026-07-24T22:05:37.804529+00:00,2026-07-24T22:05:37.952000+00:00,spring_cloud_gateway_requests_seconds_max,api-gateway,10.42.0.187:8080,"{'__name__': 'spring_cloud_gateway_requests_seconds_max', 'httpMethod': 'GET', 'httpStatusCode': '500', 'instance': '10.42.0.187:8080', 'job': 'spring-petclinic', 'outcome': 'SERVER_ERROR', 'routeId': 'visits-service', 'routeUri': 'http://visits-service.spring-petclinic.svc.cluster.local:8080', 'status': 'INTERNAL_SERVER_ERROR'}",0,same_network,3,300
2026-07-24T22:05:37.804529+00:00,2026-07-24T22:05:37.956000+00:00,spring_cloud_gateway_requests_seconds_sum,api-gateway,10.42.0.187:8080,"{'__name__': 'spring_cloud_gateway_requests_seconds_sum', 'httpMethod': 'GET', 'httpStatusCode': '200', 'instance': '10.42.0.187:8080', 'job': 'spring-petclinic', 'outcome': 'SUCCESSFUL', 'routeId': 'customers-service', 'routeUri': 'http://customers-service.spring-petclinic.svc.cluster.local:8080', 'status': 'OK'}",184994.651069573,same_network,3,300
2026-07-24T22:05:37.804529+00:00,2026-07-24T22:05:37.956000+00:00,spring_cloud_gateway_requests_seconds_sum,api-gateway,10.42.0.187:8080,"{'__name__': 'spring_cloud_gateway_requests_seconds_sum', 'httpMethod': 'GET', 'httpStatusCode': '200', 'instance': '10.42.0.187:8080', 'job': 'spring-petclinic', 'outcome': 'SUCCESSFUL', 'routeId': 'vets-service', 'routeUri': 'http://vets-service.spring-petclinic.svc.cluster.local:8080', 'status': 'OK'}",79073.720664006,same_network,3,300
2026-07-24T22:05:37.804529+00:00,2026-07-24T22:05:37.956000+00:00,spring_cloud_gateway_requests_seconds_sum,api-gateway,10.42.0.187:8080,"{'__name__': 'spring_cloud_gateway_requests_seconds_sum', 'httpMethod': 'GET', 'httpStatusCode': '200', 'instance': '10.42.0.187:8080', 'job': 'spring-petclinic', 'outcome': 'SUCCESSFUL', 'routeId': 'visits-service', 'routeUri': 'http://visits-service.spring-petclinic.svc.cluster.local:8080', 'status': 'OK'}",15598.60252173,same_network,3,300
2026-07-24T22:05:37.804529+00:00,2026-07-24T22:05:37.956000+00:00,spring_cloud_gateway_requests_seconds_sum,api-gateway,10.42.1.129:8080,"{'__name__': 'spring_cloud_gateway_requests_seconds_sum', 'httpMethod': 'GET', 'httpStatusCode': '200', 'instance': '10.42.1.129:8080', 'job': 'spring-petclinic', 'outcome': 'SUCCESSFUL', 'routeId': 'customers-service', 'routeUri': 'http://customers-service.spring-petclinic.svc.cluster.local:8080', 'status': 'OK'}",2963.38458184,same_network,3,300
2026-07-24T22:05:37.804529+00:00,2026-07-24T22:05:37.956000+00:00,spring_cloud_gateway_requests_seconds_sum,api-gateway,10.42.1.129:8080,"{'__name__': 'spring_cloud_gateway_requests_seconds_sum', 'httpMethod': 'GET', 'httpStatusCode': '200', 'instance': '10.42.1.129:8080', 'job': 'spring-petclinic', 'outcome': 'SUCCESSFUL', 'routeId': 'vets-service', 'routeUri': 'http://vets-service.spring-petclinic.svc.cluster.local:8080', 'status': 'OK'}",946.235524124,same_network,3,300
2026-07-24T22:05:37.804529+00:00,2026-07-24T22:05:37.956000+00:00,spring_cloud_gateway_requests_seconds_sum,api-gateway,10.42.1.129:8080,"{'__name__': 'spring_cloud_gateway_requests_seconds_sum', 'httpMethod': 'GET', 'httpStatusCode': '200', 'instance': '10.42.1.129:8080', 'job': 'spring-petclinic', 'outcome': 'SUCCESSFUL', 'routeId': 'visits-service', 'routeUri': 'http://visits-service.spring-petclinic.svc.cluster.local:8080', 'status': 'OK'}",104.492045786,same_network,3,300
2026-07-24T22:05:37.804529+00:00,2026-07-24T22:05:37.956000+00:00,spring_cloud_gateway_requests_seconds_sum,api-gateway,10.42.0.187:8080,"{'__name__': 'spring_cloud_gateway_requests_seconds_sum', 'httpMethod': 'GET', 'httpStatusCode': '500', 'instance': '10.42.0.187:8080', 'job': 'spring-petclinic', 'outcome': 'SERVER_ERROR', 'routeId': 'customers-service', 'routeUri': 'http://customers-service.spring-petclinic.svc.cluster.local:8080', 'status': 'INTERNAL_SERVER_ERROR'}",0.150802858,same_network,3,300
2026-07-24T22:05:37.804529+00:00,2026-07-24T22:05:37.956000+00:00,spring_cloud_gateway_requests_seconds_sum,api-gateway,10.42.0.187:8080,"{'__name__': 'spring_cloud_gateway_requests_seconds_sum', 'httpMethod': 'GET', 'httpStatusCode': '500', 'instance': '10.42.0.187:8080', 'job': 'spring-petclinic', 'outcome': 'SERVER_ERROR', 'routeId': 'vets-service', 'routeUri': 'http://vets-service.spring-petclinic.svc.cluster.local:8080', 'status': 'INTERNAL_SERVER_ERROR'}",52.224064757,same_network,3,300
2026-07-24T22:05:37.804529+00:00,2026-07-24T22:05:37.956000+00:00,spring_cloud_gateway_requests_seconds_sum,api-gateway,10.42.0.187:8080,"{'__name__': 'spring_cloud_gateway_requests_seconds_sum', 'httpMethod': 'GET', 'httpStatusCode': '500', 'instance': '10.42.0.187:8080', 'job': 'spring-petclinic', 'outcome': 'SERVER_ERROR', 'routeId': 'visits-service', 'routeUri': 'http://visits-service.spring-petclinic.svc.cluster.local:8080', 'status': 'INTERNAL_SERVER_ERROR'}",45.667181616,same_network,3,300
2026-07-24T22:05:37.804529+00:00,2026-07-24T22:05:37.962000+00:00,spring_cloud_gateway_routes_count,api-gateway,10.42.0.187:8080,"{'__name__': 'spring_cloud_gateway_routes_count', 'instance': '10.42.0.187:8080', 'job': 'spring-petclinic'}",3,same_network,3,300
2026-07-24T22:05:37.804529+00:00,2026-07-24T22:05:37.962000+00:00,spring_cloud_gateway_routes_count,api-gateway,10.42.1.129:8080,"{'__name__': 'spring_cloud_gateway_routes_count', 'instance': '10.42.1.129:8080', 'job': 'spring-petclinic'}",3,same_network,3,300
2026-07-24T22:05:37.804529+00:00,2026-07-24T22:05:37.967000+00:00,spring_data_repository_invocations_seconds_count,customers-service,10.42.0.186:8080,"{'__name__': 'spring_data_repository_invocations_seconds_count', 'exception': 'None', 'instance': '10.42.0.186:8080', 'job': 'spring-petclinic', 'method': 'findAll', 'repository': 'OwnerRepository', 'state': 'SUCCESS'}",306783,same_network,3,300
2026-07-24T22:05:37.804529+00:00,2026-07-24T22:05:37.967000+00:00,spring_data_repository_invocations_seconds_count,customers-service,10.42.0.186:8080,"{'__name__': 'spring_data_repository_invocations_seconds_count', 'exception': 'None', 'instance': '10.42.0.186:8080', 'job': 'spring-petclinic', 'method': 'findById', 'repository': 'OwnerRepository', 'state': 'SUCCESS'}",306636,same_network,3,300
2026-07-24T22:05:37.804529+00:00,2026-07-24T22:05:37.967000+00:00,spring_data_repository_invocations_seconds_count,visits-service,10.42.1.122:8080,"{'__name__': 'spring_data_repository_invocations_seconds_count', 'exception': 'None', 'instance': '10.42.1.122:8080', 'job': 'spring-petclinic', 'method': 'findByPetId', 'repository': 'VisitRepository', 'state': 'SUCCESS'}",300268,same_network,3,300
2026-07-24T22:05:37.804529+00:00,2026-07-24T22:05:37.967000+00:00,spring_data_repository_invocations_seconds_count,vets-service,10.42.1.123:8080,"{'__name__': 'spring_data_repository_invocations_seconds_count', 'exception': 'None', 'instance': '10.42.1.123:8080', 'job': 'spring-petclinic', 'method': 'findAll', 'repository': 'VetRepository', 'state': 'SUCCESS'}",295682,same_network,3,300
2026-07-24T22:05:37.804529+00:00,2026-07-24T22:05:37.967000+00:00,spring_data_repository_invocations_seconds_count,vets-service,10.42.1.124:8080,"{'__name__': 'spring_data_repository_invocations_seconds_count', 'exception': 'None', 'instance': '10.42.1.124:8080', 'job': 'spring-petclinic', 'method': 'findAll', 'repository': 'VetRepository', 'state': 'SUCCESS'}",299975,same_network,3,300
2026-07-24T22:05:37.804529+00:00,2026-07-24T22:05:37.967000+00:00,spring_data_repository_invocations_seconds_count,visits-service,10.42.1.125:8080,"{'__name__': 'spring_data_repository_invocations_seconds_count', 'exception': 'None', 'instance': '10.42.1.125:8080', 'job': 'spring-petclinic', 'method': 'findByPetId', 'repository': 'VisitRepository', 'state': 'SUCCESS'}",296145,same_network,3,300
2026-07-24T22:05:37.804529+00:00,2026-07-24T22:05:37.967000+00:00,spring_data_repository_invocations_seconds_count,customers-service,10.42.1.126:8080,"{'__name__': 'spring_data_repository_invocations_seconds_count', 'exception': 'None', 'instance': '10.42.1.126:8080', 'job': 'spring-petclinic', 'method': 'findAll', 'repository': 'OwnerRepository', 'state': 'SUCCESS'}",294555,same_network,3,300
2026-07-24T22:05:37.804529+00:00,2026-07-24T22:05:37.967000+00:00,spring_data_repository_invocations_seconds_count,customers-service,10.42.1.126:8080,"{'__name__': 'spring_data_repository_invocations_seconds_count', 'exception': 'None', 'instance': '10.42.1.126:8080', 'job': 'spring-petclinic', 'method': 'findById', 'repository': 'OwnerRepository', 'state': 'SUCCESS'}",295208,same_network,3,300
2026-07-24T22:05:37.804529+00:00,2026-07-24T22:05:37.967000+00:00,spring_data_repository_invocations_seconds_count,customers-service,10.42.0.186:8080,"{'__name__': 'spring_data_repository_invocations_seconds_count', 'exception': 'PersistenceException', 'instance': '10.42.0.186:8080', 'job': 'spring-petclinic', 'method': 'findAll', 'repository': 'OwnerRepository', 'state': 'ERROR'}",6,same_network,3,300
2026-07-24T22:05:37.804529+00:00,2026-07-24T22:05:37.967000+00:00,spring_data_repository_invocations_seconds_count,customers-service,10.42.0.186:8080,"{'__name__': 'spring_data_repository_invocations_seconds_count', 'exception': 'PersistenceException', 'instance': '10.42.0.186:8080', 'job': 'spring-petclinic', 'method': 'findById', 'repository': 'OwnerRepository', 'state': 'ERROR'}",1,same_network,3,300
2026-07-24T22:05:37.804529+00:00,2026-07-24T22:05:37.972000+00:00,spring_data_repository_invocations_seconds_max,customers-service,10.42.0.186:8080,"{'__name__': 'spring_data_repository_invocations_seconds_max', 'exception': 'None', 'instance': '10.42.0.186:8080', 'job': 'spring-petclinic', 'method': 'findAll', 'repository': 'OwnerRepository', 'state': 'SUCCESS'}",0.310934727,same_network,3,300
2026-07-24T22:05:37.804529+00:00,2026-07-24T22:05:37.972000+00:00,spring_data_repository_invocations_seconds_max,customers-service,10.42.0.186:8080,"{'__name__': 'spring_data_repository_invocations_seconds_max', 'exception': 'None', 'instance': '10.42.0.186:8080', 'job': 'spring-petclinic', 'method': 'findById', 'repository': 'OwnerRepository', 'state': 'SUCCESS'}",0.113627337,same_network,3,300
2026-07-24T22:05:37.804529+00:00,2026-07-24T22:05:37.972000+00:00,spring_data_repository_invocations_seconds_max,visits-service,10.42.1.122:8080,"{'__name__': 'spring_data_repository_invocations_seconds_max', 'exception': 'None', 'instance': '10.42.1.122:8080', 'job': 'spring-petclinic', 'method': 'findByPetId', 'repository': 'VisitRepository', 'state': 'SUCCESS'}",0.055188001,same_network,3,300
2026-07-24T22:05:37.804529+00:00,2026-07-24T22:05:37.972000+00:00,spring_data_repository_invocations_seconds_max,vets-service,10.42.1.123:8080,"{'__name__': 'spring_data_repository_invocations_seconds_max', 'exception': 'None', 'instance': '10.42.1.123:8080', 'job': 'spring-petclinic', 'method': 'findAll', 'repository': 'VetRepository', 'state': 'SUCCESS'}",0.128025921,same_network,3,300
2026-07-24T22:05:37.804529+00:00,2026-07-24T22:05:37.972000+00:00,spring_data_repository_invocations_seconds_max,vets-service,10.42.1.124:8080,"{'__name__': 'spring_data_repository_invocations_seconds_max', 'exception': 'None', 'instance': '10.42.1.124:8080', 'job': 'spring-petclinic', 'method': 'findAll', 'repository': 'VetRepository', 'state': 'SUCCESS'}",0.133150429,same_network,3,300
2026-07-24T22:05:37.804529+00:00,2026-07-24T22:05:37.972000+00:00,spring_data_repository_invocations_seconds_max,visits-service,10.42.1.125:8080,"{'__name__': 'spring_data_repository_invocations_seconds_max', 'exception': 'None', 'instance': '10.42.1.125:8080', 'job': 'spring-petclinic', 'method': 'findByPetId', 'repository': 'VisitRepository', 'state': 'SUCCESS'}",0.055492733,same_network,3,300
2026-07-24T22:05:37.804529+00:00,2026-07-24T22:05:37.972000+00:00,spring_data_repository_invocations_seconds_max,customers-service,10.42.1.126:8080,"{'__name__': 'spring_data_repository_invocations_seconds_max', 'exception': 'None', 'instance': '10.42.1.126:8080', 'job': 'spring-petclinic', 'method': 'findAll', 'repository': 'OwnerRepository', 'state': 'SUCCESS'}",0.189475013,same_network,3,300
2026-07-24T22:05:37.804529+00:00,2026-07-24T22:05:37.972000+00:00,spring_data_repository_invocations_seconds_max,customers-service,10.42.1.126:8080,"{'__name__': 'spring_data_repository_invocations_seconds_max', 'exception': 'None', 'instance': '10.42.1.126:8080', 'job': 'spring-petclinic', 'method': 'findById', 'repository': 'OwnerRepository', 'state': 'SUCCESS'}",0.038794094,same_network,3,300
2026-07-24T22:05:37.804529+00:00,2026-07-24T22:05:37.972000+00:00,spring_data_repository_invocations_seconds_max,customers-service,10.42.0.186:8080,"{'__name__': 'spring_data_repository_invocations_seconds_max', 'exception': 'PersistenceException', 'instance': '10.42.0.186:8080', 'job': 'spring-petclinic', 'method': 'findAll', 'repository': 'OwnerRepository', 'state': 'ERROR'}",0,same_network,3,300
2026-07-24T22:05:37.804529+00:00,2026-07-24T22:05:37.972000+00:00,spring_data_repository_invocations_seconds_max,customers-service,10.42.0.186:8080,"{'__name__': 'spring_data_repository_invocations_seconds_max', 'exception': 'PersistenceException', 'instance': '10.42.0.186:8080', 'job': 'spring-petclinic', 'method': 'findById', 'repository': 'OwnerRepository', 'state': 'ERROR'}",0,same_network,3,300
2026-07-24T22:05:37.804529+00:00,2026-07-24T22:05:37.977000+00:00,spring_data_repository_invocations_seconds_sum,customers-service,10.42.0.186:8080,"{'__name__': 'spring_data_repository_invocations_seconds_sum', 'exception': 'None', 'instance': '10.42.0.186:8080', 'job': 'spring-petclinic', 'method': 'findAll', 'repository': 'OwnerRepository', 'state': 'SUCCESS'}",28948.364768777,same_network,3,300
2026-07-24T22:05:37.804529+00:00,2026-07-24T22:05:37.977000+00:00,spring_data_repository_invocations_seconds_sum,customers-service,10.42.0.186:8080,"{'__name__': 'spring_data_repository_invocations_seconds_sum', 'exception': 'None', 'instance': '10.42.0.186:8080', 'job': 'spring-petclinic', 'method': 'findById', 'repository': 'OwnerRepository', 'state': 'SUCCESS'}",2792.272040033,same_network,3,300
2026-07-24T22:05:37.804529+00:00,2026-07-24T22:05:37.977000+00:00,spring_data_repository_invocations_seconds_sum,visits-service,10.42.1.122:8080,"{'__name__': 'spring_data_repository_invocations_seconds_sum', 'exception': 'None', 'instance': '10.42.1.122:8080', 'job': 'spring-petclinic', 'method': 'findByPetId', 'repository': 'VisitRepository', 'state': 'SUCCESS'}",3829.076071829,same_network,3,300
2026-07-24T22:05:37.804529+00:00,2026-07-24T22:05:37.977000+00:00,spring_data_repository_invocations_seconds_sum,vets-service,10.42.1.123:8080,"{'__name__': 'spring_data_repository_invocations_seconds_sum', 'exception': 'None', 'instance': '10.42.1.123:8080', 'job': 'spring-petclinic', 'method': 'findAll', 'repository': 'VetRepository', 'state': 'SUCCESS'}",19413.508272856,same_network,3,300
2026-07-24T22:05:37.804529+00:00,2026-07-24T22:05:37.977000+00:00,spring_data_repository_invocations_seconds_sum,vets-service,10.42.1.124:8080,"{'__name__': 'spring_data_repository_invocations_seconds_sum', 'exception': 'None', 'instance': '10.42.1.124:8080', 'job': 'spring-petclinic', 'method': 'findAll', 'repository': 'VetRepository', 'state': 'SUCCESS'}",19655.735383833,same_network,3,300
2026-07-24T22:05:37.804529+00:00,2026-07-24T22:05:37.977000+00:00,spring_data_repository_invocations_seconds_sum,visits-service,10.42.1.125:8080,"{'__name__': 'spring_data_repository_invocations_seconds_sum', 'exception': 'None', 'instance': '10.42.1.125:8080', 'job': 'spring-petclinic', 'method': 'findByPetId', 'repository': 'VisitRepository', 'state': 'SUCCESS'}",3693.674601013,same_network,3,300
2026-07-24T22:05:37.804529+00:00,2026-07-24T22:05:37.977000+00:00,spring_data_repository_invocations_seconds_sum,customers-service,10.42.1.126:8080,"{'__name__': 'spring_data_repository_invocations_seconds_sum', 'exception': 'None', 'instance': '10.42.1.126:8080', 'job': 'spring-petclinic', 'method': 'findAll', 'repository': 'OwnerRepository', 'state': 'SUCCESS'}",30336.27919957,same_network,3,300
2026-07-24T22:05:37.804529+00:00,2026-07-24T22:05:37.977000+00:00,spring_data_repository_invocations_seconds_sum,customers-service,10.42.1.126:8080,"{'__name__': 'spring_data_repository_invocations_seconds_sum', 'exception': 'None', 'instance': '10.42.1.126:8080', 'job': 'spring-petclinic', 'method': 'findById', 'repository': 'OwnerRepository', 'state': 'SUCCESS'}",2877.093490519,same_network,3,300
2026-07-24T22:05:37.804529+00:00,2026-07-24T22:05:37.977000+00:00,spring_data_repository_invocations_seconds_sum,customers-service,10.42.0.186:8080,"{'__name__': 'spring_data_repository_invocations_seconds_sum', 'exception': 'PersistenceException', 'instance': '10.42.0.186:8080', 'job': 'spring-petclinic', 'method': 'findAll', 'repository': 'OwnerRepository', 'state': 'ERROR'}",162.317731366,same_network,3,300
2026-07-24T22:05:37.804529+00:00,2026-07-24T22:05:37.977000+00:00,spring_data_repository_invocations_seconds_sum,customers-service,10.42.0.186:8080,"{'__name__': 'spring_data_repository_invocations_seconds_sum', 'exception': 'PersistenceException', 'instance': '10.42.0.186:8080', 'job': 'spring-petclinic', 'method': 'findById', 'repository': 'OwnerRepository', 'state': 'ERROR'}",27.935482957,same_network,3,300
2026-07-24T22:05:37.804529+00:00,2026-07-24T22:05:37.982000+00:00,petclinic_owner_seconds_count,customers-service,10.42.0.186:8080,"{'__name__': 'petclinic_owner_seconds_count', 'exception': 'CannotCreateTransactionException', 'instance': '10.42.0.186:8080', 'job': 'spring-petclinic', 'method': 'GET', 'outcome': 'SERVER_ERROR', 'status': '500', 'uri': '/owners'}",1,same_network,3,300
2026-07-24T22:05:37.804529+00:00,2026-07-24T22:05:37.982000+00:00,petclinic_owner_seconds_count,customers-service,10.42.0.186:8080,"{'__name__': 'petclinic_owner_seconds_count', 'exception': 'CannotCreateTransactionException', 'instance': '10.42.0.186:8080', 'job': 'spring-petclinic', 'method': 'GET', 'outcome': 'SERVER_ERROR', 'status': '500', 'uri': '/owners/{ownerId}'}",2,same_network,3,300
2026-07-24T22:05:37.804529+00:00,2026-07-24T22:05:37.982000+00:00,petclinic_owner_seconds_count,customers-service,10.42.0.186:8080,"{'__name__': 'petclinic_owner_seconds_count', 'exception': 'JpaSystemException', 'instance': '10.42.0.186:8080', 'job': 'spring-petclinic', 'method': 'GET', 'outcome': 'SERVER_ERROR', 'status': '500', 'uri': '/owners/{ownerId}'}",1,same_network,3,300
2026-07-24T22:05:37.804529+00:00,2026-07-24T22:05:37.982000+00:00,petclinic_owner_seconds_count,customers-service,10.42.0.186:8080,"{'__name__': 'petclinic_owner_seconds_count', 'exception': 'None', 'instance': '10.42.0.186:8080', 'job': 'spring-petclinic', 'method': 'GET', 'outcome': 'SUCCESS', 'status': '200', 'uri': '/owners'}",306783,same_network,3,300
2026-07-24T22:05:37.804529+00:00,2026-07-24T22:05:37.982000+00:00,petclinic_owner_seconds_count,customers-service,10.42.0.186:8080,"{'__name__': 'petclinic_owner_seconds_count', 'exception': 'None', 'instance': '10.42.0.186:8080', 'job': 'spring-petclinic', 'method': 'GET', 'outcome': 'SUCCESS', 'status': '200', 'uri': '/owners/{ownerId}'}",306635,same_network,3,300
2026-07-24T22:05:37.804529+00:00,2026-07-24T22:05:37.982000+00:00,petclinic_owner_seconds_count,customers-service,10.42.1.126:8080,"{'__name__': 'petclinic_owner_seconds_count', 'exception': 'None', 'instance': '10.42.1.126:8080', 'job': 'spring-petclinic', 'method': 'GET', 'outcome': 'SUCCESS', 'status': '200', 'uri': '/owners'}",294555,same_network,3,300
2026-07-24T22:05:37.804529+00:00,2026-07-24T22:05:37.982000+00:00,petclinic_owner_seconds_count,customers-service,10.42.1.126:8080,"{'__name__': 'petclinic_owner_seconds_count', 'exception': 'None', 'instance': '10.42.1.126:8080', 'job': 'spring-petclinic', 'method': 'GET', 'outcome': 'SUCCESS', 'status': '200', 'uri': '/owners/{ownerId}'}",295207,same_network,3,300
2026-07-24T22:05:37.804529+00:00,2026-07-24T22:05:37.982000+00:00,petclinic_owner_seconds_count,customers-service,10.42.0.186:8080,"{'__name__': 'petclinic_owner_seconds_count', 'exception': 'TransactionSystemException', 'instance': '10.42.0.186:8080', 'job': 'spring-petclinic', 'method': 'GET', 'outcome': 'SERVER_ERROR', 'status': '500', 'uri': '/owners'}",6,same_network,3,300
2026-07-24T22:05:37.804529+00:00,2026-07-24T22:05:37.982000+00:00,petclinic_owner_seconds_count,customers-service,10.42.0.186:8080,"{'__name__': 'petclinic_owner_seconds_count', 'exception': 'TransactionSystemException', 'instance': '10.42.0.186:8080', 'job': 'spring-petclinic', 'method': 'GET', 'outcome': 'SERVER_ERROR', 'status': '500', 'uri': '/owners/{ownerId}'}",1,same_network,3,300
2026-07-24T22:05:37.804529+00:00,2026-07-24T22:05:37.988000+00:00,petclinic_owner_seconds_max,customers-service,10.42.0.186:8080,"{'__name__': 'petclinic_owner_seconds_max', 'exception': 'CannotCreateTransactionException', 'instance': '10.42.0.186:8080', 'job': 'spring-petclinic', 'method': 'GET', 'outcome': 'SERVER_ERROR', 'status': '500', 'uri': '/owners'}",0,same_network,3,300
2026-07-24T22:05:37.804529+00:00,2026-07-24T22:05:37.988000+00:00,petclinic_owner_seconds_max,customers-service,10.42.0.186:8080,"{'__name__': 'petclinic_owner_seconds_max', 'exception': 'CannotCreateTransactionException', 'instance': '10.42.0.186:8080', 'job': 'spring-petclinic', 'method': 'GET', 'outcome': 'SERVER_ERROR', 'status': '500', 'uri': '/owners/{ownerId}'}",0,same_network,3,300
2026-07-24T22:05:37.804529+00:00,2026-07-24T22:05:37.988000+00:00,petclinic_owner_seconds_max,customers-service,10.42.0.186:8080,"{'__name__': 'petclinic_owner_seconds_max', 'exception': 'JpaSystemException', 'instance': '10.42.0.186:8080', 'job': 'spring-petclinic', 'method': 'GET', 'outcome': 'SERVER_ERROR', 'status': '500', 'uri': '/owners/{ownerId}'}",0,same_network,3,300
2026-07-24T22:05:37.804529+00:00,2026-07-24T22:05:37.988000+00:00,petclinic_owner_seconds_max,customers-service,10.42.0.186:8080,"{'__name__': 'petclinic_owner_seconds_max', 'exception': 'None', 'instance': '10.42.0.186:8080', 'job': 'spring-petclinic', 'method': 'GET', 'outcome': 'SUCCESS', 'status': '200', 'uri': '/owners'}",0.500143074,same_network,3,300
2026-07-24T22:05:37.804529+00:00,2026-07-24T22:05:37.988000+00:00,petclinic_owner_seconds_max,customers-service,10.42.0.186:8080,"{'__name__': 'petclinic_owner_seconds_max', 'exception': 'None', 'instance': '10.42.0.186:8080', 'job': 'spring-petclinic', 'method': 'GET', 'outcome': 'SUCCESS', 'status': '200', 'uri': '/owners/{ownerId}'}",0.390927949,same_network,3,300
2026-07-24T22:05:37.804529+00:00,2026-07-24T22:05:37.988000+00:00,petclinic_owner_seconds_max,customers-service,10.42.1.126:8080,"{'__name__': 'petclinic_owner_seconds_max', 'exception': 'None', 'instance': '10.42.1.126:8080', 'job': 'spring-petclinic', 'method': 'GET', 'outcome': 'SUCCESS', 'status': '200', 'uri': '/owners'}",0.331143598,same_network,3,300
2026-07-24T22:05:37.804529+00:00,2026-07-24T22:05:37.988000+00:00,petclinic_owner_seconds_max,customers-service,10.42.1.126:8080,"{'__name__': 'petclinic_owner_seconds_max', 'exception': 'None', 'instance': '10.42.1.126:8080', 'job': 'spring-petclinic', 'method': 'GET', 'outcome': 'SUCCESS', 'status': '200', 'uri': '/owners/{ownerId}'}",0.253022085,same_network,3,300
2026-07-24T22:05:37.804529+00:00,2026-07-24T22:05:37.988000+00:00,petclinic_owner_seconds_max,customers-service,10.42.0.186:8080,"{'__name__': 'petclinic_owner_seconds_max', 'exception': 'TransactionSystemException', 'instance': '10.42.0.186:8080', 'job': 'spring-petclinic', 'method': 'GET', 'outcome': 'SERVER_ERROR', 'status': '500', 'uri': '/owners'}",0,same_network,3,300
2026-07-24T22:05:37.804529+00:00,2026-07-24T22:05:37.988000+00:00,petclinic_owner_seconds_max,customers-service,10.42.0.186:8080,"{'__name__': 'petclinic_owner_seconds_max', 'exception': 'TransactionSystemException', 'instance': '10.42.0.186:8080', 'job': 'spring-petclinic', 'method': 'GET', 'outcome': 'SERVER_ERROR', 'status': '500', 'uri': '/owners/{ownerId}'}",0,same_network,3,300
2026-07-24T22:05:37.804529+00:00,2026-07-24T22:05:37.993000+00:00,petclinic_owner_seconds_sum,customers-service,10.42.0.186:8080,"{'__name__': 'petclinic_owner_seconds_sum', 'exception': 'CannotCreateTransactionException', 'instance': '10.42.0.186:8080', 'job': 'spring-petclinic', 'method': 'GET', 'outcome': 'SERVER_ERROR', 'status': '500', 'uri': '/owners'}",30.011462249,same_network,3,300
2026-07-24T22:05:37.804529+00:00,2026-07-24T22:05:37.993000+00:00,petclinic_owner_seconds_sum,customers-service,10.42.0.186:8080,"{'__name__': 'petclinic_owner_seconds_sum', 'exception': 'CannotCreateTransactionException', 'instance': '10.42.0.186:8080', 'job': 'spring-petclinic', 'method': 'GET', 'outcome': 'SERVER_ERROR', 'status': '500', 'uri': '/owners/{ownerId}'}",57.928555052,same_network,3,300
2026-07-24T22:05:37.804529+00:00,2026-07-24T22:05:37.993000+00:00,petclinic_owner_seconds_sum,customers-service,10.42.0.186:8080,"{'__name__': 'petclinic_owner_seconds_sum', 'exception': 'JpaSystemException', 'instance': '10.42.0.186:8080', 'job': 'spring-petclinic', 'method': 'GET', 'outcome': 'SERVER_ERROR', 'status': '500', 'uri': '/owners/{ownerId}'}",29.962295767,same_network,3,300
2026-07-24T22:05:37.804529+00:00,2026-07-24T22:05:37.993000+00:00,petclinic_owner_seconds_sum,customers-service,10.42.0.186:8080,"{'__name__': 'petclinic_owner_seconds_sum', 'exception': 'None', 'instance': '10.42.0.186:8080', 'job': 'spring-petclinic', 'method': 'GET', 'outcome': 'SUCCESS', 'status': '200', 'uri': '/owners'}",72151.580778026,same_network,3,300
2026-07-24T22:05:37.804529+00:00,2026-07-24T22:05:37.993000+00:00,petclinic_owner_seconds_sum,customers-service,10.42.0.186:8080,"{'__name__': 'petclinic_owner_seconds_sum', 'exception': 'None', 'instance': '10.42.0.186:8080', 'job': 'spring-petclinic', 'method': 'GET', 'outcome': 'SUCCESS', 'status': '200', 'uri': '/owners/{ownerId}'}",45655.520739799,same_network,3,300
2026-07-24T22:05:37.804529+00:00,2026-07-24T22:05:37.993000+00:00,petclinic_owner_seconds_sum,customers-service,10.42.1.126:8080,"{'__name__': 'petclinic_owner_seconds_sum', 'exception': 'None', 'instance': '10.42.1.126:8080', 'job': 'spring-petclinic', 'method': 'GET', 'outcome': 'SUCCESS', 'status': '200', 'uri': '/owners'}",64524.699326328,same_network,3,300
2026-07-24T22:05:37.804529+00:00,2026-07-24T22:05:37.993000+00:00,petclinic_owner_seconds_sum,customers-service,10.42.1.126:8080,"{'__name__': 'petclinic_owner_seconds_sum', 'exception': 'None', 'instance': '10.42.1.126:8080', 'job': 'spring-petclinic', 'method': 'GET', 'outcome': 'SUCCESS', 'status': '200', 'uri': '/owners/{ownerId}'}",37741.610129129,same_network,3,300
2026-07-24T22:05:37.804529+00:00,2026-07-24T22:05:37.993000+00:00,petclinic_owner_seconds_sum,customers-service,10.42.0.186:8080,"{'__name__': 'petclinic_owner_seconds_sum', 'exception': 'TransactionSystemException', 'instance': '10.42.0.186:8080', 'job': 'spring-petclinic', 'method': 'GET', 'outcome': 'SERVER_ERROR', 'status': '500', 'uri': '/owners'}",162.536228172,same_network,3,300
2026-07-24T22:05:37.804529+00:00,2026-07-24T22:05:37.993000+00:00,petclinic_owner_seconds_sum,customers-service,10.42.0.186:8080,"{'__name__': 'petclinic_owner_seconds_sum', 'exception': 'TransactionSystemException', 'instance': '10.42.0.186:8080', 'job': 'spring-petclinic', 'method': 'GET', 'outcome': 'SERVER_ERROR', 'status': '500', 'uri': '/owners/{ownerId}'}",27.98418218,same_network,3,300
2026-07-24T22:05:37.804529+00:00,2026-07-24T22:05:38+00:00,petclinic_visit_seconds_count,visits-service,10.42.1.122:8080,"{'__name__': 'petclinic_visit_seconds_count', 'exception': 'None', 'instance': '10.42.1.122:8080', 'job': 'spring-petclinic', 'method': 'GET', 'outcome': 'SUCCESS', 'status': '200', 'uri': '/owners/*/pets/{petId}/visits'}",300268,same_network,3,300
2026-07-24T22:05:37.804529+00:00,2026-07-24T22:05:38+00:00,petclinic_visit_seconds_count,visits-service,10.42.1.125:8080,"{'__name__': 'petclinic_visit_seconds_count', 'exception': 'None', 'instance': '10.42.1.125:8080', 'job': 'spring-petclinic', 'method': 'GET', 'outcome': 'SUCCESS', 'status': '200', 'uri': '/owners/*/pets/{petId}/visits'}",296145,same_network,3,300
2026-07-24T22:05:37.804529+00:00,2026-07-24T22:05:38.005000+00:00,petclinic_visit_seconds_max,visits-service,10.42.1.122:8080,"{'__name__': 'petclinic_visit_seconds_max', 'exception': 'None', 'instance': '10.42.1.122:8080', 'job': 'spring-petclinic', 'method': 'GET', 'outcome': 'SUCCESS', 'status': '200', 'uri': '/owners/*/pets/{petId}/visits'}",0.056026814,same_network,3,300
2026-07-24T22:05:37.804529+00:00,2026-07-24T22:05:38.005000+00:00,petclinic_visit_seconds_max,visits-service,10.42.1.125:8080,"{'__name__': 'petclinic_visit_seconds_max', 'exception': 'None', 'instance': '10.42.1.125:8080', 'job': 'spring-petclinic', 'method': 'GET', 'outcome': 'SUCCESS', 'status': '200', 'uri': '/owners/*/pets/{petId}/visits'}",0.057629753,same_network,3,300
2026-07-24T22:05:37.804529+00:00,2026-07-24T22:05:38.010000+00:00,petclinic_visit_seconds_sum,visits-service,10.42.1.122:8080,"{'__name__': 'petclinic_visit_seconds_sum', 'exception': 'None', 'instance': '10.42.1.122:8080', 'job': 'spring-petclinic', 'method': 'GET', 'outcome': 'SUCCESS', 'status': '200', 'uri': '/owners/*/pets/{petId}/visits'}",4523.342968666,same_network,3,300
2026-07-24T22:05:37.804529+00:00,2026-07-24T22:05:38.010000+00:00,petclinic_visit_seconds_sum,visits-service,10.42.1.125:8080,"{'__name__': 'petclinic_visit_seconds_sum', 'exception': 'None', 'instance': '10.42.1.125:8080', 'job': 'spring-petclinic', 'method': 'GET', 'outcome': 'SUCCESS', 'status': '200', 'uri': '/owners/*/pets/{petId}/visits'}",4528.243504649,same_network,3,300
2026-07-24T22:05:37.804529+00:00,2026-07-24T22:05:38.015000+00:00,hikaricp_connections,customers-service,10.42.0.186:8080,"{'__name__': 'hikaricp_connections', 'instance': '10.42.0.186:8080', 'job': 'spring-petclinic', 'pool': 'HikariPool-1'}",10,same_network,3,300
2026-07-24T22:05:37.804529+00:00,2026-07-24T22:05:38.015000+00:00,hikaricp_connections,visits-service,10.42.1.122:8080,"{'__name__': 'hikaricp_connections', 'instance': '10.42.1.122:8080', 'job': 'spring-petclinic', 'pool': 'HikariPool-1'}",10,same_network,3,300
2026-07-24T22:05:37.804529+00:00,2026-07-24T22:05:38.015000+00:00,hikaricp_connections,vets-service,10.42.1.123:8080,"{'__name__': 'hikaricp_connections', 'instance': '10.42.1.123:8080', 'job': 'spring-petclinic', 'pool': 'HikariPool-1'}",10,same_network,3,300
2026-07-24T22:05:37.804529+00:00,2026-07-24T22:05:38.015000+00:00,hikaricp_connections,vets-service,10.42.1.124:8080,"{'__name__': 'hikaricp_connections', 'instance': '10.42.1.124:8080', 'job': 'spring-petclinic', 'pool': 'HikariPool-1'}",10,same_network,3,300
2026-07-24T22:05:37.804529+00:00,2026-07-24T22:05:38.015000+00:00,hikaricp_connections,visits-service,10.42.1.125:8080,"{'__name__': 'hikaricp_connections', 'instance': '10.42.1.125:8080', 'job': 'spring-petclinic', 'pool': 'HikariPool-1'}",10,same_network,3,300
2026-07-24T22:05:37.804529+00:00,2026-07-24T22:05:38.015000+00:00,hikaricp_connections,customers-service,10.42.1.126:8080,"{'__name__': 'hikaricp_connections', 'instance': '10.42.1.126:8080', 'job': 'spring-petclinic', 'pool': 'HikariPool-1'}",10,same_network,3,300
2026-07-24T22:05:37.804529+00:00,2026-07-24T22:05:38.019000+00:00,hikaricp_connections_active,customers-service,10.42.0.186:8080,"{'__name__': 'hikaricp_connections_active', 'instance': '10.42.0.186:8080', 'job': 'spring-petclinic', 'pool': 'HikariPool-1'}",5,same_network,3,300
2026-07-24T22:05:37.804529+00:00,2026-07-24T22:05:38.019000+00:00,hikaricp_connections_active,visits-service,10.42.1.122:8080,"{'__name__': 'hikaricp_connections_active', 'instance': '10.42.1.122:8080', 'job': 'spring-petclinic', 'pool': 'HikariPool-1'}",0,same_network,3,300
2026-07-24T22:05:37.804529+00:00,2026-07-24T22:05:38.019000+00:00,hikaricp_connections_active,vets-service,10.42.1.123:8080,"{'__name__': 'hikaricp_connections_active', 'instance': '10.42.1.123:8080', 'job': 'spring-petclinic', 'pool': 'HikariPool-1'}",3,same_network,3,300
2026-07-24T22:05:37.804529+00:00,2026-07-24T22:05:38.019000+00:00,hikaricp_connections_active,vets-service,10.42.1.124:8080,"{'__name__': 'hikaricp_connections_active', 'instance': '10.42.1.124:8080', 'job': 'spring-petclinic', 'pool': 'HikariPool-1'}",4,same_network,3,300
2026-07-24T22:05:37.804529+00:00,2026-07-24T22:05:38.019000+00:00,hikaricp_connections_active,visits-service,10.42.1.125:8080,"{'__name__': 'hikaricp_connections_active', 'instance': '10.42.1.125:8080', 'job': 'spring-petclinic', 'pool': 'HikariPool-1'}",0,same_network,3,300
2026-07-24T22:05:37.804529+00:00,2026-07-24T22:05:38.019000+00:00,hikaricp_connections_active,customers-service,10.42.1.126:8080,"{'__name__': 'hikaricp_connections_active', 'instance': '10.42.1.126:8080', 'job': 'spring-petclinic', 'pool': 'HikariPool-1'}",7,same_network,3,300
2026-07-24T22:05:37.804529+00:00,2026-07-24T22:05:38.026000+00:00,hikaricp_connections_idle,customers-service,10.42.0.186:8080,"{'__name__': 'hikaricp_connections_idle', 'instance': '10.42.0.186:8080', 'job': 'spring-petclinic', 'pool': 'HikariPool-1'}",5,same_network,3,300
2026-07-24T22:05:37.804529+00:00,2026-07-24T22:05:38.026000+00:00,hikaricp_connections_idle,visits-service,10.42.1.122:8080,"{'__name__': 'hikaricp_connections_idle', 'instance': '10.42.1.122:8080', 'job': 'spring-petclinic', 'pool': 'HikariPool-1'}",10,same_network,3,300
2026-07-24T22:05:37.804529+00:00,2026-07-24T22:05:38.026000+00:00,hikaricp_connections_idle,vets-service,10.42.1.123:8080,"{'__name__': 'hikaricp_connections_idle', 'instance': '10.42.1.123:8080', 'job': 'spring-petclinic', 'pool': 'HikariPool-1'}",7,same_network,3,300
2026-07-24T22:05:37.804529+00:00,2026-07-24T22:05:38.026000+00:00,hikaricp_connections_idle,vets-service,10.42.1.124:8080,"{'__name__': 'hikaricp_connections_idle', 'instance': '10.42.1.124:8080', 'job': 'spring-petclinic', 'pool': 'HikariPool-1'}",6,same_network,3,300
2026-07-24T22:05:37.804529+00:00,2026-07-24T22:05:38.026000+00:00,hikaricp_connections_idle,visits-service,10.42.1.125:8080,"{'__name__': 'hikaricp_connections_idle', 'instance': '10.42.1.125:8080', 'job': 'spring-petclinic', 'pool': 'HikariPool-1'}",10,same_network,3,300
2026-07-24T22:05:37.804529+00:00,2026-07-24T22:05:38.026000+00:00,hikaricp_connections_idle,customers-service,10.42.1.126:8080,"{'__name__': 'hikaricp_connections_idle', 'instance': '10.42.1.126:8080', 'job': 'spring-petclinic', 'pool': 'HikariPool-1'}",3,same_network,3,300
2026-07-24T22:05:37.804529+00:00,2026-07-24T22:05:38.032000+00:00,hikaricp_connections_max,customers-service,10.42.0.186:8080,"{'__name__': 'hikaricp_connections_max', 'instance': '10.42.0.186:8080', 'job': 'spring-petclinic', 'pool': 'HikariPool-1'}",10,same_network,3,300
2026-07-24T22:05:37.804529+00:00,2026-07-24T22:05:38.032000+00:00,hikaricp_connections_max,visits-service,10.42.1.122:8080,"{'__name__': 'hikaricp_connections_max', 'instance': '10.42.1.122:8080', 'job': 'spring-petclinic', 'pool': 'HikariPool-1'}",10,same_network,3,300
2026-07-24T22:05:37.804529+00:00,2026-07-24T22:05:38.032000+00:00,hikaricp_connections_max,vets-service,10.42.1.123:8080,"{'__name__': 'hikaricp_connections_max', 'instance': '10.42.1.123:8080', 'job': 'spring-petclinic', 'pool': 'HikariPool-1'}",10,same_network,3,300
2026-07-24T22:05:37.804529+00:00,2026-07-24T22:05:38.032000+00:00,hikaricp_connections_max,vets-service,10.42.1.124:8080,"{'__name__': 'hikaricp_connections_max', 'instance': '10.42.1.124:8080', 'job': 'spring-petclinic', 'pool': 'HikariPool-1'}",10,same_network,3,300
2026-07-24T22:05:37.804529+00:00,2026-07-24T22:05:38.032000+00:00,hikaricp_connections_max,visits-service,10.42.1.125:8080,"{'__name__': 'hikaricp_connections_max', 'instance': '10.42.1.125:8080', 'job': 'spring-petclinic', 'pool': 'HikariPool-1'}",10,same_network,3,300
2026-07-24T22:05:37.804529+00:00,2026-07-24T22:05:38.032000+00:00,hikaricp_connections_max,customers-service,10.42.1.126:8080,"{'__name__': 'hikaricp_connections_max', 'instance': '10.42.1.126:8080', 'job': 'spring-petclinic', 'pool': 'HikariPool-1'}",10,same_network,3,300
2026-07-24T22:05:37.804529+00:00,2026-07-24T22:05:38.038000+00:00,hikaricp_connections_min,customers-service,10.42.0.186:8080,"{'__name__': 'hikaricp_connections_min', 'instance': '10.42.0.186:8080', 'job': 'spring-petclinic', 'pool': 'HikariPool-1'}",10,same_network,3,300
2026-07-24T22:05:37.804529+00:00,2026-07-24T22:05:38.038000+00:00,hikaricp_connections_min,visits-service,10.42.1.122:8080,"{'__name__': 'hikaricp_connections_min', 'instance': '10.42.1.122:8080', 'job': 'spring-petclinic', 'pool': 'HikariPool-1'}",10,same_network,3,300
2026-07-24T22:05:37.804529+00:00,2026-07-24T22:05:38.038000+00:00,hikaricp_connections_min,vets-service,10.42.1.123:8080,"{'__name__': 'hikaricp_connections_min', 'instance': '10.42.1.123:8080', 'job': 'spring-petclinic', 'pool': 'HikariPool-1'}",10,same_network,3,300
2026-07-24T22:05:37.804529+00:00,2026-07-24T22:05:38.038000+00:00,hikaricp_connections_min,vets-service,10.42.1.124:8080,"{'__name__': 'hikaricp_connections_min', 'instance': '10.42.1.124:8080', 'job': 'spring-petclinic', 'pool': 'HikariPool-1'}",10,same_network,3,300
2026-07-24T22:05:37.804529+00:00,2026-07-24T22:05:38.038000+00:00,hikaricp_connections_min,visits-service,10.42.1.125:8080,"{'__name__': 'hikaricp_connections_min', 'instance': '10.42.1.125:8080', 'job': 'spring-petclinic', 'pool': 'HikariPool-1'}",10,same_network,3,300
2026-07-24T22:05:37.804529+00:00,2026-07-24T22:05:38.038000+00:00,hikaricp_connections_min,customers-service,10.42.1.126:8080,"{'__name__': 'hikaricp_connections_min', 'instance': '10.42.1.126:8080', 'job': 'spring-petclinic', 'pool': 'HikariPool-1'}",10,same_network,3,300
2026-07-24T22:05:37.804529+00:00,2026-07-24T22:05:38.050000+00:00,hikaricp_connections_pending,customers-service,10.42.0.186:8080,"{'__name__': 'hikaricp_connections_pending', 'instance': '10.42.0.186:8080', 'job': 'spring-petclinic', 'pool': 'HikariPool-1'}",0,same_network,3,300
2026-07-24T22:05:37.804529+00:00,2026-07-24T22:05:38.050000+00:00,hikaricp_connections_pending,visits-service,10.42.1.122:8080,"{'__name__': 'hikaricp_connections_pending', 'instance': '10.42.1.122:8080', 'job': 'spring-petclinic', 'pool': 'HikariPool-1'}",0,same_network,3,300
2026-07-24T22:05:37.804529+00:00,2026-07-24T22:05:38.050000+00:00,hikaricp_connections_pending,vets-service,10.42.1.123:8080,"{'__name__': 'hikaricp_connections_pending', 'instance': '10.42.1.123:8080', 'job': 'spring-petclinic', 'pool': 'HikariPool-1'}",0,same_network,3,300
2026-07-24T22:05:37.804529+00:00,2026-07-24T22:05:38.050000+00:00,hikaricp_connections_pending,vets-service,10.42.1.124:8080,"{'__name__': 'hikaricp_connections_pending', 'instance': '10.42.1.124:8080', 'job': 'spring-petclinic', 'pool': 'HikariPool-1'}",0,same_network,3,300
2026-07-24T22:05:37.804529+00:00,2026-07-24T22:05:38.050000+00:00,hikaricp_connections_pending,visits-service,10.42.1.125:8080,"{'__name__': 'hikaricp_connections_pending', 'instance': '10.42.1.125:8080', 'job': 'spring-petclinic', 'pool': 'HikariPool-1'}",0,same_network,3,300
2026-07-24T22:05:37.804529+00:00,2026-07-24T22:05:38.050000+00:00,hikaricp_connections_pending,customers-service,10.42.1.126:8080,"{'__name__': 'hikaricp_connections_pending', 'instance': '10.42.1.126:8080', 'job': 'spring-petclinic', 'pool': 'HikariPool-1'}",0,same_network,3,300
2026-07-24T22:05:37.804529+00:00,2026-07-24T22:05:38.057000+00:00,hikaricp_connections_timeout_total,customers-service,10.42.0.186:8080,"{'__name__': 'hikaricp_connections_timeout_total', 'instance': '10.42.0.186:8080', 'job': 'spring-petclinic', 'pool': 'HikariPool-1'}",2,same_network,3,300
2026-07-24T22:05:37.804529+00:00,2026-07-24T22:05:38.057000+00:00,hikaricp_connections_timeout_total,visits-service,10.42.1.122:8080,"{'__name__': 'hikaricp_connections_timeout_total', 'instance': '10.42.1.122:8080', 'job': 'spring-petclinic', 'pool': 'HikariPool-1'}",0,same_network,3,300
2026-07-24T22:05:37.804529+00:00,2026-07-24T22:05:38.057000+00:00,hikaricp_connections_timeout_total,vets-service,10.42.1.123:8080,"{'__name__': 'hikaricp_connections_timeout_total', 'instance': '10.42.1.123:8080', 'job': 'spring-petclinic', 'pool': 'HikariPool-1'}",0,same_network,3,300
2026-07-24T22:05:37.804529+00:00,2026-07-24T22:05:38.057000+00:00,hikaricp_connections_timeout_total,vets-service,10.42.1.124:8080,"{'__name__': 'hikaricp_connections_timeout_total', 'instance': '10.42.1.124:8080', 'job': 'spring-petclinic', 'pool': 'HikariPool-1'}",0,same_network,3,300
2026-07-24T22:05:37.804529+00:00,2026-07-24T22:05:38.057000+00:00,hikaricp_connections_timeout_total,visits-service,10.42.1.125:8080,"{'__name__': 'hikaricp_connections_timeout_total', 'instance': '10.42.1.125:8080', 'job': 'spring-petclinic', 'pool': 'HikariPool-1'}",0,same_network,3,300
2026-07-24T22:05:37.804529+00:00,2026-07-24T22:05:38.057000+00:00,hikaricp_connections_timeout_total,customers-service,10.42.1.126:8080,"{'__name__': 'hikaricp_connections_timeout_total', 'instance': '10.42.1.126:8080', 'job': 'spring-petclinic', 'pool': 'HikariPool-1'}",0,same_network,3,300
2026-07-24T22:05:37.804529+00:00,2026-07-24T22:05:38.060000+00:00,hikaricp_connections_acquire_seconds_count,customers-service,10.42.0.186:8080,"{'__name__': 'hikaricp_connections_acquire_seconds_count', 'instance': '10.42.0.186:8080', 'job': 'spring-petclinic', 'pool': 'HikariPool-1'}",613434,same_network,3,300
2026-07-24T22:05:37.804529+00:00,2026-07-24T22:05:38.060000+00:00,hikaricp_connections_acquire_seconds_count,visits-service,10.42.1.122:8080,"{'__name__': 'hikaricp_connections_acquire_seconds_count', 'instance': '10.42.1.122:8080', 'job': 'spring-petclinic', 'pool': 'HikariPool-1'}",300268,same_network,3,300
2026-07-24T22:05:37.804529+00:00,2026-07-24T22:05:38.060000+00:00,hikaricp_connections_acquire_seconds_count,vets-service,10.42.1.123:8080,"{'__name__': 'hikaricp_connections_acquire_seconds_count', 'instance': '10.42.1.123:8080', 'job': 'spring-petclinic', 'pool': 'HikariPool-1'}",295684,same_network,3,300
2026-07-24T22:05:37.804529+00:00,2026-07-24T22:05:38.060000+00:00,hikaricp_connections_acquire_seconds_count,vets-service,10.42.1.124:8080,"{'__name__': 'hikaricp_connections_acquire_seconds_count', 'instance': '10.42.1.124:8080', 'job': 'spring-petclinic', 'pool': 'HikariPool-1'}",299977,same_network,3,300
2026-07-24T22:05:37.804529+00:00,2026-07-24T22:05:38.060000+00:00,hikaricp_connections_acquire_seconds_count,visits-service,10.42.1.125:8080,"{'__name__': 'hikaricp_connections_acquire_seconds_count', 'instance': '10.42.1.125:8080', 'job': 'spring-petclinic', 'pool': 'HikariPool-1'}",296145,same_network,3,300
2026-07-24T22:05:37.804529+00:00,2026-07-24T22:05:38.060000+00:00,hikaricp_connections_acquire_seconds_count,customers-service,10.42.1.126:8080,"{'__name__': 'hikaricp_connections_acquire_seconds_count', 'instance': '10.42.1.126:8080', 'job': 'spring-petclinic', 'pool': 'HikariPool-1'}",589769,same_network,3,300
2026-07-24T22:05:37.804529+00:00,2026-07-24T22:05:38.067000+00:00,hikaricp_connections_acquire_seconds_max,customers-service,10.42.0.186:8080,"{'__name__': 'hikaricp_connections_acquire_seconds_max', 'instance': '10.42.0.186:8080', 'job': 'spring-petclinic', 'pool': 'HikariPool-1'}",0.344806151,same_network,3,300
2026-07-24T22:05:37.804529+00:00,2026-07-24T22:05:38.067000+00:00,hikaricp_connections_acquire_seconds_max,visits-service,10.42.1.122:8080,"{'__name__': 'hikaricp_connections_acquire_seconds_max', 'instance': '10.42.1.122:8080', 'job': 'spring-petclinic', 'pool': 'HikariPool-1'}",0.066648618,same_network,3,300
2026-07-24T22:05:37.804529+00:00,2026-07-24T22:05:38.067000+00:00,hikaricp_connections_acquire_seconds_max,vets-service,10.42.1.123:8080,"{'__name__': 'hikaricp_connections_acquire_seconds_max', 'instance': '10.42.1.123:8080', 'job': 'spring-petclinic', 'pool': 'HikariPool-1'}",0.060352511,same_network,3,300
2026-07-24T22:05:37.804529+00:00,2026-07-24T22:05:38.067000+00:00,hikaricp_connections_acquire_seconds_max,vets-service,10.42.1.124:8080,"{'__name__': 'hikaricp_connections_acquire_seconds_max', 'instance': '10.42.1.124:8080', 'job': 'spring-petclinic', 'pool': 'HikariPool-1'}",0.019111706,same_network,3,300
2026-07-24T22:05:37.804529+00:00,2026-07-24T22:05:38.067000+00:00,hikaricp_connections_acquire_seconds_max,visits-service,10.42.1.125:8080,"{'__name__': 'hikaricp_connections_acquire_seconds_max', 'instance': '10.42.1.125:8080', 'job': 'spring-petclinic', 'pool': 'HikariPool-1'}",0.037063031,same_network,3,300
2026-07-24T22:05:37.804529+00:00,2026-07-24T22:05:38.067000+00:00,hikaricp_connections_acquire_seconds_max,customers-service,10.42.1.126:8080,"{'__name__': 'hikaricp_connections_acquire_seconds_max', 'instance': '10.42.1.126:8080', 'job': 'spring-petclinic', 'pool': 'HikariPool-1'}",0.197907532,same_network,3,300
2026-07-24T22:05:37.804529+00:00,2026-07-24T22:05:38.075000+00:00,hikaricp_connections_acquire_seconds_sum,customers-service,10.42.0.186:8080,"{'__name__': 'hikaricp_connections_acquire_seconds_sum', 'instance': '10.42.0.186:8080', 'job': 'spring-petclinic', 'pool': 'HikariPool-1'}",61182.412648055,same_network,3,300
2026-07-24T22:05:37.804529+00:00,2026-07-24T22:05:38.075000+00:00,hikaricp_connections_acquire_seconds_sum,visits-service,10.42.1.122:8080,"{'__name__': 'hikaricp_connections_acquire_seconds_sum', 'instance': '10.42.1.122:8080', 'job': 'spring-petclinic', 'pool': 'HikariPool-1'}",698.569162828,same_network,3,300
2026-07-24T22:05:37.804529+00:00,2026-07-24T22:05:38.075000+00:00,hikaricp_connections_acquire_seconds_sum,vets-service,10.42.1.123:8080,"{'__name__': 'hikaricp_connections_acquire_seconds_sum', 'instance': '10.42.1.123:8080', 'job': 'spring-petclinic', 'pool': 'HikariPool-1'}",7628.518414172,same_network,3,300
2026-07-24T22:05:37.804529+00:00,2026-07-24T22:05:38.075000+00:00,hikaricp_connections_acquire_seconds_sum,vets-service,10.42.1.124:8080,"{'__name__': 'hikaricp_connections_acquire_seconds_sum', 'instance': '10.42.1.124:8080', 'job': 'spring-petclinic', 'pool': 'HikariPool-1'}",8017.92613007,same_network,3,300
2026-07-24T22:05:37.804529+00:00,2026-07-24T22:05:38.075000+00:00,hikaricp_connections_acquire_seconds_sum,visits-service,10.42.1.125:8080,"{'__name__': 'hikaricp_connections_acquire_seconds_sum', 'instance': '10.42.1.125:8080', 'job': 'spring-petclinic', 'pool': 'HikariPool-1'}",531.214909418,same_network,3,300
2026-07-24T22:05:37.804529+00:00,2026-07-24T22:05:38.075000+00:00,hikaricp_connections_acquire_seconds_sum,customers-service,10.42.1.126:8080,"{'__name__': 'hikaricp_connections_acquire_seconds_sum', 'instance': '10.42.1.126:8080', 'job': 'spring-petclinic', 'pool': 'HikariPool-1'}",43573.600383489,same_network,3,300
2026-07-24T22:05:37.804529+00:00,2026-07-24T22:05:38.080000+00:00,hikaricp_connections_creation_seconds_count,customers-service,10.42.0.186:8080,"{'__name__': 'hikaricp_connections_creation_seconds_count', 'instance': '10.42.0.186:8080', 'job': 'spring-petclinic', 'pool': 'HikariPool-1'}",80,same_network,3,300
2026-07-24T22:05:37.804529+00:00,2026-07-24T22:05:38.080000+00:00,hikaricp_connections_creation_seconds_count,visits-service,10.42.1.122:8080,"{'__name__': 'hikaricp_connections_creation_seconds_count', 'instance': '10.42.1.122:8080', 'job': 'spring-petclinic', 'pool': 'HikariPool-1'}",281,same_network,3,300
2026-07-24T22:05:37.804529+00:00,2026-07-24T22:05:38.080000+00:00,hikaricp_connections_creation_seconds_count,vets-service,10.42.1.123:8080,"{'__name__': 'hikaricp_connections_creation_seconds_count', 'instance': '10.42.1.123:8080', 'job': 'spring-petclinic', 'pool': 'HikariPool-1'}",278,same_network,3,300
2026-07-24T22:05:37.804529+00:00,2026-07-24T22:05:38.080000+00:00,hikaricp_connections_creation_seconds_count,vets-service,10.42.1.124:8080,"{'__name__': 'hikaricp_connections_creation_seconds_count', 'instance': '10.42.1.124:8080', 'job': 'spring-petclinic', 'pool': 'HikariPool-1'}",268,same_network,3,300
2026-07-24T22:05:37.804529+00:00,2026-07-24T22:05:38.080000+00:00,hikaricp_connections_creation_seconds_count,visits-service,10.42.1.125:8080,"{'__name__': 'hikaricp_connections_creation_seconds_count', 'instance': '10.42.1.125:8080', 'job': 'spring-petclinic', 'pool': 'HikariPool-1'}",268,same_network,3,300
2026-07-24T22:05:37.804529+00:00,2026-07-24T22:05:38.080000+00:00,hikaricp_connections_creation_seconds_count,customers-service,10.42.1.126:8080,"{'__name__': 'hikaricp_connections_creation_seconds_count', 'instance': '10.42.1.126:8080', 'job': 'spring-petclinic', 'pool': 'HikariPool-1'}",266,same_network,3,300
2026-07-24T22:05:37.804529+00:00,2026-07-24T22:05:38.085000+00:00,hikaricp_connections_creation_seconds_max,customers-service,10.42.0.186:8080,"{'__name__': 'hikaricp_connections_creation_seconds_max', 'instance': '10.42.0.186:8080', 'job': 'spring-petclinic', 'pool': 'HikariPool-1'}",0,same_network,3,300
2026-07-24T22:05:37.804529+00:00,2026-07-24T22:05:38.085000+00:00,hikaricp_connections_creation_seconds_max,visits-service,10.42.1.122:8080,"{'__name__': 'hikaricp_connections_creation_seconds_max', 'instance': '10.42.1.122:8080', 'job': 'spring-petclinic', 'pool': 'HikariPool-1'}",0,same_network,3,300
2026-07-24T22:05:37.804529+00:00,2026-07-24T22:05:38.085000+00:00,hikaricp_connections_creation_seconds_max,vets-service,10.42.1.123:8080,"{'__name__': 'hikaricp_connections_creation_seconds_max', 'instance': '10.42.1.123:8080', 'job': 'spring-petclinic', 'pool': 'HikariPool-1'}",0,same_network,3,300
2026-07-24T22:05:37.804529+00:00,2026-07-24T22:05:38.085000+00:00,hikaricp_connections_creation_seconds_max,vets-service,10.42.1.124:8080,"{'__name__': 'hikaricp_connections_creation_seconds_max', 'instance': '10.42.1.124:8080', 'job': 'spring-petclinic', 'pool': 'HikariPool-1'}",0,same_network,3,300
2026-07-24T22:05:37.804529+00:00,2026-07-24T22:05:38.085000+00:00,hikaricp_connections_creation_seconds_max,visits-service,10.42.1.125:8080,"{'__name__': 'hikaricp_connections_creation_seconds_max', 'instance': '10.42.1.125:8080', 'job': 'spring-petclinic', 'pool': 'HikariPool-1'}",0,same_network,3,300
2026-07-24T22:05:37.804529+00:00,2026-07-24T22:05:38.085000+00:00,hikaricp_connections_creation_seconds_max,customers-service,10.42.1.126:8080,"{'__name__': 'hikaricp_connections_creation_seconds_max', 'instance': '10.42.1.126:8080', 'job': 'spring-petclinic', 'pool': 'HikariPool-1'}",0,same_network,3,300
2026-07-24T22:05:37.804529+00:00,2026-07-24T22:05:38.090000+00:00,hikaricp_connections_creation_seconds_sum,customers-service,10.42.0.186:8080,"{'__name__': 'hikaricp_connections_creation_seconds_sum', 'instance': '10.42.0.186:8080', 'job': 'spring-petclinic', 'pool': 'HikariPool-1'}",7.66,same_network,3,300
2026-07-24T22:05:37.804529+00:00,2026-07-24T22:05:38.090000+00:00,hikaricp_connections_creation_seconds_sum,visits-service,10.42.1.122:8080,"{'__name__': 'hikaricp_connections_creation_seconds_sum', 'instance': '10.42.1.122:8080', 'job': 'spring-petclinic', 'pool': 'HikariPool-1'}",970.766,same_network,3,300
2026-07-24T22:05:37.804529+00:00,2026-07-24T22:05:38.090000+00:00,hikaricp_connections_creation_seconds_sum,vets-service,10.42.1.123:8080,"{'__name__': 'hikaricp_connections_creation_seconds_sum', 'instance': '10.42.1.123:8080', 'job': 'spring-petclinic', 'pool': 'HikariPool-1'}",958.596,same_network,3,300
2026-07-24T22:05:37.804529+00:00,2026-07-24T22:05:38.090000+00:00,hikaricp_connections_creation_seconds_sum,vets-service,10.42.1.124:8080,"{'__name__': 'hikaricp_connections_creation_seconds_sum', 'instance': '10.42.1.124:8080', 'job': 'spring-petclinic', 'pool': 'HikariPool-1'}",909.837,same_network,3,300
2026-07-24T22:05:37.804529+00:00,2026-07-24T22:05:38.090000+00:00,hikaricp_connections_creation_seconds_sum,visits-service,10.42.1.125:8080,"{'__name__': 'hikaricp_connections_creation_seconds_sum', 'instance': '10.42.1.125:8080', 'job': 'spring-petclinic', 'pool': 'HikariPool-1'}",916.395,same_network,3,300
2026-07-24T22:05:37.804529+00:00,2026-07-24T22:05:38.090000+00:00,hikaricp_connections_creation_seconds_sum,customers-service,10.42.1.126:8080,"{'__name__': 'hikaricp_connections_creation_seconds_sum', 'instance': '10.42.1.126:8080', 'job': 'spring-petclinic', 'pool': 'HikariPool-1'}",901.866,same_network,3,300
2026-07-24T22:05:37.804529+00:00,2026-07-24T22:05:38.097000+00:00,hikaricp_connections_usage_seconds_count,customers-service,10.42.0.186:8080,"{'__name__': 'hikaricp_connections_usage_seconds_count', 'instance': '10.42.0.186:8080', 'job': 'spring-petclinic', 'pool': 'HikariPool-1'}",613417,same_network,3,300
2026-07-24T22:05:37.804529+00:00,2026-07-24T22:05:38.097000+00:00,hikaricp_connections_usage_seconds_count,visits-service,10.42.1.122:8080,"{'__name__': 'hikaricp_connections_usage_seconds_count', 'instance': '10.42.1.122:8080', 'job': 'spring-petclinic', 'pool': 'HikariPool-1'}",300268,same_network,3,300
2026-07-24T22:05:37.804529+00:00,2026-07-24T22:05:38.097000+00:00,hikaricp_connections_usage_seconds_count,vets-service,10.42.1.123:8080,"{'__name__': 'hikaricp_connections_usage_seconds_count', 'instance': '10.42.1.123:8080', 'job': 'spring-petclinic', 'pool': 'HikariPool-1'}",295681,same_network,3,300
2026-07-24T22:05:37.804529+00:00,2026-07-24T22:05:38.097000+00:00,hikaricp_connections_usage_seconds_count,vets-service,10.42.1.124:8080,"{'__name__': 'hikaricp_connections_usage_seconds_count', 'instance': '10.42.1.124:8080', 'job': 'spring-petclinic', 'pool': 'HikariPool-1'}",299974,same_network,3,300
2026-07-24T22:05:37.804529+00:00,2026-07-24T22:05:38.097000+00:00,hikaricp_connections_usage_seconds_count,visits-service,10.42.1.125:8080,"{'__name__': 'hikaricp_connections_usage_seconds_count', 'instance': '10.42.1.125:8080', 'job': 'spring-petclinic', 'pool': 'HikariPool-1'}",296145,same_network,3,300
2026-07-24T22:05:37.804529+00:00,2026-07-24T22:05:38.097000+00:00,hikaricp_connections_usage_seconds_count,customers-service,10.42.1.126:8080,"{'__name__': 'hikaricp_connections_usage_seconds_count', 'instance': '10.42.1.126:8080', 'job': 'spring-petclinic', 'pool': 'HikariPool-1'}",589762,same_network,3,300
2026-07-24T22:05:37.804529+00:00,2026-07-24T22:05:38.103000+00:00,hikaricp_connections_usage_seconds_max,customers-service,10.42.0.186:8080,"{'__name__': 'hikaricp_connections_usage_seconds_max', 'instance': '10.42.0.186:8080', 'job': 'spring-petclinic', 'pool': 'HikariPool-1'}",0.372,same_network,3,300
2026-07-24T22:05:37.804529+00:00,2026-07-24T22:05:38.103000+00:00,hikaricp_connections_usage_seconds_max,visits-service,10.42.1.122:8080,"{'__name__': 'hikaricp_connections_usage_seconds_max', 'instance': '10.42.1.122:8080', 'job': 'spring-petclinic', 'pool': 'HikariPool-1'}",0.055,same_network,3,300
2026-07-24T22:05:37.804529+00:00,2026-07-24T22:05:38.103000+00:00,hikaricp_connections_usage_seconds_max,vets-service,10.42.1.123:8080,"{'__name__': 'hikaricp_connections_usage_seconds_max', 'instance': '10.42.1.123:8080', 'job': 'spring-petclinic', 'pool': 'HikariPool-1'}",0.247,same_network,3,300
2026-07-24T22:05:37.804529+00:00,2026-07-24T22:05:38.103000+00:00,hikaricp_connections_usage_seconds_max,vets-service,10.42.1.124:8080,"{'__name__': 'hikaricp_connections_usage_seconds_max', 'instance': '10.42.1.124:8080', 'job': 'spring-petclinic', 'pool': 'HikariPool-1'}",0.223,same_network,3,300
2026-07-24T22:05:37.804529+00:00,2026-07-24T22:05:38.103000+00:00,hikaricp_connections_usage_seconds_max,visits-service,10.42.1.125:8080,"{'__name__': 'hikaricp_connections_usage_seconds_max', 'instance': '10.42.1.125:8080', 'job': 'spring-petclinic', 'pool': 'HikariPool-1'}",0.046,same_network,3,300
2026-07-24T22:05:37.804529+00:00,2026-07-24T22:05:38.103000+00:00,hikaricp_connections_usage_seconds_max,customers-service,10.42.1.126:8080,"{'__name__': 'hikaricp_connections_usage_seconds_max', 'instance': '10.42.1.126:8080', 'job': 'spring-petclinic', 'pool': 'HikariPool-1'}",0.244,same_network,3,300
2026-07-24T22:05:37.804529+00:00,2026-07-24T22:05:38.108000+00:00,hikaricp_connections_usage_seconds_sum,customers-service,10.42.0.186:8080,"{'__name__': 'hikaricp_connections_usage_seconds_sum', 'instance': '10.42.0.186:8080', 'job': 'spring-petclinic', 'pool': 'HikariPool-1'}",55689.675,same_network,3,300
2026-07-24T22:05:37.804529+00:00,2026-07-24T22:05:38.108000+00:00,hikaricp_connections_usage_seconds_sum,visits-service,10.42.1.122:8080,"{'__name__': 'hikaricp_connections_usage_seconds_sum', 'instance': '10.42.1.122:8080', 'job': 'spring-petclinic', 'pool': 'HikariPool-1'}",3057.774,same_network,3,300
2026-07-24T22:05:37.804529+00:00,2026-07-24T22:05:38.108000+00:00,hikaricp_connections_usage_seconds_sum,vets-service,10.42.1.123:8080,"{'__name__': 'hikaricp_connections_usage_seconds_sum', 'instance': '10.42.1.123:8080', 'job': 'spring-petclinic', 'pool': 'HikariPool-1'}",32146.504,same_network,3,300
2026-07-24T22:05:37.804529+00:00,2026-07-24T22:05:38.108000+00:00,hikaricp_connections_usage_seconds_sum,vets-service,10.42.1.124:8080,"{'__name__': 'hikaricp_connections_usage_seconds_sum', 'instance': '10.42.1.124:8080', 'job': 'spring-petclinic', 'pool': 'HikariPool-1'}",32526.94,same_network,3,300
2026-07-24T22:05:37.804529+00:00,2026-07-24T22:05:38.108000+00:00,hikaricp_connections_usage_seconds_sum,visits-service,10.42.1.125:8080,"{'__name__': 'hikaricp_connections_usage_seconds_sum', 'instance': '10.42.1.125:8080', 'job': 'spring-petclinic', 'pool': 'HikariPool-1'}",3084.612,same_network,3,300
2026-07-24T22:05:37.804529+00:00,2026-07-24T22:05:38.108000+00:00,hikaricp_connections_usage_seconds_sum,customers-service,10.42.1.126:8080,"{'__name__': 'hikaricp_connections_usage_seconds_sum', 'instance': '10.42.1.126:8080', 'job': 'spring-petclinic', 'pool': 'HikariPool-1'}",57896.733,same_network,3,300
2026-07-24T22:05:37.804529+00:00,2026-07-24T22:05:38.112000+00:00,jdbc_connections_active,customers-service,10.42.0.186:8080,"{'__name__': 'jdbc_connections_active', 'instance': '10.42.0.186:8080', 'job': 'spring-petclinic', 'name': 'dataSource'}",5,same_network,3,300
2026-07-24T22:05:37.804529+00:00,2026-07-24T22:05:38.112000+00:00,jdbc_connections_active,visits-service,10.42.1.122:8080,"{'__name__': 'jdbc_connections_active', 'instance': '10.42.1.122:8080', 'job': 'spring-petclinic', 'name': 'dataSource'}",0,same_network,3,300
2026-07-24T22:05:37.804529+00:00,2026-07-24T22:05:38.112000+00:00,jdbc_connections_active,vets-service,10.42.1.123:8080,"{'__name__': 'jdbc_connections_active', 'instance': '10.42.1.123:8080', 'job': 'spring-petclinic', 'name': 'dataSource'}",4,same_network,3,300
2026-07-24T22:05:37.804529+00:00,2026-07-24T22:05:38.112000+00:00,jdbc_connections_active,vets-service,10.42.1.124:8080,"{'__name__': 'jdbc_connections_active', 'instance': '10.42.1.124:8080', 'job': 'spring-petclinic', 'name': 'dataSource'}",3,same_network,3,300
2026-07-24T22:05:37.804529+00:00,2026-07-24T22:05:38.112000+00:00,jdbc_connections_active,visits-service,10.42.1.125:8080,"{'__name__': 'jdbc_connections_active', 'instance': '10.42.1.125:8080', 'job': 'spring-petclinic', 'name': 'dataSource'}",0,same_network,3,300
2026-07-24T22:05:37.804529+00:00,2026-07-24T22:05:38.112000+00:00,jdbc_connections_active,customers-service,10.42.1.126:8080,"{'__name__': 'jdbc_connections_active', 'instance': '10.42.1.126:8080', 'job': 'spring-petclinic', 'name': 'dataSource'}",7,same_network,3,300
2026-07-24T22:05:37.804529+00:00,2026-07-24T22:05:38.117000+00:00,jdbc_connections_idle,customers-service,10.42.0.186:8080,"{'__name__': 'jdbc_connections_idle', 'instance': '10.42.0.186:8080', 'job': 'spring-petclinic', 'name': 'dataSource'}",5,same_network,3,300
2026-07-24T22:05:37.804529+00:00,2026-07-24T22:05:38.117000+00:00,jdbc_connections_idle,visits-service,10.42.1.122:8080,"{'__name__': 'jdbc_connections_idle', 'instance': '10.42.1.122:8080', 'job': 'spring-petclinic', 'name': 'dataSource'}",10,same_network,3,300
2026-07-24T22:05:37.804529+00:00,2026-07-24T22:05:38.117000+00:00,jdbc_connections_idle,vets-service,10.42.1.123:8080,"{'__name__': 'jdbc_connections_idle', 'instance': '10.42.1.123:8080', 'job': 'spring-petclinic', 'name': 'dataSource'}",7,same_network,3,300
2026-07-24T22:05:37.804529+00:00,2026-07-24T22:05:38.117000+00:00,jdbc_connections_idle,vets-service,10.42.1.124:8080,"{'__name__': 'jdbc_connections_idle', 'instance': '10.42.1.124:8080', 'job': 'spring-petclinic', 'name': 'dataSource'}",6,same_network,3,300
2026-07-24T22:05:37.804529+00:00,2026-07-24T22:05:38.117000+00:00,jdbc_connections_idle,visits-service,10.42.1.125:8080,"{'__name__': 'jdbc_connections_idle', 'instance': '10.42.1.125:8080', 'job': 'spring-petclinic', 'name': 'dataSource'}",10,same_network,3,300
2026-07-24T22:05:37.804529+00:00,2026-07-24T22:05:38.117000+00:00,jdbc_connections_idle,customers-service,10.42.1.126:8080,"{'__name__': 'jdbc_connections_idle', 'instance': '10.42.1.126:8080', 'job': 'spring-petclinic', 'name': 'dataSource'}",3,same_network,3,300
2026-07-24T22:05:37.804529+00:00,2026-07-24T22:05:38.122000+00:00,jdbc_connections_max,customers-service,10.42.0.186:8080,"{'__name__': 'jdbc_connections_max', 'instance': '10.42.0.186:8080', 'job': 'spring-petclinic', 'name': 'dataSource'}",10,same_network,3,300
2026-07-24T22:05:37.804529+00:00,2026-07-24T22:05:38.122000+00:00,jdbc_connections_max,visits-service,10.42.1.122:8080,"{'__name__': 'jdbc_connections_max', 'instance': '10.42.1.122:8080', 'job': 'spring-petclinic', 'name': 'dataSource'}",10,same_network,3,300
2026-07-24T22:05:37.804529+00:00,2026-07-24T22:05:38.122000+00:00,jdbc_connections_max,vets-service,10.42.1.123:8080,"{'__name__': 'jdbc_connections_max', 'instance': '10.42.1.123:8080', 'job': 'spring-petclinic', 'name': 'dataSource'}",10,same_network,3,300
2026-07-24T22:05:37.804529+00:00,2026-07-24T22:05:38.122000+00:00,jdbc_connections_max,vets-service,10.42.1.124:8080,"{'__name__': 'jdbc_connections_max', 'instance': '10.42.1.124:8080', 'job': 'spring-petclinic', 'name': 'dataSource'}",10,same_network,3,300
2026-07-24T22:05:37.804529+00:00,2026-07-24T22:05:38.122000+00:00,jdbc_connections_max,visits-service,10.42.1.125:8080,"{'__name__': 'jdbc_connections_max', 'instance': '10.42.1.125:8080', 'job': 'spring-petclinic', 'name': 'dataSource'}",10,same_network,3,300
2026-07-24T22:05:37.804529+00:00,2026-07-24T22:05:38.122000+00:00,jdbc_connections_max,customers-service,10.42.1.126:8080,"{'__name__': 'jdbc_connections_max', 'instance': '10.42.1.126:8080', 'job': 'spring-petclinic', 'name': 'dataSource'}",10,same_network,3,300
2026-07-24T22:05:37.804529+00:00,2026-07-24T22:05:38.127000+00:00,jdbc_connections_min,customers-service,10.42.0.186:8080,"{'__name__': 'jdbc_connections_min', 'instance': '10.42.0.186:8080', 'job': 'spring-petclinic', 'name': 'dataSource'}",10,same_network,3,300
2026-07-24T22:05:37.804529+00:00,2026-07-24T22:05:38.127000+00:00,jdbc_connections_min,visits-service,10.42.1.122:8080,"{'__name__': 'jdbc_connections_min', 'instance': '10.42.1.122:8080', 'job': 'spring-petclinic', 'name': 'dataSource'}",10,same_network,3,300
2026-07-24T22:05:37.804529+00:00,2026-07-24T22:05:38.127000+00:00,jdbc_connections_min,vets-service,10.42.1.123:8080,"{'__name__': 'jdbc_connections_min', 'instance': '10.42.1.123:8080', 'job': 'spring-petclinic', 'name': 'dataSource'}",10,same_network,3,300
2026-07-24T22:05:37.804529+00:00,2026-07-24T22:05:38.127000+00:00,jdbc_connections_min,vets-service,10.42.1.124:8080,"{'__name__': 'jdbc_connections_min', 'instance': '10.42.1.124:8080', 'job': 'spring-petclinic', 'name': 'dataSource'}",10,same_network,3,300
2026-07-24T22:05:37.804529+00:00,2026-07-24T22:05:38.127000+00:00,jdbc_connections_min,visits-service,10.42.1.125:8080,"{'__name__': 'jdbc_connections_min', 'instance': '10.42.1.125:8080', 'job': 'spring-petclinic', 'name': 'dataSource'}",10,same_network,3,300
2026-07-24T22:05:37.804529+00:00,2026-07-24T22:05:38.127000+00:00,jdbc_connections_min,customers-service,10.42.1.126:8080,"{'__name__': 'jdbc_connections_min', 'instance': '10.42.1.126:8080', 'job': 'spring-petclinic', 'name': 'dataSource'}",10,same_network,3,300
2026-07-24T22:05:37.804529+00:00,2026-07-24T22:05:38.131000+00:00,container_network_receive_bytes_total,visits-service,augusto-almondes,"{'__name__': 'container_network_receive_bytes_total', 'beta_kubernetes_io_arch': 'amd64', 'beta_kubernetes_io_instance_type': 'k3s', 'beta_kubernetes_io_os': 'linux', 'id': '/kubepods.slice/kubepods-besteffort.slice/kubepods-besteffort-pod07c98de3_903e_4594_897f_2c8d02326386.slice/cri-containerd-78cb0991f2215bba7766e453130cd6629145f4cb69967ab6841e765a002dd5bd.scope', 'image': 'docker.io/rancher/mirrored-pause:3.6', 'instance': 'augusto-almondes', 'interface': 'eth0', 'job': 'kubernetes-cadvisor', 'kubernetes_io_arch': 'amd64', 'kubernetes_io_hostname': 'augusto-almondes', 'kubernetes_io_os': 'linux', 'name': '78cb0991f2215bba7766e453130cd6629145f4cb69967ab6841e765a002dd5bd', 'namespace': 'spring-petclinic', 'node_kubernetes_io_instance_type': 'k3s', 'pod': 'visits-service-859d489b98-v28jh'}",328856692,same_network,3,300
2026-07-24T22:05:37.804529+00:00,2026-07-24T22:05:38.131000+00:00,container_network_receive_bytes_total,vets-service,augusto-almondes,"{'__name__': 'container_network_receive_bytes_total', 'beta_kubernetes_io_arch': 'amd64', 'beta_kubernetes_io_instance_type': 'k3s', 'beta_kubernetes_io_os': 'linux', 'id': '/kubepods.slice/kubepods-besteffort.slice/kubepods-besteffort-pod37c58633_3a89_4b91_8817_d95841fa9c04.slice/cri-containerd-3d072be83235a90f43adf1b2786dedb708b2eadf4ce06678d0446a5c1cf7d1bf.scope', 'image': 'docker.io/rancher/mirrored-pause:3.6', 'instance': 'augusto-almondes', 'interface': 'eth0', 'job': 'kubernetes-cadvisor', 'kubernetes_io_arch': 'amd64', 'kubernetes_io_hostname': 'augusto-almondes', 'kubernetes_io_os': 'linux', 'name': '3d072be83235a90f43adf1b2786dedb708b2eadf4ce06678d0446a5c1cf7d1bf', 'namespace': 'spring-petclinic', 'node_kubernetes_io_instance_type': 'k3s', 'pod': 'vets-service-68cc5897b6-gr89c'}",1307700674,same_network,3,300
2026-07-24T22:05:37.804529+00:00,2026-07-24T22:05:38.131000+00:00,container_network_receive_bytes_total,customers-service,notebook-vivy,"{'__name__': 'container_network_receive_bytes_total', 'beta_kubernetes_io_arch': 'amd64', 'beta_kubernetes_io_instance_type': 'k3s', 'beta_kubernetes_io_os': 'linux', 'id': '/kubepods.slice/kubepods-besteffort.slice/kubepods-besteffort-pod461d7b21_3e4e_4af8_ae9e_5c2edf453cf6.slice/cri-containerd-fd1e043bde697e972772a0aa9fe92c09dc38468de0e796b4fcc7ccb62c2cc331.scope', 'image': 'docker.io/rancher/mirrored-pause:3.6', 'instance': 'notebook-vivy', 'interface': 'eth0', 'job': 'kubernetes-cadvisor', 'kubernetes_io_arch': 'amd64', 'kubernetes_io_hostname': 'notebook-vivy', 'kubernetes_io_os': 'linux', 'name': 'fd1e043bde697e972772a0aa9fe92c09dc38468de0e796b4fcc7ccb62c2cc331', 'namespace': 'spring-petclinic', 'node_kubernetes_io_instance_type': 'k3s', 'node_role_kubernetes_io_control_plane': 'true', 'pod': 'customers-service-754bdcc448-g5gns'}",3950110136,same_network,3,300
2026-07-24T22:05:37.804529+00:00,2026-07-24T22:05:38.131000+00:00,container_network_receive_bytes_total,,notebook-vivy,"{'__name__': 'container_network_receive_bytes_total', 'beta_kubernetes_io_arch': 'amd64', 'beta_kubernetes_io_instance_type': 'k3s', 'beta_kubernetes_io_os': 'linux', 'id': '/kubepods.slice/kubepods-besteffort.slice/kubepods-besteffort-pod61c59b0e_baf9_48d9_ae8a_9a9a72cf52af.slice/cri-containerd-1adc220d89ff318103e137809efebdbdb53d40bfc366b15aebb7dda0164e3c84.scope', 'image': 'docker.io/rancher/mirrored-pause:3.6', 'instance': 'notebook-vivy', 'interface': 'eth0', 'job': 'kubernetes-cadvisor', 'kubernetes_io_arch': 'amd64', 'kubernetes_io_hostname': 'notebook-vivy', 'kubernetes_io_os': 'linux', 'name': '1adc220d89ff318103e137809efebdbdb53d40bfc366b15aebb7dda0164e3c84', 'namespace': 'spring-petclinic', 'node_kubernetes_io_instance_type': 'k3s', 'node_role_kubernetes_io_control_plane': 'true', 'pod': 'prometheus-6d9b5b9b7c-c9njq'}",967505559,same_network,3,300
2026-07-24T22:05:37.804529+00:00,2026-07-24T22:05:38.131000+00:00,container_network_receive_bytes_total,visits-service,augusto-almondes,"{'__name__': 'container_network_receive_bytes_total', 'beta_kubernetes_io_arch': 'amd64', 'beta_kubernetes_io_instance_type': 'k3s', 'beta_kubernetes_io_os': 'linux', 'id': '/kubepods.slice/kubepods-besteffort.slice/kubepods-besteffort-pod6e6c7e0b_abf8_47e8_9b7f_73fed236fe33.slice/cri-containerd-36634f28d8d5262f3c40800bd8233f19285c32bdf1c30883fc9d08ad552c5fcc.scope', 'image': 'docker.io/rancher/mirrored-pause:3.6', 'instance': 'augusto-almondes', 'interface': 'eth0', 'job': 'kubernetes-cadvisor', 'kubernetes_io_arch': 'amd64', 'kubernetes_io_hostname': 'augusto-almondes', 'kubernetes_io_os': 'linux', 'name': '36634f28d8d5262f3c40800bd8233f19285c32bdf1c30883fc9d08ad552c5fcc', 'namespace': 'spring-petclinic', 'node_kubernetes_io_instance_type': 'k3s', 'pod': 'visits-service-859d489b98-qpm6m'}",324064901,same_network,3,300
2026-07-24T22:05:37.804529+00:00,2026-07-24T22:05:38.131000+00:00,container_network_receive_bytes_total,,notebook-vivy,"{'__name__': 'container_network_receive_bytes_total', 'beta_kubernetes_io_arch': 'amd64', 'beta_kubernetes_io_instance_type': 'k3s', 'beta_kubernetes_io_os': 'linux', 'id': '/kubepods.slice/kubepods-besteffort.slice/kubepods-besteffort-pod818aa63c_0637_4d0f_bd16_9785508f386f.slice/cri-containerd-257fc1a313926de0c88bf51147ec32916a10686b887e16d8bb4ca05843baf589.scope', 'image': 'docker.io/rancher/mirrored-pause:3.6', 'instance': 'notebook-vivy', 'interface': 'eth0', 'job': 'kubernetes-cadvisor', 'kubernetes_io_arch': 'amd64', 'kubernetes_io_hostname': 'notebook-vivy', 'kubernetes_io_os': 'linux', 'name': '257fc1a313926de0c88bf51147ec32916a10686b887e16d8bb4ca05843baf589', 'namespace': 'spring-petclinic', 'node_kubernetes_io_instance_type': 'k3s', 'node_role_kubernetes_io_control_plane': 'true', 'pod': 'config-server-799b6bb84c-g2tr5'}",6936,same_network,3,300
2026-07-24T22:05:37.804529+00:00,2026-07-24T22:05:38.131000+00:00,container_network_receive_bytes_total,,macbookair-vivy,"{'__name__': 'container_network_receive_bytes_total', 'beta_kubernetes_io_arch': 'amd64', 'beta_kubernetes_io_instance_type': 'k3s', 'beta_kubernetes_io_os': 'linux', 'id': '/kubepods.slice/kubepods-besteffort.slice/kubepods-besteffort-podbb8e7e86_67b2_4503_b6ea_265ba0e9fc0c.slice/cri-containerd-41001c13718012a62944ab802abddb11401442e875bc7d1cf10aa9c870850224.scope', 'image': 'docker.io/rancher/mirrored-pause:3.6', 'instance': 'macbookair-vivy', 'interface': 'eth0', 'job': 'kubernetes-cadvisor', 'kubernetes_io_arch': 'amd64', 'kubernetes_io_hostname': 'macbookair-vivy', 'kubernetes_io_os': 'linux', 'name': '41001c13718012a62944ab802abddb11401442e875bc7d1cf10aa9c870850224', 'namespace': 'spring-petclinic', 'node_kubernetes_io_instance_type': 'k3s', 'pod': 'mysql-7dcf5984bc-22j65', 'role': 'database'}",8860591372,same_network,3,300
2026-07-24T22:05:37.804529+00:00,2026-07-24T22:05:38.131000+00:00,container_network_receive_bytes_total,,notebook-vivy,"{'__name__': 'container_network_receive_bytes_total', 'beta_kubernetes_io_arch': 'amd64', 'beta_kubernetes_io_instance_type': 'k3s', 'beta_kubernetes_io_os': 'linux', 'id': '/kubepods.slice/kubepods-besteffort.slice/kubepods-besteffort-podceb031e9_6468_4f4b_80a0_24260acd6e8a.slice/cri-containerd-40053313449c00a55736ce939108bea56e6a102b12b42e1a31bd001b2cb943bb.scope', 'image': 'docker.io/rancher/mirrored-pause:3.6', 'instance': 'notebook-vivy', 'interface': 'eth0', 'job': 'kubernetes-cadvisor', 'kubernetes_io_arch': 'amd64', 'kubernetes_io_hostname': 'notebook-vivy', 'kubernetes_io_os': 'linux', 'name': '40053313449c00a55736ce939108bea56e6a102b12b42e1a31bd001b2cb943bb', 'namespace': 'spring-petclinic', 'node_kubernetes_io_instance_type': 'k3s', 'node_role_kubernetes_io_control_plane': 'true', 'pod': 'discovery-server-6694f65985-cr2kx'}",6978,same_network,3,300
2026-07-24T22:05:37.804529+00:00,2026-07-24T22:05:38.131000+00:00,container_network_receive_bytes_total,customers-service,augusto-almondes,"{'__name__': 'container_network_receive_bytes_total', 'beta_kubernetes_io_arch': 'amd64', 'beta_kubernetes_io_instance_type': 'k3s', 'beta_kubernetes_io_os': 'linux', 'id': '/kubepods.slice/kubepods-besteffort.slice/kubepods-besteffort-pode37399aa_5830_4643_8b7d_68f55d86f0b1.slice/cri-containerd-e7e17f8994d91ad485dcadb505533c11157a9c4ea3fe4f1d557d045c51189815.scope', 'image': 'docker.io/rancher/mirrored-pause:3.6', 'instance': 'augusto-almondes', 'interface': 'eth0', 'job': 'kubernetes-cadvisor', 'kubernetes_io_arch': 'amd64', 'kubernetes_io_hostname': 'augusto-almondes', 'kubernetes_io_os': 'linux', 'name': 'e7e17f8994d91ad485dcadb505533c11157a9c4ea3fe4f1d557d045c51189815', 'namespace': 'spring-petclinic', 'node_kubernetes_io_instance_type': 'k3s', 'pod': 'customers-service-754bdcc448-vqzd7'}",3822764009,same_network,3,300
2026-07-24T22:05:37.804529+00:00,2026-07-24T22:05:38.131000+00:00,container_network_receive_bytes_total,vets-service,augusto-almondes,"{'__name__': 'container_network_receive_bytes_total', 'beta_kubernetes_io_arch': 'amd64', 'beta_kubernetes_io_instance_type': 'k3s', 'beta_kubernetes_io_os': 'linux', 'id': '/kubepods.slice/kubepods-besteffort.slice/kubepods-besteffort-pode8be662b_d64d_4461_b18e_e524621757f2.slice/cri-containerd-1858b7a840027f969d237d1c10d7ecc22ef5e38a29d202d5760513652eb60797.scope', 'image': 'docker.io/rancher/mirrored-pause:3.6', 'instance': 'augusto-almondes', 'interface': 'eth0', 'job': 'kubernetes-cadvisor', 'kubernetes_io_arch': 'amd64', 'kubernetes_io_hostname': 'augusto-almondes', 'kubernetes_io_os': 'linux', 'name': '1858b7a840027f969d237d1c10d7ecc22ef5e38a29d202d5760513652eb60797', 'namespace': 'spring-petclinic', 'node_kubernetes_io_instance_type': 'k3s', 'pod': 'vets-service-68cc5897b6-cj224'}",1323709912,same_network,3,300
2026-07-24T22:05:37.804529+00:00,2026-07-24T22:05:38.131000+00:00,container_network_receive_bytes_total,api-gateway,notebook-vivy,"{'__name__': 'container_network_receive_bytes_total', 'beta_kubernetes_io_arch': 'amd64', 'beta_kubernetes_io_instance_type': 'k3s', 'beta_kubernetes_io_os': 'linux', 'id': '/kubepods.slice/kubepods-burstable.slice/kubepods-burstable-pod0938bf77_f775_4395_8d68_3f3e730442fa.slice/cri-containerd-a6fd5250d3bfc2badbe10894f62c473ef988a39eb319025e754de23b80c1ab4c.scope', 'image': 'docker.io/rancher/mirrored-pause:3.6', 'instance': 'notebook-vivy', 'interface': 'eth0', 'job': 'kubernetes-cadvisor', 'kubernetes_io_arch': 'amd64', 'kubernetes_io_hostname': 'notebook-vivy', 'kubernetes_io_os': 'linux', 'name': 'a6fd5250d3bfc2badbe10894f62c473ef988a39eb319025e754de23b80c1ab4c', 'namespace': 'spring-petclinic', 'node_kubernetes_io_instance_type': 'k3s', 'node_role_kubernetes_io_control_plane': 'true', 'pod': 'api-gateway-78f775b647-m4zpr'}",3565959558,same_network,3,300
2026-07-24T22:05:37.804529+00:00,2026-07-24T22:05:38.131000+00:00,container_network_receive_bytes_total,,notebook-vivy,"{'__name__': 'container_network_receive_bytes_total', 'beta_kubernetes_io_arch': 'amd64', 'beta_kubernetes_io_instance_type': 'k3s', 'beta_kubernetes_io_os': 'linux', 'id': '/kubepods.slice/kubepods-burstable.slice/kubepods-burstable-pod09c597ef_7768_4ae9_a0f5_1a6a4d12429f.slice/cri-containerd-71a203b5d7433062735bda847d7d37feb6bf4a60472b7731f6d1b0fe96211934.scope', 'image': 'docker.io/rancher/mirrored-pause:3.6', 'instance': 'notebook-vivy', 'interface': 'eth0', 'job': 'kubernetes-cadvisor', 'kubernetes_io_arch': 'amd64', 'kubernetes_io_hostname': 'notebook-vivy', 'kubernetes_io_os': 'linux', 'name': '71a203b5d7433062735bda847d7d37feb6bf4a60472b7731f6d1b0fe96211934', 'namespace': 'spring-petclinic', 'node_kubernetes_io_instance_type': 'k3s', 'node_role_kubernetes_io_control_plane': 'true', 'pod': 'zipkin-76d97d46df-4kcr9'}",4771693475,same_network,3,300
2026-07-24T22:05:37.804529+00:00,2026-07-24T22:05:38.131000+00:00,container_network_receive_bytes_total,,augusto-almondes,"{'__name__': 'container_network_receive_bytes_total', 'beta_kubernetes_io_arch': 'amd64', 'beta_kubernetes_io_instance_type': 'k3s', 'beta_kubernetes_io_os': 'linux', 'id': '/kubepods.slice/kubepods-burstable.slice/kubepods-burstable-pod1f46dbde_909b_4d3f_b97d_2a39953c86a7.slice/cri-containerd-ba8d023b76c7725ee06abbed55f557de3ff14db60b35b51171c3b1a89ccf72e2.scope', 'image': 'docker.io/rancher/mirrored-pause:3.6', 'instance': 'augusto-almondes', 'interface': 'eth0', 'job': 'kubernetes-cadvisor', 'kubernetes_io_arch': 'amd64', 'kubernetes_io_hostname': 'augusto-almondes', 'kubernetes_io_os': 'linux', 'name': 'ba8d023b76c7725ee06abbed55f557de3ff14db60b35b51171c3b1a89ccf72e2', 'namespace': 'spring-petclinic', 'node_kubernetes_io_instance_type': 'k3s', 'pod': 'promtail-f6prj'}",6991183,same_network,3,300
2026-07-24T22:05:37.804529+00:00,2026-07-24T22:05:38.131000+00:00,container_network_receive_bytes_total,,notebook-vivy,"{'__name__': 'container_network_receive_bytes_total', 'beta_kubernetes_io_arch': 'amd64', 'beta_kubernetes_io_instance_type': 'k3s', 'beta_kubernetes_io_os': 'linux', 'id': '/kubepods.slice/kubepods-burstable.slice/kubepods-burstable-pod4150c254_a41f_4f8b_8f98_d26a0c6ac7e0.slice/cri-containerd-5a7cfa41636ef4b9b6979fd30de1bffc1033fc4d1a59062a0d942b86307ef87a.scope', 'image': 'docker.io/rancher/mirrored-pause:3.6', 'instance': 'notebook-vivy', 'interface': 'eth0', 'job': 'kubernetes-cadvisor', 'kubernetes_io_arch': 'amd64', 'kubernetes_io_hostname': 'notebook-vivy', 'kubernetes_io_os': 'linux', 'name': '5a7cfa41636ef4b9b6979fd30de1bffc1033fc4d1a59062a0d942b86307ef87a', 'namespace': 'spring-petclinic', 'node_kubernetes_io_instance_type': 'k3s', 'node_role_kubernetes_io_control_plane': 'true', 'pod': 'loki-84cd674d9f-5jbmr'}",957756747,same_network,3,300
2026-07-24T22:05:37.804529+00:00,2026-07-24T22:05:38.131000+00:00,container_network_receive_bytes_total,api-gateway,augusto-almondes,"{'__name__': 'container_network_receive_bytes_total', 'beta_kubernetes_io_arch': 'amd64', 'beta_kubernetes_io_instance_type': 'k3s', 'beta_kubernetes_io_os': 'linux', 'id': '/kubepods.slice/kubepods-burstable.slice/kubepods-burstable-pod8329aa55_845e_49e6_bc48_19166a540b8f.slice/cri-containerd-faae04884b29c370b3bb7fec91e75dac682e34a15f8a391ce4220d76bdf21c1c.scope', 'image': 'docker.io/rancher/mirrored-pause:3.6', 'instance': 'augusto-almondes', 'interface': 'eth0', 'job': 'kubernetes-cadvisor', 'kubernetes_io_arch': 'amd64', 'kubernetes_io_hostname': 'augusto-almondes', 'kubernetes_io_os': 'linux', 'name': 'faae04884b29c370b3bb7fec91e75dac682e34a15f8a391ce4220d76bdf21c1c', 'namespace': 'spring-petclinic', 'node_kubernetes_io_instance_type': 'k3s', 'pod': 'api-gateway-78f775b647-cs4l5'}",37606032,same_network,3,300
2026-07-24T22:05:37.804529+00:00,2026-07-24T22:05:38.131000+00:00,container_network_receive_bytes_total,,macbookair-vivy,"{'__name__': 'container_network_receive_bytes_total', 'beta_kubernetes_io_arch': 'amd64', 'beta_kubernetes_io_instance_type': 'k3s', 'beta_kubernetes_io_os': 'linux', 'id': '/kubepods.slice/kubepods-burstable.slice/kubepods-burstable-pod83bca641_4313_46eb_880d_ed7d9b73c3b4.slice/cri-containerd-fa71dc8ca33ab1aaee8733e1064f6c903582a47168f208c39fa0d84958e0adf6.scope', 'image': 'docker.io/rancher/mirrored-pause:3.6', 'instance': 'macbookair-vivy', 'interface': 'eth0', 'job': 'kubernetes-cadvisor', 'kubernetes_io_arch': 'amd64', 'kubernetes_io_hostname': 'macbookair-vivy', 'kubernetes_io_os': 'linux', 'name': 'fa71dc8ca33ab1aaee8733e1064f6c903582a47168f208c39fa0d84958e0adf6', 'namespace': 'spring-petclinic', 'node_kubernetes_io_instance_type': 'k3s', 'pod': 'promtail-6th4p', 'role': 'database'}",1745191,same_network,3,300
2026-07-24T22:05:37.804529+00:00,2026-07-24T22:05:38.131000+00:00,container_network_receive_bytes_total,,notebook-vivy,"{'__name__': 'container_network_receive_bytes_total', 'beta_kubernetes_io_arch': 'amd64', 'beta_kubernetes_io_instance_type': 'k3s', 'beta_kubernetes_io_os': 'linux', 'id': '/kubepods.slice/kubepods-burstable.slice/kubepods-burstable-podb25714d0_13cb_4579_b8b1_7a8606f015ca.slice/cri-containerd-42cc5d6d1ba003bd2b36c4cfe046d938102ebaf4057c03c2ebe008cb716d2ac8.scope', 'image': 'docker.io/rancher/mirrored-pause:3.6', 'instance': 'notebook-vivy', 'interface': 'eth0', 'job': 'kubernetes-cadvisor', 'kubernetes_io_arch': 'amd64', 'kubernetes_io_hostname': 'notebook-vivy', 'kubernetes_io_os': 'linux', 'name': '42cc5d6d1ba003bd2b36c4cfe046d938102ebaf4057c03c2ebe008cb716d2ac8', 'namespace': 'spring-petclinic', 'node_kubernetes_io_instance_type': 'k3s', 'node_role_kubernetes_io_control_plane': 'true', 'pod': 'promtail-rsjq4'}",12127812,same_network,3,300
2026-07-24T22:05:37.804529+00:00,2026-07-24T22:05:38.138000+00:00,container_network_transmit_bytes_total,visits-service,augusto-almondes,"{'__name__': 'container_network_transmit_bytes_total', 'beta_kubernetes_io_arch': 'amd64', 'beta_kubernetes_io_instance_type': 'k3s', 'beta_kubernetes_io_os': 'linux', 'id': '/kubepods.slice/kubepods-besteffort.slice/kubepods-besteffort-pod07c98de3_903e_4594_897f_2c8d02326386.slice/cri-containerd-78cb0991f2215bba7766e453130cd6629145f4cb69967ab6841e765a002dd5bd.scope', 'image': 'docker.io/rancher/mirrored-pause:3.6', 'instance': 'augusto-almondes', 'interface': 'eth0', 'job': 'kubernetes-cadvisor', 'kubernetes_io_arch': 'amd64', 'kubernetes_io_hostname': 'augusto-almondes', 'kubernetes_io_os': 'linux', 'name': '78cb0991f2215bba7766e453130cd6629145f4cb69967ab6841e765a002dd5bd', 'namespace': 'spring-petclinic', 'node_kubernetes_io_instance_type': 'k3s', 'pod': 'visits-service-859d489b98-v28jh'}",360941393,same_network,3,300
2026-07-24T22:05:37.804529+00:00,2026-07-24T22:05:38.138000+00:00,container_network_transmit_bytes_total,vets-service,augusto-almondes,"{'__name__': 'container_network_transmit_bytes_total', 'beta_kubernetes_io_arch': 'amd64', 'beta_kubernetes_io_instance_type': 'k3s', 'beta_kubernetes_io_os': 'linux', 'id': '/kubepods.slice/kubepods-besteffort.slice/kubepods-besteffort-pod37c58633_3a89_4b91_8817_d95841fa9c04.slice/cri-containerd-3d072be83235a90f43adf1b2786dedb708b2eadf4ce06678d0446a5c1cf7d1bf.scope', 'image': 'docker.io/rancher/mirrored-pause:3.6', 'instance': 'augusto-almondes', 'interface': 'eth0', 'job': 'kubernetes-cadvisor', 'kubernetes_io_arch': 'amd64', 'kubernetes_io_hostname': 'augusto-almondes', 'kubernetes_io_os': 'linux', 'name': '3d072be83235a90f43adf1b2786dedb708b2eadf4ce06678d0446a5c1cf7d1bf', 'namespace': 'spring-petclinic', 'node_kubernetes_io_instance_type': 'k3s', 'pod': 'vets-service-68cc5897b6-gr89c'}",1623504272,same_network,3,300
2026-07-24T22:05:37.804529+00:00,2026-07-24T22:05:38.138000+00:00,container_network_transmit_bytes_total,customers-service,notebook-vivy,"{'__name__': 'container_network_transmit_bytes_total', 'beta_kubernetes_io_arch': 'amd64', 'beta_kubernetes_io_instance_type': 'k3s', 'beta_kubernetes_io_os': 'linux', 'id': '/kubepods.slice/kubepods-besteffort.slice/kubepods-besteffort-pod461d7b21_3e4e_4af8_ae9e_5c2edf453cf6.slice/cri-containerd-fd1e043bde697e972772a0aa9fe92c09dc38468de0e796b4fcc7ccb62c2cc331.scope', 'image': 'docker.io/rancher/mirrored-pause:3.6', 'instance': 'notebook-vivy', 'interface': 'eth0', 'job': 'kubernetes-cadvisor', 'kubernetes_io_arch': 'amd64', 'kubernetes_io_hostname': 'notebook-vivy', 'kubernetes_io_os': 'linux', 'name': 'fd1e043bde697e972772a0aa9fe92c09dc38468de0e796b4fcc7ccb62c2cc331', 'namespace': 'spring-petclinic', 'node_kubernetes_io_instance_type': 'k3s', 'node_role_kubernetes_io_control_plane': 'true', 'pod': 'customers-service-754bdcc448-g5gns'}",3928867879,same_network,3,300
2026-07-24T22:05:37.804529+00:00,2026-07-24T22:05:38.138000+00:00,container_network_transmit_bytes_total,,notebook-vivy,"{'__name__': 'container_network_transmit_bytes_total', 'beta_kubernetes_io_arch': 'amd64', 'beta_kubernetes_io_instance_type': 'k3s', 'beta_kubernetes_io_os': 'linux', 'id': '/kubepods.slice/kubepods-besteffort.slice/kubepods-besteffort-pod61c59b0e_baf9_48d9_ae8a_9a9a72cf52af.slice/cri-containerd-1adc220d89ff318103e137809efebdbdb53d40bfc366b15aebb7dda0164e3c84.scope', 'image': 'docker.io/rancher/mirrored-pause:3.6', 'instance': 'notebook-vivy', 'interface': 'eth0', 'job': 'kubernetes-cadvisor', 'kubernetes_io_arch': 'amd64', 'kubernetes_io_hostname': 'notebook-vivy', 'kubernetes_io_os': 'linux', 'name': '1adc220d89ff318103e137809efebdbdb53d40bfc366b15aebb7dda0164e3c84', 'namespace': 'spring-petclinic', 'node_kubernetes_io_instance_type': 'k3s', 'node_role_kubernetes_io_control_plane': 'true', 'pod': 'prometheus-6d9b5b9b7c-c9njq'}",109594373,same_network,3,300
2026-07-24T22:05:37.804529+00:00,2026-07-24T22:05:38.138000+00:00,container_network_transmit_bytes_total,visits-service,augusto-almondes,"{'__name__': 'container_network_transmit_bytes_total', 'beta_kubernetes_io_arch': 'amd64', 'beta_kubernetes_io_instance_type': 'k3s', 'beta_kubernetes_io_os': 'linux', 'id': '/kubepods.slice/kubepods-besteffort.slice/kubepods-besteffort-pod6e6c7e0b_abf8_47e8_9b7f_73fed236fe33.slice/cri-containerd-36634f28d8d5262f3c40800bd8233f19285c32bdf1c30883fc9d08ad552c5fcc.scope', 'image': 'docker.io/rancher/mirrored-pause:3.6', 'instance': 'augusto-almondes', 'interface': 'eth0', 'job': 'kubernetes-cadvisor', 'kubernetes_io_arch': 'amd64', 'kubernetes_io_hostname': 'augusto-almondes', 'kubernetes_io_os': 'linux', 'name': '36634f28d8d5262f3c40800bd8233f19285c32bdf1c30883fc9d08ad552c5fcc', 'namespace': 'spring-petclinic', 'node_kubernetes_io_instance_type': 'k3s', 'pod': 'visits-service-859d489b98-qpm6m'}",355680818,same_network,3,300
2026-07-24T22:05:37.804529+00:00,2026-07-24T22:05:38.138000+00:00,container_network_transmit_bytes_total,,notebook-vivy,"{'__name__': 'container_network_transmit_bytes_total', 'beta_kubernetes_io_arch': 'amd64', 'beta_kubernetes_io_instance_type': 'k3s', 'beta_kubernetes_io_os': 'linux', 'id': '/kubepods.slice/kubepods-besteffort.slice/kubepods-besteffort-pod818aa63c_0637_4d0f_bd16_9785508f386f.slice/cri-containerd-257fc1a313926de0c88bf51147ec32916a10686b887e16d8bb4ca05843baf589.scope', 'image': 'docker.io/rancher/mirrored-pause:3.6', 'instance': 'notebook-vivy', 'interface': 'eth0', 'job': 'kubernetes-cadvisor', 'kubernetes_io_arch': 'amd64', 'kubernetes_io_hostname': 'notebook-vivy', 'kubernetes_io_os': 'linux', 'name': '257fc1a313926de0c88bf51147ec32916a10686b887e16d8bb4ca05843baf589', 'namespace': 'spring-petclinic', 'node_kubernetes_io_instance_type': 'k3s', 'node_role_kubernetes_io_control_plane': 'true', 'pod': 'config-server-799b6bb84c-g2tr5'}",42,same_network,3,300
2026-07-24T22:05:37.804529+00:00,2026-07-24T22:05:38.138000+00:00,container_network_transmit_bytes_total,,macbookair-vivy,"{'__name__': 'container_network_transmit_bytes_total', 'beta_kubernetes_io_arch': 'amd64', 'beta_kubernetes_io_instance_type': 'k3s', 'beta_kubernetes_io_os': 'linux', 'id': '/kubepods.slice/kubepods-besteffort.slice/kubepods-besteffort-podbb8e7e86_67b2_4503_b6ea_265ba0e9fc0c.slice/cri-containerd-41001c13718012a62944ab802abddb11401442e875bc7d1cf10aa9c870850224.scope', 'image': 'docker.io/rancher/mirrored-pause:3.6', 'instance': 'macbookair-vivy', 'interface': 'eth0', 'job': 'kubernetes-cadvisor', 'kubernetes_io_arch': 'amd64', 'kubernetes_io_hostname': 'macbookair-vivy', 'kubernetes_io_os': 'linux', 'name': '41001c13718012a62944ab802abddb11401442e875bc7d1cf10aa9c870850224', 'namespace': 'spring-petclinic', 'node_kubernetes_io_instance_type': 'k3s', 'pod': 'mysql-7dcf5984bc-22j65', 'role': 'database'}",12307296785,same_network,3,300
2026-07-24T22:05:37.804529+00:00,2026-07-24T22:05:38.138000+00:00,container_network_transmit_bytes_total,,notebook-vivy,"{'__name__': 'container_network_transmit_bytes_total', 'beta_kubernetes_io_arch': 'amd64', 'beta_kubernetes_io_instance_type': 'k3s', 'beta_kubernetes_io_os': 'linux', 'id': '/kubepods.slice/kubepods-besteffort.slice/kubepods-besteffort-podceb031e9_6468_4f4b_80a0_24260acd6e8a.slice/cri-containerd-40053313449c00a55736ce939108bea56e6a102b12b42e1a31bd001b2cb943bb.scope', 'image': 'docker.io/rancher/mirrored-pause:3.6', 'instance': 'notebook-vivy', 'interface': 'eth0', 'job': 'kubernetes-cadvisor', 'kubernetes_io_arch': 'amd64', 'kubernetes_io_hostname': 'notebook-vivy', 'kubernetes_io_os': 'linux', 'name': '40053313449c00a55736ce939108bea56e6a102b12b42e1a31bd001b2cb943bb', 'namespace': 'spring-petclinic', 'node_kubernetes_io_instance_type': 'k3s', 'node_role_kubernetes_io_control_plane': 'true', 'pod': 'discovery-server-6694f65985-cr2kx'}",42,same_network,3,300
2026-07-24T22:05:37.804529+00:00,2026-07-24T22:05:38.138000+00:00,container_network_transmit_bytes_total,customers-service,augusto-almondes,"{'__name__': 'container_network_transmit_bytes_total', 'beta_kubernetes_io_arch': 'amd64', 'beta_kubernetes_io_instance_type': 'k3s', 'beta_kubernetes_io_os': 'linux', 'id': '/kubepods.slice/kubepods-besteffort.slice/kubepods-besteffort-pode37399aa_5830_4643_8b7d_68f55d86f0b1.slice/cri-containerd-e7e17f8994d91ad485dcadb505533c11157a9c4ea3fe4f1d557d045c51189815.scope', 'image': 'docker.io/rancher/mirrored-pause:3.6', 'instance': 'augusto-almondes', 'interface': 'eth0', 'job': 'kubernetes-cadvisor', 'kubernetes_io_arch': 'amd64', 'kubernetes_io_hostname': 'augusto-almondes', 'kubernetes_io_os': 'linux', 'name': 'e7e17f8994d91ad485dcadb505533c11157a9c4ea3fe4f1d557d045c51189815', 'namespace': 'spring-petclinic', 'node_kubernetes_io_instance_type': 'k3s', 'pod': 'customers-service-754bdcc448-vqzd7'}",3797007524,same_network,3,300
2026-07-24T22:05:37.804529+00:00,2026-07-24T22:05:38.138000+00:00,container_network_transmit_bytes_total,vets-service,augusto-almondes,"{'__name__': 'container_network_transmit_bytes_total', 'beta_kubernetes_io_arch': 'amd64', 'beta_kubernetes_io_instance_type': 'k3s', 'beta_kubernetes_io_os': 'linux', 'id': '/kubepods.slice/kubepods-besteffort.slice/kubepods-besteffort-pode8be662b_d64d_4461_b18e_e524621757f2.slice/cri-containerd-1858b7a840027f969d237d1c10d7ecc22ef5e38a29d202d5760513652eb60797.scope', 'image': 'docker.io/rancher/mirrored-pause:3.6', 'instance': 'augusto-almondes', 'interface': 'eth0', 'job': 'kubernetes-cadvisor', 'kubernetes_io_arch': 'amd64', 'kubernetes_io_hostname': 'augusto-almondes', 'kubernetes_io_os': 'linux', 'name': '1858b7a840027f969d237d1c10d7ecc22ef5e38a29d202d5760513652eb60797', 'namespace': 'spring-petclinic', 'node_kubernetes_io_instance_type': 'k3s', 'pod': 'vets-service-68cc5897b6-cj224'}",1642867224,same_network,3,300
2026-07-24T22:05:37.804529+00:00,2026-07-24T22:05:38.138000+00:00,container_network_transmit_bytes_total,api-gateway,notebook-vivy,"{'__name__': 'container_network_transmit_bytes_total', 'beta_kubernetes_io_arch': 'amd64', 'beta_kubernetes_io_instance_type': 'k3s', 'beta_kubernetes_io_os': 'linux', 'id': '/kubepods.slice/kubepods-burstable.slice/kubepods-burstable-pod0938bf77_f775_4395_8d68_3f3e730442fa.slice/cri-containerd-a6fd5250d3bfc2badbe10894f62c473ef988a39eb319025e754de23b80c1ab4c.scope', 'image': 'docker.io/rancher/mirrored-pause:3.6', 'instance': 'notebook-vivy', 'interface': 'eth0', 'job': 'kubernetes-cadvisor', 'kubernetes_io_arch': 'amd64', 'kubernetes_io_hostname': 'notebook-vivy', 'kubernetes_io_os': 'linux', 'name': 'a6fd5250d3bfc2badbe10894f62c473ef988a39eb319025e754de23b80c1ab4c', 'namespace': 'spring-petclinic', 'node_kubernetes_io_instance_type': 'k3s', 'node_role_kubernetes_io_control_plane': 'true', 'pod': 'api-gateway-78f775b647-m4zpr'}",6323280164,same_network,3,300
2026-07-24T22:05:37.804529+00:00,2026-07-24T22:05:38.138000+00:00,container_network_transmit_bytes_total,,notebook-vivy,"{'__name__': 'container_network_transmit_bytes_total', 'beta_kubernetes_io_arch': 'amd64', 'beta_kubernetes_io_instance_type': 'k3s', 'beta_kubernetes_io_os': 'linux', 'id': '/kubepods.slice/kubepods-burstable.slice/kubepods-burstable-pod09c597ef_7768_4ae9_a0f5_1a6a4d12429f.slice/cri-containerd-71a203b5d7433062735bda847d7d37feb6bf4a60472b7731f6d1b0fe96211934.scope', 'image': 'docker.io/rancher/mirrored-pause:3.6', 'instance': 'notebook-vivy', 'interface': 'eth0', 'job': 'kubernetes-cadvisor', 'kubernetes_io_arch': 'amd64', 'kubernetes_io_hostname': 'notebook-vivy', 'kubernetes_io_os': 'linux', 'name': '71a203b5d7433062735bda847d7d37feb6bf4a60472b7731f6d1b0fe96211934', 'namespace': 'spring-petclinic', 'node_kubernetes_io_instance_type': 'k3s', 'node_role_kubernetes_io_control_plane': 'true', 'pod': 'zipkin-76d97d46df-4kcr9'}",671781279,same_network,3,300
2026-07-24T22:05:37.804529+00:00,2026-07-24T22:05:38.138000+00:00,container_network_transmit_bytes_total,,augusto-almondes,"{'__name__': 'container_network_transmit_bytes_total', 'beta_kubernetes_io_arch': 'amd64', 'beta_kubernetes_io_instance_type': 'k3s', 'beta_kubernetes_io_os': 'linux', 'id': '/kubepods.slice/kubepods-burstable.slice/kubepods-burstable-pod1f46dbde_909b_4d3f_b97d_2a39953c86a7.slice/cri-containerd-ba8d023b76c7725ee06abbed55f557de3ff14db60b35b51171c3b1a89ccf72e2.scope', 'image': 'docker.io/rancher/mirrored-pause:3.6', 'instance': 'augusto-almondes', 'interface': 'eth0', 'job': 'kubernetes-cadvisor', 'kubernetes_io_arch': 'amd64', 'kubernetes_io_hostname': 'augusto-almondes', 'kubernetes_io_os': 'linux', 'name': 'ba8d023b76c7725ee06abbed55f557de3ff14db60b35b51171c3b1a89ccf72e2', 'namespace': 'spring-petclinic', 'node_kubernetes_io_instance_type': 'k3s', 'pod': 'promtail-f6prj'}",303037535,same_network,3,300
2026-07-24T22:05:37.804529+00:00,2026-07-24T22:05:38.138000+00:00,container_network_transmit_bytes_total,,notebook-vivy,"{'__name__': 'container_network_transmit_bytes_total', 'beta_kubernetes_io_arch': 'amd64', 'beta_kubernetes_io_instance_type': 'k3s', 'beta_kubernetes_io_os': 'linux', 'id': '/kubepods.slice/kubepods-burstable.slice/kubepods-burstable-pod4150c254_a41f_4f8b_8f98_d26a0c6ac7e0.slice/cri-containerd-5a7cfa41636ef4b9b6979fd30de1bffc1033fc4d1a59062a0d942b86307ef87a.scope', 'image': 'docker.io/rancher/mirrored-pause:3.6', 'instance': 'notebook-vivy', 'interface': 'eth0', 'job': 'kubernetes-cadvisor', 'kubernetes_io_arch': 'amd64', 'kubernetes_io_hostname': 'notebook-vivy', 'kubernetes_io_os': 'linux', 'name': '5a7cfa41636ef4b9b6979fd30de1bffc1033fc4d1a59062a0d942b86307ef87a', 'namespace': 'spring-petclinic', 'node_kubernetes_io_instance_type': 'k3s', 'node_role_kubernetes_io_control_plane': 'true', 'pod': 'loki-84cd674d9f-5jbmr'}",340608120,same_network,3,300
2026-07-24T22:05:37.804529+00:00,2026-07-24T22:05:38.138000+00:00,container_network_transmit_bytes_total,api-gateway,augusto-almondes,"{'__name__': 'container_network_transmit_bytes_total', 'beta_kubernetes_io_arch': 'amd64', 'beta_kubernetes_io_instance_type': 'k3s', 'beta_kubernetes_io_os': 'linux', 'id': '/kubepods.slice/kubepods-burstable.slice/kubepods-burstable-pod8329aa55_845e_49e6_bc48_19166a540b8f.slice/cri-containerd-faae04884b29c370b3bb7fec91e75dac682e34a15f8a391ce4220d76bdf21c1c.scope', 'image': 'docker.io/rancher/mirrored-pause:3.6', 'instance': 'augusto-almondes', 'interface': 'eth0', 'job': 'kubernetes-cadvisor', 'kubernetes_io_arch': 'amd64', 'kubernetes_io_hostname': 'augusto-almondes', 'kubernetes_io_os': 'linux', 'name': 'faae04884b29c370b3bb7fec91e75dac682e34a15f8a391ce4220d76bdf21c1c', 'namespace': 'spring-petclinic', 'node_kubernetes_io_instance_type': 'k3s', 'pod': 'api-gateway-78f775b647-cs4l5'}",66871071,same_network,3,300
2026-07-24T22:05:37.804529+00:00,2026-07-24T22:05:38.138000+00:00,container_network_transmit_bytes_total,,macbookair-vivy,"{'__name__': 'container_network_transmit_bytes_total', 'beta_kubernetes_io_arch': 'amd64', 'beta_kubernetes_io_instance_type': 'k3s', 'beta_kubernetes_io_os': 'linux', 'id': '/kubepods.slice/kubepods-burstable.slice/kubepods-burstable-pod83bca641_4313_46eb_880d_ed7d9b73c3b4.slice/cri-containerd-fa71dc8ca33ab1aaee8733e1064f6c903582a47168f208c39fa0d84958e0adf6.scope', 'image': 'docker.io/rancher/mirrored-pause:3.6', 'instance': 'macbookair-vivy', 'interface': 'eth0', 'job': 'kubernetes-cadvisor', 'kubernetes_io_arch': 'amd64', 'kubernetes_io_hostname': 'macbookair-vivy', 'kubernetes_io_os': 'linux', 'name': 'fa71dc8ca33ab1aaee8733e1064f6c903582a47168f208c39fa0d84958e0adf6', 'namespace': 'spring-petclinic', 'node_kubernetes_io_instance_type': 'k3s', 'pod': 'promtail-6th4p', 'role': 'database'}",563324,same_network,3,300
2026-07-24T22:05:37.804529+00:00,2026-07-24T22:05:38.138000+00:00,container_network_transmit_bytes_total,,notebook-vivy,"{'__name__': 'container_network_transmit_bytes_total', 'beta_kubernetes_io_arch': 'amd64', 'beta_kubernetes_io_instance_type': 'k3s', 'beta_kubernetes_io_os': 'linux', 'id': '/kubepods.slice/kubepods-burstable.slice/kubepods-burstable-podb25714d0_13cb_4579_b8b1_7a8606f015ca.slice/cri-containerd-42cc5d6d1ba003bd2b36c4cfe046d938102ebaf4057c03c2ebe008cb716d2ac8.scope', 'image': 'docker.io/rancher/mirrored-pause:3.6', 'instance': 'notebook-vivy', 'interface': 'eth0', 'job': 'kubernetes-cadvisor', 'kubernetes_io_arch': 'amd64', 'kubernetes_io_hostname': 'notebook-vivy', 'kubernetes_io_os': 'linux', 'name': '42cc5d6d1ba003bd2b36c4cfe046d938102ebaf4057c03c2ebe008cb716d2ac8', 'namespace': 'spring-petclinic', 'node_kubernetes_io_instance_type': 'k3s', 'node_role_kubernetes_io_control_plane': 'true', 'pod': 'promtail-rsjq4'}",303017692,same_network,3,300
2026-07-24T22:05:37.804529+00:00,2026-07-24T22:05:38.145000+00:00,executor_active_threads,customers-service,10.42.0.186:8080,"{'__name__': 'executor_active_threads', 'instance': '10.42.0.186:8080', 'job': 'spring-petclinic', 'name': 'applicationTaskExecutor'}",0,same_network,3,300
2026-07-24T22:05:37.804529+00:00,2026-07-24T22:05:38.145000+00:00,executor_active_threads,api-gateway,10.42.0.187:8080,"{'__name__': 'executor_active_threads', 'instance': '10.42.0.187:8080', 'job': 'spring-petclinic', 'name': 'applicationTaskExecutor'}",0,same_network,3,300
2026-07-24T22:05:37.804529+00:00,2026-07-24T22:05:38.145000+00:00,executor_active_threads,visits-service,10.42.1.122:8080,"{'__name__': 'executor_active_threads', 'instance': '10.42.1.122:8080', 'job': 'spring-petclinic', 'name': 'applicationTaskExecutor'}",0,same_network,3,300
2026-07-24T22:05:37.804529+00:00,2026-07-24T22:05:38.145000+00:00,executor_active_threads,vets-service,10.42.1.123:8080,"{'__name__': 'executor_active_threads', 'instance': '10.42.1.123:8080', 'job': 'spring-petclinic', 'name': 'applicationTaskExecutor'}",0,same_network,3,300
2026-07-24T22:05:37.804529+00:00,2026-07-24T22:05:38.145000+00:00,executor_active_threads,vets-service,10.42.1.124:8080,"{'__name__': 'executor_active_threads', 'instance': '10.42.1.124:8080', 'job': 'spring-petclinic', 'name': 'applicationTaskExecutor'}",0,same_network,3,300
2026-07-24T22:05:37.804529+00:00,2026-07-24T22:05:38.145000+00:00,executor_active_threads,visits-service,10.42.1.125:8080,"{'__name__': 'executor_active_threads', 'instance': '10.42.1.125:8080', 'job': 'spring-petclinic', 'name': 'applicationTaskExecutor'}",0,same_network,3,300
2026-07-24T22:05:37.804529+00:00,2026-07-24T22:05:38.145000+00:00,executor_active_threads,customers-service,10.42.1.126:8080,"{'__name__': 'executor_active_threads', 'instance': '10.42.1.126:8080', 'job': 'spring-petclinic', 'name': 'applicationTaskExecutor'}",0,same_network,3,300
2026-07-24T22:05:37.804529+00:00,2026-07-24T22:05:38.145000+00:00,executor_active_threads,api-gateway,10.42.1.129:8080,"{'__name__': 'executor_active_threads', 'instance': '10.42.1.129:8080', 'job': 'spring-petclinic', 'name': 'applicationTaskExecutor'}",0,same_network,3,300
2026-07-24T22:05:37.804529+00:00,2026-07-24T22:05:38.149000+00:00,executor_completed_tasks_total,customers-service,10.42.0.186:8080,"{'__name__': 'executor_completed_tasks_total', 'instance': '10.42.0.186:8080', 'job': 'spring-petclinic', 'name': 'applicationTaskExecutor'}",0,same_network,3,300
2026-07-24T22:05:37.804529+00:00,2026-07-24T22:05:38.149000+00:00,executor_completed_tasks_total,api-gateway,10.42.0.187:8080,"{'__name__': 'executor_completed_tasks_total', 'instance': '10.42.0.187:8080', 'job': 'spring-petclinic', 'name': 'applicationTaskExecutor'}",0,same_network,3,300
2026-07-24T22:05:37.804529+00:00,2026-07-24T22:05:38.149000+00:00,executor_completed_tasks_total,visits-service,10.42.1.122:8080,"{'__name__': 'executor_completed_tasks_total', 'instance': '10.42.1.122:8080', 'job': 'spring-petclinic', 'name': 'applicationTaskExecutor'}",0,same_network,3,300
2026-07-24T22:05:37.804529+00:00,2026-07-24T22:05:38.149000+00:00,executor_completed_tasks_total,vets-service,10.42.1.123:8080,"{'__name__': 'executor_completed_tasks_total', 'instance': '10.42.1.123:8080', 'job': 'spring-petclinic', 'name': 'applicationTaskExecutor'}",0,same_network,3,300
2026-07-24T22:05:37.804529+00:00,2026-07-24T22:05:38.149000+00:00,executor_completed_tasks_total,vets-service,10.42.1.124:8080,"{'__name__': 'executor_completed_tasks_total', 'instance': '10.42.1.124:8080', 'job': 'spring-petclinic', 'name': 'applicationTaskExecutor'}",0,same_network,3,300
2026-07-24T22:05:37.804529+00:00,2026-07-24T22:05:38.149000+00:00,executor_completed_tasks_total,visits-service,10.42.1.125:8080,"{'__name__': 'executor_completed_tasks_total', 'instance': '10.42.1.125:8080', 'job': 'spring-petclinic', 'name': 'applicationTaskExecutor'}",0,same_network,3,300
2026-07-24T22:05:37.804529+00:00,2026-07-24T22:05:38.149000+00:00,executor_completed_tasks_total,customers-service,10.42.1.126:8080,"{'__name__': 'executor_completed_tasks_total', 'instance': '10.42.1.126:8080', 'job': 'spring-petclinic', 'name': 'applicationTaskExecutor'}",0,same_network,3,300
2026-07-24T22:05:37.804529+00:00,2026-07-24T22:05:38.149000+00:00,executor_completed_tasks_total,api-gateway,10.42.1.129:8080,"{'__name__': 'executor_completed_tasks_total', 'instance': '10.42.1.129:8080', 'job': 'spring-petclinic', 'name': 'applicationTaskExecutor'}",0,same_network,3,300
2026-07-24T22:05:37.804529+00:00,2026-07-24T22:05:38.153000+00:00,executor_pool_core_threads,customers-service,10.42.0.186:8080,"{'__name__': 'executor_pool_core_threads', 'instance': '10.42.0.186:8080', 'job': 'spring-petclinic', 'name': 'applicationTaskExecutor'}",8,same_network,3,300
2026-07-24T22:05:37.804529+00:00,2026-07-24T22:05:38.153000+00:00,executor_pool_core_threads,api-gateway,10.42.0.187:8080,"{'__name__': 'executor_pool_core_threads', 'instance': '10.42.0.187:8080', 'job': 'spring-petclinic', 'name': 'applicationTaskExecutor'}",8,same_network,3,300
2026-07-24T22:05:37.804529+00:00,2026-07-24T22:05:38.153000+00:00,executor_pool_core_threads,visits-service,10.42.1.122:8080,"{'__name__': 'executor_pool_core_threads', 'instance': '10.42.1.122:8080', 'job': 'spring-petclinic', 'name': 'applicationTaskExecutor'}",8,same_network,3,300
2026-07-24T22:05:37.804529+00:00,2026-07-24T22:05:38.153000+00:00,executor_pool_core_threads,vets-service,10.42.1.123:8080,"{'__name__': 'executor_pool_core_threads', 'instance': '10.42.1.123:8080', 'job': 'spring-petclinic', 'name': 'applicationTaskExecutor'}",8,same_network,3,300
2026-07-24T22:05:37.804529+00:00,2026-07-24T22:05:38.153000+00:00,executor_pool_core_threads,vets-service,10.42.1.124:8080,"{'__name__': 'executor_pool_core_threads', 'instance': '10.42.1.124:8080', 'job': 'spring-petclinic', 'name': 'applicationTaskExecutor'}",8,same_network,3,300
2026-07-24T22:05:37.804529+00:00,2026-07-24T22:05:38.153000+00:00,executor_pool_core_threads,visits-service,10.42.1.125:8080,"{'__name__': 'executor_pool_core_threads', 'instance': '10.42.1.125:8080', 'job': 'spring-petclinic', 'name': 'applicationTaskExecutor'}",8,same_network,3,300
2026-07-24T22:05:37.804529+00:00,2026-07-24T22:05:38.153000+00:00,executor_pool_core_threads,customers-service,10.42.1.126:8080,"{'__name__': 'executor_pool_core_threads', 'instance': '10.42.1.126:8080', 'job': 'spring-petclinic', 'name': 'applicationTaskExecutor'}",8,same_network,3,300
2026-07-24T22:05:37.804529+00:00,2026-07-24T22:05:38.153000+00:00,executor_pool_core_threads,api-gateway,10.42.1.129:8080,"{'__name__': 'executor_pool_core_threads', 'instance': '10.42.1.129:8080', 'job': 'spring-petclinic', 'name': 'applicationTaskExecutor'}",8,same_network,3,300
2026-07-24T22:05:37.804529+00:00,2026-07-24T22:05:38.159000+00:00,executor_pool_max_threads,customers-service,10.42.0.186:8080,"{'__name__': 'executor_pool_max_threads', 'instance': '10.42.0.186:8080', 'job': 'spring-petclinic', 'name': 'applicationTaskExecutor'}",2147483647,same_network,3,300
2026-07-24T22:05:37.804529+00:00,2026-07-24T22:05:38.159000+00:00,executor_pool_max_threads,api-gateway,10.42.0.187:8080,"{'__name__': 'executor_pool_max_threads', 'instance': '10.42.0.187:8080', 'job': 'spring-petclinic', 'name': 'applicationTaskExecutor'}",2147483647,same_network,3,300
2026-07-24T22:05:37.804529+00:00,2026-07-24T22:05:38.159000+00:00,executor_pool_max_threads,visits-service,10.42.1.122:8080,"{'__name__': 'executor_pool_max_threads', 'instance': '10.42.1.122:8080', 'job': 'spring-petclinic', 'name': 'applicationTaskExecutor'}",2147483647,same_network,3,300
2026-07-24T22:05:37.804529+00:00,2026-07-24T22:05:38.159000+00:00,executor_pool_max_threads,vets-service,10.42.1.123:8080,"{'__name__': 'executor_pool_max_threads', 'instance': '10.42.1.123:8080', 'job': 'spring-petclinic', 'name': 'applicationTaskExecutor'}",2147483647,same_network,3,300
2026-07-24T22:05:37.804529+00:00,2026-07-24T22:05:38.159000+00:00,executor_pool_max_threads,vets-service,10.42.1.124:8080,"{'__name__': 'executor_pool_max_threads', 'instance': '10.42.1.124:8080', 'job': 'spring-petclinic', 'name': 'applicationTaskExecutor'}",2147483647,same_network,3,300
2026-07-24T22:05:37.804529+00:00,2026-07-24T22:05:38.159000+00:00,executor_pool_max_threads,visits-service,10.42.1.125:8080,"{'__name__': 'executor_pool_max_threads', 'instance': '10.42.1.125:8080', 'job': 'spring-petclinic', 'name': 'applicationTaskExecutor'}",2147483647,same_network,3,300
2026-07-24T22:05:37.804529+00:00,2026-07-24T22:05:38.159000+00:00,executor_pool_max_threads,customers-service,10.42.1.126:8080,"{'__name__': 'executor_pool_max_threads', 'instance': '10.42.1.126:8080', 'job': 'spring-petclinic', 'name': 'applicationTaskExecutor'}",2147483647,same_network,3,300
2026-07-24T22:05:37.804529+00:00,2026-07-24T22:05:38.159000+00:00,executor_pool_max_threads,api-gateway,10.42.1.129:8080,"{'__name__': 'executor_pool_max_threads', 'instance': '10.42.1.129:8080', 'job': 'spring-petclinic', 'name': 'applicationTaskExecutor'}",2147483647,same_network,3,300
2026-07-24T22:05:37.804529+00:00,2026-07-24T22:05:38.165000+00:00,executor_pool_size_threads,customers-service,10.42.0.186:8080,"{'__name__': 'executor_pool_size_threads', 'instance': '10.42.0.186:8080', 'job': 'spring-petclinic', 'name': 'applicationTaskExecutor'}",0,same_network,3,300
2026-07-24T22:05:37.804529+00:00,2026-07-24T22:05:38.165000+00:00,executor_pool_size_threads,api-gateway,10.42.0.187:8080,"{'__name__': 'executor_pool_size_threads', 'instance': '10.42.0.187:8080', 'job': 'spring-petclinic', 'name': 'applicationTaskExecutor'}",0,same_network,3,300
2026-07-24T22:05:37.804529+00:00,2026-07-24T22:05:38.165000+00:00,executor_pool_size_threads,visits-service,10.42.1.122:8080,"{'__name__': 'executor_pool_size_threads', 'instance': '10.42.1.122:8080', 'job': 'spring-petclinic', 'name': 'applicationTaskExecutor'}",0,same_network,3,300
2026-07-24T22:05:37.804529+00:00,2026-07-24T22:05:38.165000+00:00,executor_pool_size_threads,vets-service,10.42.1.123:8080,"{'__name__': 'executor_pool_size_threads', 'instance': '10.42.1.123:8080', 'job': 'spring-petclinic', 'name': 'applicationTaskExecutor'}",0,same_network,3,300
2026-07-24T22:05:37.804529+00:00,2026-07-24T22:05:38.165000+00:00,executor_pool_size_threads,vets-service,10.42.1.124:8080,"{'__name__': 'executor_pool_size_threads', 'instance': '10.42.1.124:8080', 'job': 'spring-petclinic', 'name': 'applicationTaskExecutor'}",0,same_network,3,300
2026-07-24T22:05:37.804529+00:00,2026-07-24T22:05:38.165000+00:00,executor_pool_size_threads,visits-service,10.42.1.125:8080,"{'__name__': 'executor_pool_size_threads', 'instance': '10.42.1.125:8080', 'job': 'spring-petclinic', 'name': 'applicationTaskExecutor'}",0,same_network,3,300
2026-07-24T22:05:37.804529+00:00,2026-07-24T22:05:38.165000+00:00,executor_pool_size_threads,customers-service,10.42.1.126:8080,"{'__name__': 'executor_pool_size_threads', 'instance': '10.42.1.126:8080', 'job': 'spring-petclinic', 'name': 'applicationTaskExecutor'}",0,same_network,3,300
2026-07-24T22:05:37.804529+00:00,2026-07-24T22:05:38.165000+00:00,executor_pool_size_threads,api-gateway,10.42.1.129:8080,"{'__name__': 'executor_pool_size_threads', 'instance': '10.42.1.129:8080', 'job': 'spring-petclinic', 'name': 'applicationTaskExecutor'}",0,same_network,3,300
2026-07-24T22:05:37.804529+00:00,2026-07-24T22:05:38.170000+00:00,executor_queue_remaining_tasks,customers-service,10.42.0.186:8080,"{'__name__': 'executor_queue_remaining_tasks', 'instance': '10.42.0.186:8080', 'job': 'spring-petclinic', 'name': 'applicationTaskExecutor'}",2147483647,same_network,3,300
2026-07-24T22:05:37.804529+00:00,2026-07-24T22:05:38.170000+00:00,executor_queue_remaining_tasks,api-gateway,10.42.0.187:8080,"{'__name__': 'executor_queue_remaining_tasks', 'instance': '10.42.0.187:8080', 'job': 'spring-petclinic', 'name': 'applicationTaskExecutor'}",2147483647,same_network,3,300
2026-07-24T22:05:37.804529+00:00,2026-07-24T22:05:38.170000+00:00,executor_queue_remaining_tasks,visits-service,10.42.1.122:8080,"{'__name__': 'executor_queue_remaining_tasks', 'instance': '10.42.1.122:8080', 'job': 'spring-petclinic', 'name': 'applicationTaskExecutor'}",2147483647,same_network,3,300
2026-07-24T22:05:37.804529+00:00,2026-07-24T22:05:38.170000+00:00,executor_queue_remaining_tasks,vets-service,10.42.1.123:8080,"{'__name__': 'executor_queue_remaining_tasks', 'instance': '10.42.1.123:8080', 'job': 'spring-petclinic', 'name': 'applicationTaskExecutor'}",2147483647,same_network,3,300
2026-07-24T22:05:37.804529+00:00,2026-07-24T22:05:38.170000+00:00,executor_queue_remaining_tasks,vets-service,10.42.1.124:8080,"{'__name__': 'executor_queue_remaining_tasks', 'instance': '10.42.1.124:8080', 'job': 'spring-petclinic', 'name': 'applicationTaskExecutor'}",2147483647,same_network,3,300
2026-07-24T22:05:37.804529+00:00,2026-07-24T22:05:38.170000+00:00,executor_queue_remaining_tasks,visits-service,10.42.1.125:8080,"{'__name__': 'executor_queue_remaining_tasks', 'instance': '10.42.1.125:8080', 'job': 'spring-petclinic', 'name': 'applicationTaskExecutor'}",2147483647,same_network,3,300
2026-07-24T22:05:37.804529+00:00,2026-07-24T22:05:38.170000+00:00,executor_queue_remaining_tasks,customers-service,10.42.1.126:8080,"{'__name__': 'executor_queue_remaining_tasks', 'instance': '10.42.1.126:8080', 'job': 'spring-petclinic', 'name': 'applicationTaskExecutor'}",2147483647,same_network,3,300
2026-07-24T22:05:37.804529+00:00,2026-07-24T22:05:38.170000+00:00,executor_queue_remaining_tasks,api-gateway,10.42.1.129:8080,"{'__name__': 'executor_queue_remaining_tasks', 'instance': '10.42.1.129:8080', 'job': 'spring-petclinic', 'name': 'applicationTaskExecutor'}",2147483647,same_network,3,300
2026-07-24T22:05:37.804529+00:00,2026-07-24T22:05:38.175000+00:00,executor_queued_tasks,customers-service,10.42.0.186:8080,"{'__name__': 'executor_queued_tasks', 'instance': '10.42.0.186:8080', 'job': 'spring-petclinic', 'name': 'applicationTaskExecutor'}",0,same_network,3,300
2026-07-24T22:05:37.804529+00:00,2026-07-24T22:05:38.175000+00:00,executor_queued_tasks,api-gateway,10.42.0.187:8080,"{'__name__': 'executor_queued_tasks', 'instance': '10.42.0.187:8080', 'job': 'spring-petclinic', 'name': 'applicationTaskExecutor'}",0,same_network,3,300
2026-07-24T22:05:37.804529+00:00,2026-07-24T22:05:38.175000+00:00,executor_queued_tasks,visits-service,10.42.1.122:8080,"{'__name__': 'executor_queued_tasks', 'instance': '10.42.1.122:8080', 'job': 'spring-petclinic', 'name': 'applicationTaskExecutor'}",0,same_network,3,300
2026-07-24T22:05:37.804529+00:00,2026-07-24T22:05:38.175000+00:00,executor_queued_tasks,vets-service,10.42.1.123:8080,"{'__name__': 'executor_queued_tasks', 'instance': '10.42.1.123:8080', 'job': 'spring-petclinic', 'name': 'applicationTaskExecutor'}",0,same_network,3,300
2026-07-24T22:05:37.804529+00:00,2026-07-24T22:05:38.175000+00:00,executor_queued_tasks,vets-service,10.42.1.124:8080,"{'__name__': 'executor_queued_tasks', 'instance': '10.42.1.124:8080', 'job': 'spring-petclinic', 'name': 'applicationTaskExecutor'}",0,same_network,3,300
2026-07-24T22:05:37.804529+00:00,2026-07-24T22:05:38.175000+00:00,executor_queued_tasks,visits-service,10.42.1.125:8080,"{'__name__': 'executor_queued_tasks', 'instance': '10.42.1.125:8080', 'job': 'spring-petclinic', 'name': 'applicationTaskExecutor'}",0,same_network,3,300
2026-07-24T22:05:37.804529+00:00,2026-07-24T22:05:38.175000+00:00,executor_queued_tasks,customers-service,10.42.1.126:8080,"{'__name__': 'executor_queued_tasks', 'instance': '10.42.1.126:8080', 'job': 'spring-petclinic', 'name': 'applicationTaskExecutor'}",0,same_network,3,300
2026-07-24T22:05:37.804529+00:00,2026-07-24T22:05:38.175000+00:00,executor_queued_tasks,api-gateway,10.42.1.129:8080,"{'__name__': 'executor_queued_tasks', 'instance': '10.42.1.129:8080', 'job': 'spring-petclinic', 'name': 'applicationTaskExecutor'}",0,same_network,3,300
2026-07-24T22:05:37.804529+00:00,2026-07-24T22:05:38.179000+00:00,jvm_threads_daemon_threads,customers-service,10.42.0.186:8080,"{'__name__': 'jvm_threads_daemon_threads', 'instance': '10.42.0.186:8080', 'job': 'spring-petclinic'}",215,same_network,3,300
2026-07-24T22:05:37.804529+00:00,2026-07-24T22:05:38.179000+00:00,jvm_threads_daemon_threads,api-gateway,10.42.0.187:8080,"{'__name__': 'jvm_threads_daemon_threads', 'instance': '10.42.0.187:8080', 'job': 'spring-petclinic'}",30,same_network,3,300
2026-07-24T22:05:37.804529+00:00,2026-07-24T22:05:38.179000+00:00,jvm_threads_daemon_threads,visits-service,10.42.1.122:8080,"{'__name__': 'jvm_threads_daemon_threads', 'instance': '10.42.1.122:8080', 'job': 'spring-petclinic'}",36,same_network,3,300
2026-07-24T22:05:37.804529+00:00,2026-07-24T22:05:38.179000+00:00,jvm_threads_daemon_threads,vets-service,10.42.1.123:8080,"{'__name__': 'jvm_threads_daemon_threads', 'instance': '10.42.1.123:8080', 'job': 'spring-petclinic'}",115,same_network,3,300
2026-07-24T22:05:37.804529+00:00,2026-07-24T22:05:38.179000+00:00,jvm_threads_daemon_threads,vets-service,10.42.1.124:8080,"{'__name__': 'jvm_threads_daemon_threads', 'instance': '10.42.1.124:8080', 'job': 'spring-petclinic'}",95,same_network,3,300
2026-07-24T22:05:37.804529+00:00,2026-07-24T22:05:38.179000+00:00,jvm_threads_daemon_threads,visits-service,10.42.1.125:8080,"{'__name__': 'jvm_threads_daemon_threads', 'instance': '10.42.1.125:8080', 'job': 'spring-petclinic'}",39,same_network,3,300
2026-07-24T22:05:37.804529+00:00,2026-07-24T22:05:38.179000+00:00,jvm_threads_daemon_threads,customers-service,10.42.1.126:8080,"{'__name__': 'jvm_threads_daemon_threads', 'instance': '10.42.1.126:8080', 'job': 'spring-petclinic'}",217,same_network,3,300
2026-07-24T22:05:37.804529+00:00,2026-07-24T22:05:38.179000+00:00,jvm_threads_daemon_threads,api-gateway,10.42.1.129:8080,"{'__name__': 'jvm_threads_daemon_threads', 'instance': '10.42.1.129:8080', 'job': 'spring-petclinic'}",29,same_network,3,300
2026-07-24T22:05:37.804529+00:00,2026-07-24T22:05:38.183000+00:00,jvm_threads_live_threads,customers-service,10.42.0.186:8080,"{'__name__': 'jvm_threads_live_threads', 'instance': '10.42.0.186:8080', 'job': 'spring-petclinic'}",224,same_network,3,300
2026-07-24T22:05:37.804529+00:00,2026-07-24T22:05:38.183000+00:00,jvm_threads_live_threads,api-gateway,10.42.0.187:8080,"{'__name__': 'jvm_threads_live_threads', 'instance': '10.42.0.187:8080', 'job': 'spring-petclinic'}",37,same_network,3,300
2026-07-24T22:05:37.804529+00:00,2026-07-24T22:05:38.183000+00:00,jvm_threads_live_threads,visits-service,10.42.1.122:8080,"{'__name__': 'jvm_threads_live_threads', 'instance': '10.42.1.122:8080', 'job': 'spring-petclinic'}",45,same_network,3,300
2026-07-24T22:05:37.804529+00:00,2026-07-24T22:05:38.183000+00:00,jvm_threads_live_threads,vets-service,10.42.1.123:8080,"{'__name__': 'jvm_threads_live_threads', 'instance': '10.42.1.123:8080', 'job': 'spring-petclinic'}",124,same_network,3,300
2026-07-24T22:05:37.804529+00:00,2026-07-24T22:05:38.183000+00:00,jvm_threads_live_threads,vets-service,10.42.1.124:8080,"{'__name__': 'jvm_threads_live_threads', 'instance': '10.42.1.124:8080', 'job': 'spring-petclinic'}",104,same_network,3,300
2026-07-24T22:05:37.804529+00:00,2026-07-24T22:05:38.183000+00:00,jvm_threads_live_threads,visits-service,10.42.1.125:8080,"{'__name__': 'jvm_threads_live_threads', 'instance': '10.42.1.125:8080', 'job': 'spring-petclinic'}",48,same_network,3,300
2026-07-24T22:05:37.804529+00:00,2026-07-24T22:05:38.183000+00:00,jvm_threads_live_threads,customers-service,10.42.1.126:8080,"{'__name__': 'jvm_threads_live_threads', 'instance': '10.42.1.126:8080', 'job': 'spring-petclinic'}",226,same_network,3,300
2026-07-24T22:05:37.804529+00:00,2026-07-24T22:05:38.183000+00:00,jvm_threads_live_threads,api-gateway,10.42.1.129:8080,"{'__name__': 'jvm_threads_live_threads', 'instance': '10.42.1.129:8080', 'job': 'spring-petclinic'}",36,same_network,3,300
2026-07-24T22:05:37.804529+00:00,2026-07-24T22:05:38.188000+00:00,jvm_threads_peak_threads,customers-service,10.42.0.186:8080,"{'__name__': 'jvm_threads_peak_threads', 'instance': '10.42.0.186:8080', 'job': 'spring-petclinic'}",232,same_network,3,300
2026-07-24T22:05:37.804529+00:00,2026-07-24T22:05:38.188000+00:00,jvm_threads_peak_threads,api-gateway,10.42.0.187:8080,"{'__name__': 'jvm_threads_peak_threads', 'instance': '10.42.0.187:8080', 'job': 'spring-petclinic'}",61,same_network,3,300
2026-07-24T22:05:37.804529+00:00,2026-07-24T22:05:38.188000+00:00,jvm_threads_peak_threads,visits-service,10.42.1.122:8080,"{'__name__': 'jvm_threads_peak_threads', 'instance': '10.42.1.122:8080', 'job': 'spring-petclinic'}",133,same_network,3,300
2026-07-24T22:05:37.804529+00:00,2026-07-24T22:05:38.188000+00:00,jvm_threads_peak_threads,vets-service,10.42.1.123:8080,"{'__name__': 'jvm_threads_peak_threads', 'instance': '10.42.1.123:8080', 'job': 'spring-petclinic'}",223,same_network,3,300
2026-07-24T22:05:37.804529+00:00,2026-07-24T22:05:38.188000+00:00,jvm_threads_peak_threads,vets-service,10.42.1.124:8080,"{'__name__': 'jvm_threads_peak_threads', 'instance': '10.42.1.124:8080', 'job': 'spring-petclinic'}",219,same_network,3,300
2026-07-24T22:05:37.804529+00:00,2026-07-24T22:05:38.188000+00:00,jvm_threads_peak_threads,visits-service,10.42.1.125:8080,"{'__name__': 'jvm_threads_peak_threads', 'instance': '10.42.1.125:8080', 'job': 'spring-petclinic'}",113,same_network,3,300
2026-07-24T22:05:37.804529+00:00,2026-07-24T22:05:38.188000+00:00,jvm_threads_peak_threads,customers-service,10.42.1.126:8080,"{'__name__': 'jvm_threads_peak_threads', 'instance': '10.42.1.126:8080', 'job': 'spring-petclinic'}",235,same_network,3,300
2026-07-24T22:05:37.804529+00:00,2026-07-24T22:05:38.188000+00:00,jvm_threads_peak_threads,api-gateway,10.42.1.129:8080,"{'__name__': 'jvm_threads_peak_threads', 'instance': '10.42.1.129:8080', 'job': 'spring-petclinic'}",40,same_network,3,300
2026-07-24T22:05:37.804529+00:00,2026-07-24T22:05:38.195000+00:00,jvm_threads_states_threads,customers-service,10.42.0.186:8080,"{'__name__': 'jvm_threads_states_threads', 'instance': '10.42.0.186:8080', 'job': 'spring-petclinic', 'state': 'blocked'}",0,same_network,3,300
2026-07-24T22:05:37.804529+00:00,2026-07-24T22:05:38.195000+00:00,jvm_threads_states_threads,customers-service,10.42.0.186:8080,"{'__name__': 'jvm_threads_states_threads', 'instance': '10.42.0.186:8080', 'job': 'spring-petclinic', 'state': 'new'}",0,same_network,3,300
2026-07-24T22:05:37.804529+00:00,2026-07-24T22:05:38.195000+00:00,jvm_threads_states_threads,customers-service,10.42.0.186:8080,"{'__name__': 'jvm_threads_states_threads', 'instance': '10.42.0.186:8080', 'job': 'spring-petclinic', 'state': 'runnable'}",13,same_network,3,300
2026-07-24T22:05:37.804529+00:00,2026-07-24T22:05:38.195000+00:00,jvm_threads_states_threads,customers-service,10.42.0.186:8080,"{'__name__': 'jvm_threads_states_threads', 'instance': '10.42.0.186:8080', 'job': 'spring-petclinic', 'state': 'terminated'}",0,same_network,3,300
2026-07-24T22:05:37.804529+00:00,2026-07-24T22:05:38.195000+00:00,jvm_threads_states_threads,customers-service,10.42.0.186:8080,"{'__name__': 'jvm_threads_states_threads', 'instance': '10.42.0.186:8080', 'job': 'spring-petclinic', 'state': 'timed-waiting'}",197,same_network,3,300
2026-07-24T22:05:37.804529+00:00,2026-07-24T22:05:38.195000+00:00,jvm_threads_states_threads,customers-service,10.42.0.186:8080,"{'__name__': 'jvm_threads_states_threads', 'instance': '10.42.0.186:8080', 'job': 'spring-petclinic', 'state': 'waiting'}",14,same_network,3,300
2026-07-24T22:05:37.804529+00:00,2026-07-24T22:05:38.195000+00:00,jvm_threads_states_threads,api-gateway,10.42.0.187:8080,"{'__name__': 'jvm_threads_states_threads', 'instance': '10.42.0.187:8080', 'job': 'spring-petclinic', 'state': 'blocked'}",0,same_network,3,300
2026-07-24T22:05:37.804529+00:00,2026-07-24T22:05:38.195000+00:00,jvm_threads_states_threads,api-gateway,10.42.0.187:8080,"{'__name__': 'jvm_threads_states_threads', 'instance': '10.42.0.187:8080', 'job': 'spring-petclinic', 'state': 'new'}",0,same_network,3,300
2026-07-24T22:05:37.804529+00:00,2026-07-24T22:05:38.195000+00:00,jvm_threads_states_threads,api-gateway,10.42.0.187:8080,"{'__name__': 'jvm_threads_states_threads', 'instance': '10.42.0.187:8080', 'job': 'spring-petclinic', 'state': 'runnable'}",14,same_network,3,300
2026-07-24T22:05:37.804529+00:00,2026-07-24T22:05:38.195000+00:00,jvm_threads_states_threads,api-gateway,10.42.0.187:8080,"{'__name__': 'jvm_threads_states_threads', 'instance': '10.42.0.187:8080', 'job': 'spring-petclinic', 'state': 'terminated'}",0,same_network,3,300
2026-07-24T22:05:37.804529+00:00,2026-07-24T22:05:38.195000+00:00,jvm_threads_states_threads,api-gateway,10.42.0.187:8080,"{'__name__': 'jvm_threads_states_threads', 'instance': '10.42.0.187:8080', 'job': 'spring-petclinic', 'state': 'timed-waiting'}",6,same_network,3,300
2026-07-24T22:05:37.804529+00:00,2026-07-24T22:05:38.195000+00:00,jvm_threads_states_threads,api-gateway,10.42.0.187:8080,"{'__name__': 'jvm_threads_states_threads', 'instance': '10.42.0.187:8080', 'job': 'spring-petclinic', 'state': 'waiting'}",17,same_network,3,300
2026-07-24T22:05:37.804529+00:00,2026-07-24T22:05:38.195000+00:00,jvm_threads_states_threads,visits-service,10.42.1.122:8080,"{'__name__': 'jvm_threads_states_threads', 'instance': '10.42.1.122:8080', 'job': 'spring-petclinic', 'state': 'blocked'}",0,same_network,3,300
2026-07-24T22:05:37.804529+00:00,2026-07-24T22:05:38.195000+00:00,jvm_threads_states_threads,visits-service,10.42.1.122:8080,"{'__name__': 'jvm_threads_states_threads', 'instance': '10.42.1.122:8080', 'job': 'spring-petclinic', 'state': 'new'}",0,same_network,3,300
2026-07-24T22:05:37.804529+00:00,2026-07-24T22:05:38.195000+00:00,jvm_threads_states_threads,visits-service,10.42.1.122:8080,"{'__name__': 'jvm_threads_states_threads', 'instance': '10.42.1.122:8080', 'job': 'spring-petclinic', 'state': 'runnable'}",8,same_network,3,300
2026-07-24T22:05:37.804529+00:00,2026-07-24T22:05:38.195000+00:00,jvm_threads_states_threads,visits-service,10.42.1.122:8080,"{'__name__': 'jvm_threads_states_threads', 'instance': '10.42.1.122:8080', 'job': 'spring-petclinic', 'state': 'terminated'}",0,same_network,3,300
2026-07-24T22:05:37.804529+00:00,2026-07-24T22:05:38.195000+00:00,jvm_threads_states_threads,visits-service,10.42.1.122:8080,"{'__name__': 'jvm_threads_states_threads', 'instance': '10.42.1.122:8080', 'job': 'spring-petclinic', 'state': 'timed-waiting'}",23,same_network,3,300
2026-07-24T22:05:37.804529+00:00,2026-07-24T22:05:38.195000+00:00,jvm_threads_states_threads,visits-service,10.42.1.122:8080,"{'__name__': 'jvm_threads_states_threads', 'instance': '10.42.1.122:8080', 'job': 'spring-petclinic', 'state': 'waiting'}",14,same_network,3,300
2026-07-24T22:05:37.804529+00:00,2026-07-24T22:05:38.195000+00:00,jvm_threads_states_threads,vets-service,10.42.1.123:8080,"{'__name__': 'jvm_threads_states_threads', 'instance': '10.42.1.123:8080', 'job': 'spring-petclinic', 'state': 'blocked'}",0,same_network,3,300
2026-07-24T22:05:37.804529+00:00,2026-07-24T22:05:38.195000+00:00,jvm_threads_states_threads,vets-service,10.42.1.123:8080,"{'__name__': 'jvm_threads_states_threads', 'instance': '10.42.1.123:8080', 'job': 'spring-petclinic', 'state': 'new'}",0,same_network,3,300
2026-07-24T22:05:37.804529+00:00,2026-07-24T22:05:38.195000+00:00,jvm_threads_states_threads,vets-service,10.42.1.123:8080,"{'__name__': 'jvm_threads_states_threads', 'instance': '10.42.1.123:8080', 'job': 'spring-petclinic', 'state': 'runnable'}",12,same_network,3,300
2026-07-24T22:05:37.804529+00:00,2026-07-24T22:05:38.195000+00:00,jvm_threads_states_threads,vets-service,10.42.1.123:8080,"{'__name__': 'jvm_threads_states_threads', 'instance': '10.42.1.123:8080', 'job': 'spring-petclinic', 'state': 'terminated'}",0,same_network,3,300
2026-07-24T22:05:37.804529+00:00,2026-07-24T22:05:38.195000+00:00,jvm_threads_states_threads,vets-service,10.42.1.123:8080,"{'__name__': 'jvm_threads_states_threads', 'instance': '10.42.1.123:8080', 'job': 'spring-petclinic', 'state': 'timed-waiting'}",98,same_network,3,300
2026-07-24T22:05:37.804529+00:00,2026-07-24T22:05:38.195000+00:00,jvm_threads_states_threads,vets-service,10.42.1.123:8080,"{'__name__': 'jvm_threads_states_threads', 'instance': '10.42.1.123:8080', 'job': 'spring-petclinic', 'state': 'waiting'}",14,same_network,3,300
2026-07-24T22:05:37.804529+00:00,2026-07-24T22:05:38.195000+00:00,jvm_threads_states_threads,vets-service,10.42.1.124:8080,"{'__name__': 'jvm_threads_states_threads', 'instance': '10.42.1.124:8080', 'job': 'spring-petclinic', 'state': 'blocked'}",0,same_network,3,300
2026-07-24T22:05:37.804529+00:00,2026-07-24T22:05:38.195000+00:00,jvm_threads_states_threads,vets-service,10.42.1.124:8080,"{'__name__': 'jvm_threads_states_threads', 'instance': '10.42.1.124:8080', 'job': 'spring-petclinic', 'state': 'new'}",0,same_network,3,300
2026-07-24T22:05:37.804529+00:00,2026-07-24T22:05:38.195000+00:00,jvm_threads_states_threads,vets-service,10.42.1.124:8080,"{'__name__': 'jvm_threads_states_threads', 'instance': '10.42.1.124:8080', 'job': 'spring-petclinic', 'state': 'runnable'}",12,same_network,3,300
2026-07-24T22:05:37.804529+00:00,2026-07-24T22:05:38.195000+00:00,jvm_threads_states_threads,vets-service,10.42.1.124:8080,"{'__name__': 'jvm_threads_states_threads', 'instance': '10.42.1.124:8080', 'job': 'spring-petclinic', 'state': 'terminated'}",0,same_network,3,300
2026-07-24T22:05:37.804529+00:00,2026-07-24T22:05:38.195000+00:00,jvm_threads_states_threads,vets-service,10.42.1.124:8080,"{'__name__': 'jvm_threads_states_threads', 'instance': '10.42.1.124:8080', 'job': 'spring-petclinic', 'state': 'timed-waiting'}",79,same_network,3,300
2026-07-24T22:05:37.804529+00:00,2026-07-24T22:05:38.195000+00:00,jvm_threads_states_threads,vets-service,10.42.1.124:8080,"{'__name__': 'jvm_threads_states_threads', 'instance': '10.42.1.124:8080', 'job': 'spring-petclinic', 'state': 'waiting'}",14,same_network,3,300
2026-07-24T22:05:37.804529+00:00,2026-07-24T22:05:38.195000+00:00,jvm_threads_states_threads,visits-service,10.42.1.125:8080,"{'__name__': 'jvm_threads_states_threads', 'instance': '10.42.1.125:8080', 'job': 'spring-petclinic', 'state': 'blocked'}",0,same_network,3,300
2026-07-24T22:05:37.804529+00:00,2026-07-24T22:05:38.195000+00:00,jvm_threads_states_threads,visits-service,10.42.1.125:8080,"{'__name__': 'jvm_threads_states_threads', 'instance': '10.42.1.125:8080', 'job': 'spring-petclinic', 'state': 'new'}",0,same_network,3,300
2026-07-24T22:05:37.804529+00:00,2026-07-24T22:05:38.195000+00:00,jvm_threads_states_threads,visits-service,10.42.1.125:8080,"{'__name__': 'jvm_threads_states_threads', 'instance': '10.42.1.125:8080', 'job': 'spring-petclinic', 'state': 'runnable'}",8,same_network,3,300
2026-07-24T22:05:37.804529+00:00,2026-07-24T22:05:38.195000+00:00,jvm_threads_states_threads,visits-service,10.42.1.125:8080,"{'__name__': 'jvm_threads_states_threads', 'instance': '10.42.1.125:8080', 'job': 'spring-petclinic', 'state': 'terminated'}",0,same_network,3,300
2026-07-24T22:05:37.804529+00:00,2026-07-24T22:05:38.195000+00:00,jvm_threads_states_threads,visits-service,10.42.1.125:8080,"{'__name__': 'jvm_threads_states_threads', 'instance': '10.42.1.125:8080', 'job': 'spring-petclinic', 'state': 'timed-waiting'}",25,same_network,3,300
2026-07-24T22:05:37.804529+00:00,2026-07-24T22:05:38.195000+00:00,jvm_threads_states_threads,visits-service,10.42.1.125:8080,"{'__name__': 'jvm_threads_states_threads', 'instance': '10.42.1.125:8080', 'job': 'spring-petclinic', 'state': 'waiting'}",14,same_network,3,300
2026-07-24T22:05:37.804529+00:00,2026-07-24T22:05:38.195000+00:00,jvm_threads_states_threads,customers-service,10.42.1.126:8080,"{'__name__': 'jvm_threads_states_threads', 'instance': '10.42.1.126:8080', 'job': 'spring-petclinic', 'state': 'blocked'}",0,same_network,3,300
2026-07-24T22:05:37.804529+00:00,2026-07-24T22:05:38.195000+00:00,jvm_threads_states_threads,customers-service,10.42.1.126:8080,"{'__name__': 'jvm_threads_states_threads', 'instance': '10.42.1.126:8080', 'job': 'spring-petclinic', 'state': 'new'}",0,same_network,3,300
2026-07-24T22:05:37.804529+00:00,2026-07-24T22:05:38.195000+00:00,jvm_threads_states_threads,customers-service,10.42.1.126:8080,"{'__name__': 'jvm_threads_states_threads', 'instance': '10.42.1.126:8080', 'job': 'spring-petclinic', 'state': 'runnable'}",15,same_network,3,300
2026-07-24T22:05:37.804529+00:00,2026-07-24T22:05:38.195000+00:00,jvm_threads_states_threads,customers-service,10.42.1.126:8080,"{'__name__': 'jvm_threads_states_threads', 'instance': '10.42.1.126:8080', 'job': 'spring-petclinic', 'state': 'terminated'}",0,same_network,3,300
2026-07-24T22:05:37.804529+00:00,2026-07-24T22:05:38.195000+00:00,jvm_threads_states_threads,customers-service,10.42.1.126:8080,"{'__name__': 'jvm_threads_states_threads', 'instance': '10.42.1.126:8080', 'job': 'spring-petclinic', 'state': 'timed-waiting'}",197,same_network,3,300
2026-07-24T22:05:37.804529+00:00,2026-07-24T22:05:38.195000+00:00,jvm_threads_states_threads,customers-service,10.42.1.126:8080,"{'__name__': 'jvm_threads_states_threads', 'instance': '10.42.1.126:8080', 'job': 'spring-petclinic', 'state': 'waiting'}",14,same_network,3,300
2026-07-24T22:05:37.804529+00:00,2026-07-24T22:05:38.195000+00:00,jvm_threads_states_threads,api-gateway,10.42.1.129:8080,"{'__name__': 'jvm_threads_states_threads', 'instance': '10.42.1.129:8080', 'job': 'spring-petclinic', 'state': 'blocked'}",0,same_network,3,300
2026-07-24T22:05:37.804529+00:00,2026-07-24T22:05:38.195000+00:00,jvm_threads_states_threads,api-gateway,10.42.1.129:8080,"{'__name__': 'jvm_threads_states_threads', 'instance': '10.42.1.129:8080', 'job': 'spring-petclinic', 'state': 'new'}",0,same_network,3,300
2026-07-24T22:05:37.804529+00:00,2026-07-24T22:05:38.195000+00:00,jvm_threads_states_threads,api-gateway,10.42.1.129:8080,"{'__name__': 'jvm_threads_states_threads', 'instance': '10.42.1.129:8080', 'job': 'spring-petclinic', 'state': 'runnable'}",14,same_network,3,300
2026-07-24T22:05:37.804529+00:00,2026-07-24T22:05:38.195000+00:00,jvm_threads_states_threads,api-gateway,10.42.1.129:8080,"{'__name__': 'jvm_threads_states_threads', 'instance': '10.42.1.129:8080', 'job': 'spring-petclinic', 'state': 'terminated'}",0,same_network,3,300
2026-07-24T22:05:37.804529+00:00,2026-07-24T22:05:38.195000+00:00,jvm_threads_states_threads,api-gateway,10.42.1.129:8080,"{'__name__': 'jvm_threads_states_threads', 'instance': '10.42.1.129:8080', 'job': 'spring-petclinic', 'state': 'timed-waiting'}",6,same_network,3,300
2026-07-24T22:05:37.804529+00:00,2026-07-24T22:05:38.195000+00:00,jvm_threads_states_threads,api-gateway,10.42.1.129:8080,"{'__name__': 'jvm_threads_states_threads', 'instance': '10.42.1.129:8080', 'job': 'spring-petclinic', 'state': 'waiting'}",16,same_network,3,300
2026-07-24T22:05:37.804529+00:00,2026-07-24T22:05:38.205000+00:00,logback_events_total,customers-service,10.42.0.186:8080,"{'__name__': 'logback_events_total', 'instance': '10.42.0.186:8080', 'job': 'spring-petclinic', 'level': 'debug'}",1231654,same_network,3,300
2026-07-24T22:05:37.804529+00:00,2026-07-24T22:05:38.205000+00:00,logback_events_total,customers-service,10.42.0.186:8080,"{'__name__': 'logback_events_total', 'instance': '10.42.0.186:8080', 'job': 'spring-petclinic', 'level': 'error'}",27,same_network,3,300
2026-07-24T22:05:37.804529+00:00,2026-07-24T22:05:38.205000+00:00,logback_events_total,customers-service,10.42.0.186:8080,"{'__name__': 'logback_events_total', 'instance': '10.42.0.186:8080', 'job': 'spring-petclinic', 'level': 'info'}",39,same_network,3,300
2026-07-24T22:05:37.804529+00:00,2026-07-24T22:05:38.205000+00:00,logback_events_total,customers-service,10.42.0.186:8080,"{'__name__': 'logback_events_total', 'instance': '10.42.0.186:8080', 'job': 'spring-petclinic', 'level': 'trace'}",0,same_network,3,300
2026-07-24T22:05:37.804529+00:00,2026-07-24T22:05:38.205000+00:00,logback_events_total,customers-service,10.42.0.186:8080,"{'__name__': 'logback_events_total', 'instance': '10.42.0.186:8080', 'job': 'spring-petclinic', 'level': 'warn'}",29,same_network,3,300
2026-07-24T22:05:37.804529+00:00,2026-07-24T22:05:38.205000+00:00,logback_events_total,api-gateway,10.42.0.187:8080,"{'__name__': 'logback_events_total', 'instance': '10.42.0.187:8080', 'job': 'spring-petclinic', 'level': 'debug'}",0,same_network,3,300
2026-07-24T22:05:37.804529+00:00,2026-07-24T22:05:38.205000+00:00,logback_events_total,api-gateway,10.42.0.187:8080,"{'__name__': 'logback_events_total', 'instance': '10.42.0.187:8080', 'job': 'spring-petclinic', 'level': 'error'}",51,same_network,3,300
2026-07-24T22:05:37.804529+00:00,2026-07-24T22:05:38.205000+00:00,logback_events_total,api-gateway,10.42.0.187:8080,"{'__name__': 'logback_events_total', 'instance': '10.42.0.187:8080', 'job': 'spring-petclinic', 'level': 'info'}",32,same_network,3,300
2026-07-24T22:05:37.804529+00:00,2026-07-24T22:05:38.205000+00:00,logback_events_total,api-gateway,10.42.0.187:8080,"{'__name__': 'logback_events_total', 'instance': '10.42.0.187:8080', 'job': 'spring-petclinic', 'level': 'trace'}",0,same_network,3,300
2026-07-24T22:05:37.804529+00:00,2026-07-24T22:05:38.205000+00:00,logback_events_total,api-gateway,10.42.0.187:8080,"{'__name__': 'logback_events_total', 'instance': '10.42.0.187:8080', 'job': 'spring-petclinic', 'level': 'warn'}",9,same_network,3,300
2026-07-24T22:05:37.804529+00:00,2026-07-24T22:05:38.205000+00:00,logback_events_total,visits-service,10.42.1.122:8080,"{'__name__': 'logback_events_total', 'instance': '10.42.1.122:8080', 'job': 'spring-petclinic', 'level': 'debug'}",606265,same_network,3,300
2026-07-24T22:05:37.804529+00:00,2026-07-24T22:05:38.205000+00:00,logback_events_total,visits-service,10.42.1.122:8080,"{'__name__': 'logback_events_total', 'instance': '10.42.1.122:8080', 'job': 'spring-petclinic', 'level': 'error'}",317,same_network,3,300
2026-07-24T22:05:37.804529+00:00,2026-07-24T22:05:38.205000+00:00,logback_events_total,visits-service,10.42.1.122:8080,"{'__name__': 'logback_events_total', 'instance': '10.42.1.122:8080', 'job': 'spring-petclinic', 'level': 'info'}",367,same_network,3,300
2026-07-24T22:05:37.804529+00:00,2026-07-24T22:05:38.205000+00:00,logback_events_total,visits-service,10.42.1.122:8080,"{'__name__': 'logback_events_total', 'instance': '10.42.1.122:8080', 'job': 'spring-petclinic', 'level': 'trace'}",0,same_network,3,300
2026-07-24T22:05:37.804529+00:00,2026-07-24T22:05:38.205000+00:00,logback_events_total,visits-service,10.42.1.122:8080,"{'__name__': 'logback_events_total', 'instance': '10.42.1.122:8080', 'job': 'spring-petclinic', 'level': 'warn'}",16,same_network,3,300
2026-07-24T22:05:37.804529+00:00,2026-07-24T22:05:38.205000+00:00,logback_events_total,vets-service,10.42.1.123:8080,"{'__name__': 'logback_events_total', 'instance': '10.42.1.123:8080', 'job': 'spring-petclinic', 'level': 'debug'}",597097,same_network,3,300
2026-07-24T22:05:37.804529+00:00,2026-07-24T22:05:38.205000+00:00,logback_events_total,vets-service,10.42.1.123:8080,"{'__name__': 'logback_events_total', 'instance': '10.42.1.123:8080', 'job': 'spring-petclinic', 'level': 'error'}",317,same_network,3,300
2026-07-24T22:05:37.804529+00:00,2026-07-24T22:05:38.205000+00:00,logback_events_total,vets-service,10.42.1.123:8080,"{'__name__': 'logback_events_total', 'instance': '10.42.1.123:8080', 'job': 'spring-petclinic', 'level': 'info'}",367,same_network,3,300
2026-07-24T22:05:37.804529+00:00,2026-07-24T22:05:38.205000+00:00,logback_events_total,vets-service,10.42.1.123:8080,"{'__name__': 'logback_events_total', 'instance': '10.42.1.123:8080', 'job': 'spring-petclinic', 'level': 'trace'}",0,same_network,3,300
2026-07-24T22:05:37.804529+00:00,2026-07-24T22:05:38.205000+00:00,logback_events_total,vets-service,10.42.1.123:8080,"{'__name__': 'logback_events_total', 'instance': '10.42.1.123:8080', 'job': 'spring-petclinic', 'level': 'warn'}",15,same_network,3,300
2026-07-24T22:05:37.804529+00:00,2026-07-24T22:05:38.205000+00:00,logback_events_total,vets-service,10.42.1.124:8080,"{'__name__': 'logback_events_total', 'instance': '10.42.1.124:8080', 'job': 'spring-petclinic', 'level': 'debug'}",605638,same_network,3,300
2026-07-24T22:05:37.804529+00:00,2026-07-24T22:05:38.205000+00:00,logback_events_total,vets-service,10.42.1.124:8080,"{'__name__': 'logback_events_total', 'instance': '10.42.1.124:8080', 'job': 'spring-petclinic', 'level': 'error'}",316,same_network,3,300
2026-07-24T22:05:37.804529+00:00,2026-07-24T22:05:38.205000+00:00,logback_events_total,vets-service,10.42.1.124:8080,"{'__name__': 'logback_events_total', 'instance': '10.42.1.124:8080', 'job': 'spring-petclinic', 'level': 'info'}",366,same_network,3,300
2026-07-24T22:05:37.804529+00:00,2026-07-24T22:05:38.205000+00:00,logback_events_total,vets-service,10.42.1.124:8080,"{'__name__': 'logback_events_total', 'instance': '10.42.1.124:8080', 'job': 'spring-petclinic', 'level': 'trace'}",0,same_network,3,300
2026-07-24T22:05:37.804529+00:00,2026-07-24T22:05:38.205000+00:00,logback_events_total,vets-service,10.42.1.124:8080,"{'__name__': 'logback_events_total', 'instance': '10.42.1.124:8080', 'job': 'spring-petclinic', 'level': 'warn'}",15,same_network,3,300
2026-07-24T22:05:37.804529+00:00,2026-07-24T22:05:38.205000+00:00,logback_events_total,visits-service,10.42.1.125:8080,"{'__name__': 'logback_events_total', 'instance': '10.42.1.125:8080', 'job': 'spring-petclinic', 'level': 'debug'}",597973,same_network,3,300
2026-07-24T22:05:37.804529+00:00,2026-07-24T22:05:38.205000+00:00,logback_events_total,visits-service,10.42.1.125:8080,"{'__name__': 'logback_events_total', 'instance': '10.42.1.125:8080', 'job': 'spring-petclinic', 'level': 'error'}",315,same_network,3,300
2026-07-24T22:05:37.804529+00:00,2026-07-24T22:05:38.205000+00:00,logback_events_total,visits-service,10.42.1.125:8080,"{'__name__': 'logback_events_total', 'instance': '10.42.1.125:8080', 'job': 'spring-petclinic', 'level': 'info'}",365,same_network,3,300
2026-07-24T22:05:37.804529+00:00,2026-07-24T22:05:38.205000+00:00,logback_events_total,visits-service,10.42.1.125:8080,"{'__name__': 'logback_events_total', 'instance': '10.42.1.125:8080', 'job': 'spring-petclinic', 'level': 'trace'}",0,same_network,3,300
2026-07-24T22:05:37.804529+00:00,2026-07-24T22:05:38.205000+00:00,logback_events_total,visits-service,10.42.1.125:8080,"{'__name__': 'logback_events_total', 'instance': '10.42.1.125:8080', 'job': 'spring-petclinic', 'level': 'warn'}",15,same_network,3,300
2026-07-24T22:05:37.804529+00:00,2026-07-24T22:05:38.205000+00:00,logback_events_total,customers-service,10.42.1.126:8080,"{'__name__': 'logback_events_total', 'instance': '10.42.1.126:8080', 'job': 'spring-petclinic', 'level': 'debug'}",1185189,same_network,3,300
2026-07-24T22:05:37.804529+00:00,2026-07-24T22:05:38.205000+00:00,logback_events_total,customers-service,10.42.1.126:8080,"{'__name__': 'logback_events_total', 'instance': '10.42.1.126:8080', 'job': 'spring-petclinic', 'level': 'error'}",316,same_network,3,300
2026-07-24T22:05:37.804529+00:00,2026-07-24T22:05:38.205000+00:00,logback_events_total,customers-service,10.42.1.126:8080,"{'__name__': 'logback_events_total', 'instance': '10.42.1.126:8080', 'job': 'spring-petclinic', 'level': 'info'}",366,same_network,3,300
2026-07-24T22:05:37.804529+00:00,2026-07-24T22:05:38.205000+00:00,logback_events_total,customers-service,10.42.1.126:8080,"{'__name__': 'logback_events_total', 'instance': '10.42.1.126:8080', 'job': 'spring-petclinic', 'level': 'trace'}",0,same_network,3,300
2026-07-24T22:05:37.804529+00:00,2026-07-24T22:05:38.205000+00:00,logback_events_total,customers-service,10.42.1.126:8080,"{'__name__': 'logback_events_total', 'instance': '10.42.1.126:8080', 'job': 'spring-petclinic', 'level': 'warn'}",15,same_network,3,300
2026-07-24T22:05:37.804529+00:00,2026-07-24T22:05:38.205000+00:00,logback_events_total,api-gateway,10.42.1.129:8080,"{'__name__': 'logback_events_total', 'instance': '10.42.1.129:8080', 'job': 'spring-petclinic', 'level': 'debug'}",0,same_network,3,300
2026-07-24T22:05:37.804529+00:00,2026-07-24T22:05:38.205000+00:00,logback_events_total,api-gateway,10.42.1.129:8080,"{'__name__': 'logback_events_total', 'instance': '10.42.1.129:8080', 'job': 'spring-petclinic', 'level': 'error'}",0,same_network,3,300
2026-07-24T22:05:37.804529+00:00,2026-07-24T22:05:38.205000+00:00,logback_events_total,api-gateway,10.42.1.129:8080,"{'__name__': 'logback_events_total', 'instance': '10.42.1.129:8080', 'job': 'spring-petclinic', 'level': 'info'}",32,same_network,3,300
2026-07-24T22:05:37.804529+00:00,2026-07-24T22:05:38.205000+00:00,logback_events_total,api-gateway,10.42.1.129:8080,"{'__name__': 'logback_events_total', 'instance': '10.42.1.129:8080', 'job': 'spring-petclinic', 'level': 'trace'}",0,same_network,3,300
2026-07-24T22:05:37.804529+00:00,2026-07-24T22:05:38.205000+00:00,logback_events_total,api-gateway,10.42.1.129:8080,"{'__name__': 'logback_events_total', 'instance': '10.42.1.129:8080', 'job': 'spring-petclinic', 'level': 'warn'}",8,same_network,3,300
2026-07-24T22:05:37.804529+00:00,2026-07-24T22:05:38.211000+00:00,process_files_open_files,customers-service,10.42.0.186:8080,"{'__name__': 'process_files_open_files', 'instance': '10.42.0.186:8080', 'job': 'spring-petclinic'}",214,same_network,3,300
2026-07-24T22:05:37.804529+00:00,2026-07-24T22:05:38.211000+00:00,process_files_open_files,api-gateway,10.42.0.187:8080,"{'__name__': 'process_files_open_files', 'instance': '10.42.0.187:8080', 'job': 'spring-petclinic'}",660,same_network,3,300
2026-07-24T22:05:37.804529+00:00,2026-07-24T22:05:38.211000+00:00,process_files_open_files,visits-service,10.42.1.122:8080,"{'__name__': 'process_files_open_files', 'instance': '10.42.1.122:8080', 'job': 'spring-petclinic'}",31,same_network,3,300
2026-07-24T22:05:37.804529+00:00,2026-07-24T22:05:38.211000+00:00,process_files_open_files,vets-service,10.42.1.123:8080,"{'__name__': 'process_files_open_files', 'instance': '10.42.1.123:8080', 'job': 'spring-petclinic'}",76,same_network,3,300
2026-07-24T22:05:37.804529+00:00,2026-07-24T22:05:38.211000+00:00,process_files_open_files,vets-service,10.42.1.124:8080,"{'__name__': 'process_files_open_files', 'instance': '10.42.1.124:8080', 'job': 'spring-petclinic'}",61,same_network,3,300
2026-07-24T22:05:37.804529+00:00,2026-07-24T22:05:38.211000+00:00,process_files_open_files,visits-service,10.42.1.125:8080,"{'__name__': 'process_files_open_files', 'instance': '10.42.1.125:8080', 'job': 'spring-petclinic'}",30,same_network,3,300
2026-07-24T22:05:37.804529+00:00,2026-07-24T22:05:38.211000+00:00,process_files_open_files,customers-service,10.42.1.126:8080,"{'__name__': 'process_files_open_files', 'instance': '10.42.1.126:8080', 'job': 'spring-petclinic'}",211,same_network,3,300
2026-07-24T22:05:37.804529+00:00,2026-07-24T22:05:38.211000+00:00,process_files_open_files,api-gateway,10.42.1.129:8080,"{'__name__': 'process_files_open_files', 'instance': '10.42.1.129:8080', 'job': 'spring-petclinic'}",477,same_network,3,300
2026-07-24T22:05:37.804529+00:00,2026-07-24T22:05:38.219000+00:00,up,customers-service,10.42.0.186:8080,"{'__name__': 'up', 'instance': '10.42.0.186:8080', 'job': 'spring-petclinic'}",1,same_network,3,300
2026-07-24T22:05:37.804529+00:00,2026-07-24T22:05:38.219000+00:00,up,api-gateway,10.42.0.187:8080,"{'__name__': 'up', 'instance': '10.42.0.187:8080', 'job': 'spring-petclinic'}",1,same_network,3,300
2026-07-24T22:05:37.804529+00:00,2026-07-24T22:05:38.219000+00:00,up,visits-service,10.42.1.122:8080,"{'__name__': 'up', 'instance': '10.42.1.122:8080', 'job': 'spring-petclinic'}",1,same_network,3,300
2026-07-24T22:05:37.804529+00:00,2026-07-24T22:05:38.219000+00:00,up,vets-service,10.42.1.123:8080,"{'__name__': 'up', 'instance': '10.42.1.123:8080', 'job': 'spring-petclinic'}",1,same_network,3,300
2026-07-24T22:05:37.804529+00:00,2026-07-24T22:05:38.219000+00:00,up,vets-service,10.42.1.124:8080,"{'__name__': 'up', 'instance': '10.42.1.124:8080', 'job': 'spring-petclinic'}",1,same_network,3,300
2026-07-24T22:05:37.804529+00:00,2026-07-24T22:05:38.219000+00:00,up,visits-service,10.42.1.125:8080,"{'__name__': 'up', 'instance': '10.42.1.125:8080', 'job': 'spring-petclinic'}",1,same_network,3,300
2026-07-24T22:05:37.804529+00:00,2026-07-24T22:05:38.219000+00:00,up,customers-service,10.42.1.126:8080,"{'__name__': 'up', 'instance': '10.42.1.126:8080', 'job': 'spring-petclinic'}",1,same_network,3,300
2026-07-24T22:05:37.804529+00:00,2026-07-24T22:05:38.219000+00:00,up,api-gateway,10.42.1.129:8080,"{'__name__': 'up', 'instance': '10.42.1.129:8080', 'job': 'spring-petclinic'}",1,same_network,3,300
2026-07-24T22:05:37.804529+00:00,2026-07-24T22:05:38.227000+00:00,zipkin_reporter_messages_bytes_total,customers-service,10.42.0.186:8080,"{'__name__': 'zipkin_reporter_messages_bytes_total', 'instance': '10.42.0.186:8080', 'job': 'spring-petclinic'}",616260710,same_network,3,300
2026-07-24T22:05:37.804529+00:00,2026-07-24T22:05:38.227000+00:00,zipkin_reporter_messages_bytes_total,api-gateway,10.42.0.187:8080,"{'__name__': 'zipkin_reporter_messages_bytes_total', 'instance': '10.42.0.187:8080', 'job': 'spring-petclinic'}",1386576876,same_network,3,300
2026-07-24T22:05:37.804529+00:00,2026-07-24T22:05:38.227000+00:00,zipkin_reporter_messages_bytes_total,visits-service,10.42.1.122:8080,"{'__name__': 'zipkin_reporter_messages_bytes_total', 'instance': '10.42.1.122:8080', 'job': 'spring-petclinic'}",139160450,same_network,3,300
2026-07-24T22:05:37.804529+00:00,2026-07-24T22:05:38.227000+00:00,zipkin_reporter_messages_bytes_total,vets-service,10.42.1.123:8080,"{'__name__': 'zipkin_reporter_messages_bytes_total', 'instance': '10.42.1.123:8080', 'job': 'spring-petclinic'}",293908287,same_network,3,300
2026-07-24T22:05:37.804529+00:00,2026-07-24T22:05:38.227000+00:00,zipkin_reporter_messages_bytes_total,vets-service,10.42.1.124:8080,"{'__name__': 'zipkin_reporter_messages_bytes_total', 'instance': '10.42.1.124:8080', 'job': 'spring-petclinic'}",298182950,same_network,3,300
2026-07-24T22:05:37.804529+00:00,2026-07-24T22:05:38.227000+00:00,zipkin_reporter_messages_bytes_total,visits-service,10.42.1.125:8080,"{'__name__': 'zipkin_reporter_messages_bytes_total', 'instance': '10.42.1.125:8080', 'job': 'spring-petclinic'}",137260061,same_network,3,300
2026-07-24T22:05:37.804529+00:00,2026-07-24T22:05:38.227000+00:00,zipkin_reporter_messages_bytes_total,customers-service,10.42.1.126:8080,"{'__name__': 'zipkin_reporter_messages_bytes_total', 'instance': '10.42.1.126:8080', 'job': 'spring-petclinic'}",592446580,same_network,3,300
2026-07-24T22:05:37.804529+00:00,2026-07-24T22:05:38.227000+00:00,zipkin_reporter_messages_bytes_total,api-gateway,10.42.1.129:8080,"{'__name__': 'zipkin_reporter_messages_bytes_total', 'instance': '10.42.1.129:8080', 'job': 'spring-petclinic'}",14211261,same_network,3,300
2026-07-24T22:05:37.804529+00:00,2026-07-24T22:05:38.231000+00:00,zipkin_reporter_messages_dropped_total,customers-service,10.42.0.186:8080,"{'__name__': 'zipkin_reporter_messages_dropped_total', 'cause': 'ResourceAccessException', 'instance': '10.42.0.186:8080', 'job': 'spring-petclinic'}",83,same_network,3,300
2026-07-24T22:05:37.804529+00:00,2026-07-24T22:05:38.231000+00:00,zipkin_reporter_messages_dropped_total,api-gateway,10.42.0.187:8080,"{'__name__': 'zipkin_reporter_messages_dropped_total', 'cause': 'ResourceAccessException', 'instance': '10.42.0.187:8080', 'job': 'spring-petclinic'}",98,same_network,3,300
2026-07-24T22:05:37.804529+00:00,2026-07-24T22:05:38.231000+00:00,zipkin_reporter_messages_dropped_total,visits-service,10.42.1.122:8080,"{'__name__': 'zipkin_reporter_messages_dropped_total', 'cause': 'ResourceAccessException', 'instance': '10.42.1.122:8080', 'job': 'spring-petclinic'}",97,same_network,3,300
2026-07-24T22:05:37.804529+00:00,2026-07-24T22:05:38.231000+00:00,zipkin_reporter_messages_dropped_total,vets-service,10.42.1.123:8080,"{'__name__': 'zipkin_reporter_messages_dropped_total', 'cause': 'ResourceAccessException', 'instance': '10.42.1.123:8080', 'job': 'spring-petclinic'}",96,same_network,3,300
2026-07-24T22:05:37.804529+00:00,2026-07-24T22:05:38.231000+00:00,zipkin_reporter_messages_dropped_total,vets-service,10.42.1.124:8080,"{'__name__': 'zipkin_reporter_messages_dropped_total', 'cause': 'ResourceAccessException', 'instance': '10.42.1.124:8080', 'job': 'spring-petclinic'}",90,same_network,3,300
2026-07-24T22:05:37.804529+00:00,2026-07-24T22:05:38.231000+00:00,zipkin_reporter_messages_dropped_total,visits-service,10.42.1.125:8080,"{'__name__': 'zipkin_reporter_messages_dropped_total', 'cause': 'ResourceAccessException', 'instance': '10.42.1.125:8080', 'job': 'spring-petclinic'}",92,same_network,3,300
2026-07-24T22:05:37.804529+00:00,2026-07-24T22:05:38.231000+00:00,zipkin_reporter_messages_dropped_total,customers-service,10.42.1.126:8080,"{'__name__': 'zipkin_reporter_messages_dropped_total', 'cause': 'ResourceAccessException', 'instance': '10.42.1.126:8080', 'job': 'spring-petclinic'}",99,same_network,3,300
2026-07-24T22:05:37.804529+00:00,2026-07-24T22:05:38.231000+00:00,zipkin_reporter_messages_dropped_total,api-gateway,10.42.1.129:8080,"{'__name__': 'zipkin_reporter_messages_dropped_total', 'cause': 'ResourceAccessException', 'instance': '10.42.1.129:8080', 'job': 'spring-petclinic'}",3,same_network,3,300
2026-07-24T22:05:37.804529+00:00,2026-07-24T22:05:38.236000+00:00,zipkin_reporter_messages_total,customers-service,10.42.0.186:8080,"{'__name__': 'zipkin_reporter_messages_total', 'instance': '10.42.0.186:8080', 'job': 'spring-petclinic'}",9766,same_network,3,300
2026-07-24T22:05:37.804529+00:00,2026-07-24T22:05:38.236000+00:00,zipkin_reporter_messages_total,api-gateway,10.42.0.187:8080,"{'__name__': 'zipkin_reporter_messages_total', 'instance': '10.42.0.187:8080', 'job': 'spring-petclinic'}",9758,same_network,3,300
2026-07-24T22:05:37.804529+00:00,2026-07-24T22:05:38.236000+00:00,zipkin_reporter_messages_total,visits-service,10.42.1.122:8080,"{'__name__': 'zipkin_reporter_messages_total', 'instance': '10.42.1.122:8080', 'job': 'spring-petclinic'}",9929,same_network,3,300
2026-07-24T22:05:37.804529+00:00,2026-07-24T22:05:38.236000+00:00,zipkin_reporter_messages_total,vets-service,10.42.1.123:8080,"{'__name__': 'zipkin_reporter_messages_total', 'instance': '10.42.1.123:8080', 'job': 'spring-petclinic'}",9963,same_network,3,300
2026-07-24T22:05:37.804529+00:00,2026-07-24T22:05:38.236000+00:00,zipkin_reporter_messages_total,vets-service,10.42.1.124:8080,"{'__name__': 'zipkin_reporter_messages_total', 'instance': '10.42.1.124:8080', 'job': 'spring-petclinic'}",9976,same_network,3,300
2026-07-24T22:05:37.804529+00:00,2026-07-24T22:05:38.236000+00:00,zipkin_reporter_messages_total,visits-service,10.42.1.125:8080,"{'__name__': 'zipkin_reporter_messages_total', 'instance': '10.42.1.125:8080', 'job': 'spring-petclinic'}",9799,same_network,3,300
2026-07-24T22:05:37.804529+00:00,2026-07-24T22:05:38.236000+00:00,zipkin_reporter_messages_total,customers-service,10.42.1.126:8080,"{'__name__': 'zipkin_reporter_messages_total', 'instance': '10.42.1.126:8080', 'job': 'spring-petclinic'}",9900,same_network,3,300
2026-07-24T22:05:37.804529+00:00,2026-07-24T22:05:38.236000+00:00,zipkin_reporter_messages_total,api-gateway,10.42.1.129:8080,"{'__name__': 'zipkin_reporter_messages_total', 'instance': '10.42.1.129:8080', 'job': 'spring-petclinic'}",212,same_network,3,300
2026-07-24T22:05:37.804529+00:00,2026-07-24T22:05:38.242000+00:00,zipkin_reporter_queue_bytes,customers-service,10.42.0.186:8080,"{'__name__': 'zipkin_reporter_queue_bytes', 'instance': '10.42.0.186:8080', 'job': 'spring-petclinic'}",0,same_network,3,300
2026-07-24T22:05:37.804529+00:00,2026-07-24T22:05:38.242000+00:00,zipkin_reporter_queue_bytes,api-gateway,10.42.0.187:8080,"{'__name__': 'zipkin_reporter_queue_bytes', 'instance': '10.42.0.187:8080', 'job': 'spring-petclinic'}",0,same_network,3,300
2026-07-24T22:05:37.804529+00:00,2026-07-24T22:05:38.242000+00:00,zipkin_reporter_queue_bytes,visits-service,10.42.1.122:8080,"{'__name__': 'zipkin_reporter_queue_bytes', 'instance': '10.42.1.122:8080', 'job': 'spring-petclinic'}",0,same_network,3,300
2026-07-24T22:05:37.804529+00:00,2026-07-24T22:05:38.242000+00:00,zipkin_reporter_queue_bytes,vets-service,10.42.1.123:8080,"{'__name__': 'zipkin_reporter_queue_bytes', 'instance': '10.42.1.123:8080', 'job': 'spring-petclinic'}",0,same_network,3,300
2026-07-24T22:05:37.804529+00:00,2026-07-24T22:05:38.242000+00:00,zipkin_reporter_queue_bytes,vets-service,10.42.1.124:8080,"{'__name__': 'zipkin_reporter_queue_bytes', 'instance': '10.42.1.124:8080', 'job': 'spring-petclinic'}",0,same_network,3,300
2026-07-24T22:05:37.804529+00:00,2026-07-24T22:05:38.242000+00:00,zipkin_reporter_queue_bytes,visits-service,10.42.1.125:8080,"{'__name__': 'zipkin_reporter_queue_bytes', 'instance': '10.42.1.125:8080', 'job': 'spring-petclinic'}",0,same_network,3,300
2026-07-24T22:05:37.804529+00:00,2026-07-24T22:05:38.242000+00:00,zipkin_reporter_queue_bytes,customers-service,10.42.1.126:8080,"{'__name__': 'zipkin_reporter_queue_bytes', 'instance': '10.42.1.126:8080', 'job': 'spring-petclinic'}",0,same_network,3,300
2026-07-24T22:05:37.804529+00:00,2026-07-24T22:05:38.242000+00:00,zipkin_reporter_queue_bytes,api-gateway,10.42.1.129:8080,"{'__name__': 'zipkin_reporter_queue_bytes', 'instance': '10.42.1.129:8080', 'job': 'spring-petclinic'}",0,same_network,3,300
2026-07-24T22:05:37.804529+00:00,2026-07-24T22:05:38.247000+00:00,zipkin_reporter_queue_spans,customers-service,10.42.0.186:8080,"{'__name__': 'zipkin_reporter_queue_spans', 'instance': '10.42.0.186:8080', 'job': 'spring-petclinic'}",0,same_network,3,300
2026-07-24T22:05:37.804529+00:00,2026-07-24T22:05:38.247000+00:00,zipkin_reporter_queue_spans,api-gateway,10.42.0.187:8080,"{'__name__': 'zipkin_reporter_queue_spans', 'instance': '10.42.0.187:8080', 'job': 'spring-petclinic'}",0,same_network,3,300
2026-07-24T22:05:37.804529+00:00,2026-07-24T22:05:38.247000+00:00,zipkin_reporter_queue_spans,visits-service,10.42.1.122:8080,"{'__name__': 'zipkin_reporter_queue_spans', 'instance': '10.42.1.122:8080', 'job': 'spring-petclinic'}",0,same_network,3,300
2026-07-24T22:05:37.804529+00:00,2026-07-24T22:05:38.247000+00:00,zipkin_reporter_queue_spans,vets-service,10.42.1.123:8080,"{'__name__': 'zipkin_reporter_queue_spans', 'instance': '10.42.1.123:8080', 'job': 'spring-petclinic'}",0,same_network,3,300
2026-07-24T22:05:37.804529+00:00,2026-07-24T22:05:38.247000+00:00,zipkin_reporter_queue_spans,vets-service,10.42.1.124:8080,"{'__name__': 'zipkin_reporter_queue_spans', 'instance': '10.42.1.124:8080', 'job': 'spring-petclinic'}",0,same_network,3,300
2026-07-24T22:05:37.804529+00:00,2026-07-24T22:05:38.247000+00:00,zipkin_reporter_queue_spans,visits-service,10.42.1.125:8080,"{'__name__': 'zipkin_reporter_queue_spans', 'instance': '10.42.1.125:8080', 'job': 'spring-petclinic'}",0,same_network,3,300
2026-07-24T22:05:37.804529+00:00,2026-07-24T22:05:38.247000+00:00,zipkin_reporter_queue_spans,customers-service,10.42.1.126:8080,"{'__name__': 'zipkin_reporter_queue_spans', 'instance': '10.42.1.126:8080', 'job': 'spring-petclinic'}",0,same_network,3,300
2026-07-24T22:05:37.804529+00:00,2026-07-24T22:05:38.247000+00:00,zipkin_reporter_queue_spans,api-gateway,10.42.1.129:8080,"{'__name__': 'zipkin_reporter_queue_spans', 'instance': '10.42.1.129:8080', 'job': 'spring-petclinic'}",0,same_network,3,300
2026-07-24T22:05:37.804529+00:00,2026-07-24T22:05:38.251000+00:00,zipkin_reporter_spans_bytes_total,customers-service,10.42.0.186:8080,"{'__name__': 'zipkin_reporter_spans_bytes_total', 'instance': '10.42.0.186:8080', 'job': 'spring-petclinic'}",615046237,same_network,3,300
2026-07-24T22:05:37.804529+00:00,2026-07-24T22:05:38.251000+00:00,zipkin_reporter_spans_bytes_total,api-gateway,10.42.0.187:8080,"{'__name__': 'zipkin_reporter_spans_bytes_total', 'instance': '10.42.0.187:8080', 'job': 'spring-petclinic'}",1384265542,same_network,3,300
2026-07-24T22:05:37.804529+00:00,2026-07-24T22:05:38.251000+00:00,zipkin_reporter_spans_bytes_total,visits-service,10.42.1.122:8080,"{'__name__': 'zipkin_reporter_spans_bytes_total', 'instance': '10.42.1.122:8080', 'job': 'spring-petclinic'}",138858136,same_network,3,300
2026-07-24T22:05:37.804529+00:00,2026-07-24T22:05:38.251000+00:00,zipkin_reporter_spans_bytes_total,vets-service,10.42.1.123:8080,"{'__name__': 'zipkin_reporter_spans_bytes_total', 'instance': '10.42.1.123:8080', 'job': 'spring-petclinic'}",293335817,same_network,3,300
2026-07-24T22:05:37.804529+00:00,2026-07-24T22:05:38.251000+00:00,zipkin_reporter_spans_bytes_total,vets-service,10.42.1.124:8080,"{'__name__': 'zipkin_reporter_spans_bytes_total', 'instance': '10.42.1.124:8080', 'job': 'spring-petclinic'}",297592926,same_network,3,300
2026-07-24T22:05:37.804529+00:00,2026-07-24T22:05:38.251000+00:00,zipkin_reporter_spans_bytes_total,visits-service,10.42.1.125:8080,"{'__name__': 'zipkin_reporter_spans_bytes_total', 'instance': '10.42.1.125:8080', 'job': 'spring-petclinic'}",136958753,same_network,3,300
2026-07-24T22:05:37.804529+00:00,2026-07-24T22:05:38.251000+00:00,zipkin_reporter_spans_bytes_total,customers-service,10.42.1.126:8080,"{'__name__': 'zipkin_reporter_spans_bytes_total', 'instance': '10.42.1.126:8080', 'job': 'spring-petclinic'}",591315469,same_network,3,300
2026-07-24T22:05:37.804529+00:00,2026-07-24T22:05:38.251000+00:00,zipkin_reporter_spans_bytes_total,api-gateway,10.42.1.129:8080,"{'__name__': 'zipkin_reporter_spans_bytes_total', 'instance': '10.42.1.129:8080', 'job': 'spring-petclinic'}",14206209,same_network,3,300
2026-07-24T22:05:37.804529+00:00,2026-07-24T22:05:38.258000+00:00,zipkin_reporter_spans_dropped_total,customers-service,10.42.0.186:8080,"{'__name__': 'zipkin_reporter_spans_dropped_total', 'instance': '10.42.0.186:8080', 'job': 'spring-petclinic'}",13169,same_network,3,300
2026-07-24T22:05:37.804529+00:00,2026-07-24T22:05:38.258000+00:00,zipkin_reporter_spans_dropped_total,api-gateway,10.42.0.187:8080,"{'__name__': 'zipkin_reporter_spans_dropped_total', 'instance': '10.42.0.187:8080', 'job': 'spring-petclinic'}",65084,same_network,3,300
2026-07-24T22:05:37.804529+00:00,2026-07-24T22:05:38.258000+00:00,zipkin_reporter_spans_dropped_total,visits-service,10.42.1.122:8080,"{'__name__': 'zipkin_reporter_spans_dropped_total', 'instance': '10.42.1.122:8080', 'job': 'spring-petclinic'}",3411,same_network,3,300
2026-07-24T22:05:37.804529+00:00,2026-07-24T22:05:38.258000+00:00,zipkin_reporter_spans_dropped_total,vets-service,10.42.1.123:8080,"{'__name__': 'zipkin_reporter_spans_dropped_total', 'instance': '10.42.1.123:8080', 'job': 'spring-petclinic'}",6685,same_network,3,300
2026-07-24T22:05:37.804529+00:00,2026-07-24T22:05:38.258000+00:00,zipkin_reporter_spans_dropped_total,vets-service,10.42.1.124:8080,"{'__name__': 'zipkin_reporter_spans_dropped_total', 'instance': '10.42.1.124:8080', 'job': 'spring-petclinic'}",6712,same_network,3,300
2026-07-24T22:05:37.804529+00:00,2026-07-24T22:05:38.258000+00:00,zipkin_reporter_spans_dropped_total,visits-service,10.42.1.125:8080,"{'__name__': 'zipkin_reporter_spans_dropped_total', 'instance': '10.42.1.125:8080', 'job': 'spring-petclinic'}",3523,same_network,3,300
2026-07-24T22:05:37.804529+00:00,2026-07-24T22:05:38.258000+00:00,zipkin_reporter_spans_dropped_total,customers-service,10.42.1.126:8080,"{'__name__': 'zipkin_reporter_spans_dropped_total', 'instance': '10.42.1.126:8080', 'job': 'spring-petclinic'}",14987,same_network,3,300
2026-07-24T22:05:37.804529+00:00,2026-07-24T22:05:38.258000+00:00,zipkin_reporter_spans_dropped_total,api-gateway,10.42.1.129:8080,"{'__name__': 'zipkin_reporter_spans_dropped_total', 'instance': '10.42.1.129:8080', 'job': 'spring-petclinic'}",763,same_network,3,300
2026-07-24T22:05:37.804529+00:00,2026-07-24T22:05:38.263000+00:00,zipkin_reporter_spans_total,customers-service,10.42.0.186:8080,"{'__name__': 'zipkin_reporter_spans_total', 'instance': '10.42.0.186:8080', 'job': 'spring-petclinic'}",1226858,same_network,3,300
2026-07-24T22:05:37.804529+00:00,2026-07-24T22:05:38.263000+00:00,zipkin_reporter_spans_total,api-gateway,10.42.0.187:8080,"{'__name__': 'zipkin_reporter_spans_total', 'instance': '10.42.0.187:8080', 'job': 'spring-petclinic'}",4654761,same_network,3,300
2026-07-24T22:05:37.804529+00:00,2026-07-24T22:05:38.263000+00:00,zipkin_reporter_spans_total,visits-service,10.42.1.122:8080,"{'__name__': 'zipkin_reporter_spans_total', 'instance': '10.42.1.122:8080', 'job': 'spring-petclinic'}",300268,same_network,3,300
2026-07-24T22:05:37.804529+00:00,2026-07-24T22:05:38.263000+00:00,zipkin_reporter_spans_total,vets-service,10.42.1.123:8080,"{'__name__': 'zipkin_reporter_spans_total', 'instance': '10.42.1.123:8080', 'job': 'spring-petclinic'}",591362,same_network,3,300
2026-07-24T22:05:37.804529+00:00,2026-07-24T22:05:38.263000+00:00,zipkin_reporter_spans_total,vets-service,10.42.1.124:8080,"{'__name__': 'zipkin_reporter_spans_total', 'instance': '10.42.1.124:8080', 'job': 'spring-petclinic'}",599948,same_network,3,300
2026-07-24T22:05:37.804529+00:00,2026-07-24T22:05:38.263000+00:00,zipkin_reporter_spans_total,visits-service,10.42.1.125:8080,"{'__name__': 'zipkin_reporter_spans_total', 'instance': '10.42.1.125:8080', 'job': 'spring-petclinic'}",296145,same_network,3,300
2026-07-24T22:05:37.804529+00:00,2026-07-24T22:05:38.263000+00:00,zipkin_reporter_spans_total,customers-service,10.42.1.126:8080,"{'__name__': 'zipkin_reporter_spans_total', 'instance': '10.42.1.126:8080', 'job': 'spring-petclinic'}",1179524,same_network,3,300
2026-07-24T22:05:37.804529+00:00,2026-07-24T22:05:38.263000+00:00,zipkin_reporter_spans_total,api-gateway,10.42.1.129:8080,"{'__name__': 'zipkin_reporter_spans_total', 'instance': '10.42.1.129:8080', 'job': 'spring-petclinic'}",47754,same_network,3,300
